1200222
1176229
1152235
1128242
1104248
1080255
1056261
1032268
1008274
984281
960287
936294
912300
888307
864313
840319
816326
792332
768339
744345
720352
696358
672365
648371
624378
600384
576391
552397
528404
504410
480417
456423
432430
408436
384443
360449
336456
312462
288469
264475
240481
216488
192494
168501
144507
120514
96520
72527
48533
24540
48533
72527
96520
120514
144507
168501
192494
216488
240481
264475
288469
312462
336456
360449
384443
408436
432430
456423
480417
504410
528404
552397
576391
600384
624378
648371
672365
696358
720352
744345
768339
792332
816326
840319
864313
888307
912300
936294
960287
984281
1008274
1032268
1056261
1080255
1104248
1128242
1152235
1176229
1200222
1224216
-5660
-4813
-3957
-3115
-2293
-1496
-759
-57
569
1137
1646
2090
2479
2803
3082
3312
3511
3661
3786
3885
3970
4045
4105
4150
4185
4229
4254
4279
4304
4329
4354
4364
4394
4414
4419
4439
4454
4464
4469
4484
4499
4504
4519
4534
4539
4549
4559
4564
4569
4584
4534
4494
4464
4439
4404
4369
4339
4309
4269
4244
4210
4185
4150
4130
4095
4060
4035
3995
3960
3925
3890
3845
3801
3761
3716
3651
3586
3521
3441
3362
3252
3132
3003
2843
2639
2404
2115
1781
1377
928
414
-166
-814
-1541
-2333
-3219
-4161
-5177
-6263
-7398