1200200
1176210
1152219
1128229
1104238
1080248
1056258
1032267
1008277
984286
960296
936306
912315
888325
864334
840344
816354
792363
768373
744382
720392
696402
672411
648421
624430
600440
576450
552459
528469
504478
480488
456498
432507
408517
384526
360536
336546
312555
288565
264574
240584
216594
192603
168613
144622
120632
96642
72651
48661
24670
48661
72651
96642
120632
144622
168613
192603
216594
240584
264574
288565
312555
336546
360536
384526
408517
432507
456498
480488
504478
528469
552459
576450
600440
624430
648421
672411
696402
720392
744382
768373
792363
816354
840344
864334
888325
912315
936306
960296
984286
1008277
1032267
1056258
1080248
1104238
1128229
1152219
1176210
1200200
1224190
-4495
-4022
-3614
-3250
-2892
-2548
-2214
-1886
-1567
-1248
-944
-646
-352
-73
197
451
695
909
1119
1298
1452
1597
1707
1796
1866
1916
1966
1991
2016
2025
2040
2050
2050
2055
2055
2065
2065
2060
2065
2065
2060
2065
2055
2060
2060
2060
2055
2050
2050
2055
1996
1971
1951
1931
1916
2120
1811
1861
1846
1846
1836
1821
1806
1791
1781
1766
1751
1731
1722
1702
1682
1657
1622
1597
1547
1497
1432
1348
1243
1119
954
780
570
346
102
-163
-436
-730
-1024
-1338
-1647
-1965
-2294
-2623
-2952
-3285
-3624
-3958
-4301
-4640