1200222
1176229
1152235
1128242
1104248
1080255
1056261
1032268
1008274
984281
960287
936294
912300
888307
864313
840319
816326
792332
768339
744345
720352
696358
672365
648371
624378
600384
576391
552397
528404
504410
480417
456423
432430
408436
384443
360449
336456
312462
288469
264475
240481
216488
192494
168501
144507
120514
96520
72527
48533
24540
48533
72527
96520
120514
144507
168501
192494
216488
240481
264475
288469
312462
336456
360449
384443
408436
432430
456423
480417
504410
528404
552397
576391
600384
624378
648371
672365
696358
720352
744345
768339
792332
816326
840319
864313
888307
912300
936294
960287
984281
1008274
1032268
1056261
1080255
1104248
1128242
1152235
1176229
1200222
1224216
-1999
-1914
-1740
-1551
-1332
-1103
-888
-674
-480
-296
-126
20
145
245
329
389
434
469
489
504
514
524
524
529
529
529
529
534
539
534
529
539
539
534
534
539
534
534
534
529
539
529
534
534
539
539
534
529
534
534
534
524
524
519
514
514
509
514
504
504
509
499
499
499
494
494
489
484
484
474
474
469
469
464
454
449
439
434
424
409
394
374
349
314
260
200
120
20
-112
-256
-425
-610
-824
-1058
-1297
-1556
-1785
-714
-1725
-87