1200222
1176229
1152235
1128242
1104248
1080255
1056261
1032268
1008274
984281
960287
936294
912300
888307
864313
840319
816326
792332
768339
744345
720352
696358
672365
648371
624378
600384
576391
552397
528404
504410
480417
456423
432430
408436
384443
360449
336456
312462
288469
264475
240481
216488
192494
168501
144507
120514
96520
72527
48533
24540
48533
72527
96520
120514
144507
168501
192494
216488
240481
264475
288469
312462
336456
360449
384443
408436
432430
456423
480417
504410
528404
552397
576391
600384
624378
648371
672365
696358
720352
744345
768339
792332
816326
840319
864313
888307
912300
936294
960287
984281
1008274
1032268
1056261
1080255
1104248
1128242
1152235
1176229
1200222
1224216
-6865
-6477
-5869
-5207
-4554
-3907
-3294
-2711
-2173
-1675
-1217
-804
-450
-146
115
329
494
619
713
778
828
868
883
903
923
943
953
963
983
988
998
1008
1018
1033
1048
1053
1058
1063
1073
1082
1087
1102
1112
1117
1127
1132
1142
1142
1157
1152
1137
1127
1117
1112
1097
1082
1078
1068
1058
1048
1033
1023
1013
1008
993
983
968
958
943
928
918
903
888
873
858
838
813
788
763
728
684
619
534
419
270
75
-161
-460
-814
-1222
-1705
-2258
-2886
-3618
-4425
-5321
-6287
-7323
-8409
-9535