1200200
1176210
1152219
1128229
1104238
1080248
1056258
1032267
1008277
984286
960296
936306
912315
888325
864334
840344
816354
792363
768373
744382
720392
696402
672411
648421
624430
600440
576450
552459
528469
504478
480488
456498
432507
408517
384526
360536
336546
312555
288565
264574
240584
216594
192603
168613
144622
120632
96642
72651
48661
24670
48661
72651
96642
120632
144622
168613
192603
216594
240584
264574
288565
312555
336546
360536
384526
408517
432507
456498
480488
504478
528469
552459
576450
600440
624430
648421
672411
696402
720392
744382
768373
792363
816354
840344
864334
888325
912315
936306
960296
984286
1008277
1032267
1056258
1080248
1104238
1128229
1152219
1176210
1200200
1224190
-2762
-2543
-2349
-2175
-1985
-1811
-1632
-1452
-1273
-1099
-925
-755
-586
-431
-292
-153
-33
82
182
256
321
371
416
436
456
476
486
496
501
506
511
511
516
521
516
521
521
526
526
531
531
531
526
531
531
536
526
536
531
541
531
526
526
511
506
501
501
491
491
486
486
481
476
471
471
461
461
461
446
441
436
426
421
406
381
361
336
296
252
187
117
37
-73
-182
-312
-461
-611
-770
-935
-1109
-1283
-1462
-1642
-1826
-2005
-2180
-2359
-2543
-2722
-2902