1200222
1176229
1152235
1128242
1104248
1080255
1056261
1032268
1008274
984281
960287
936294
912300
888307
864313
840319
816326
792332
768339
744345
720352
696358
672365
648371
624378
600384
576391
552397
528404
504410
480417
456423
432430
408436
384443
360449
336456
312462
288469
264475
240481
216488
192494
168501
144507
120514
96520
72527
48533
24540
48533
72527
96520
120514
144507
168501
192494
216488
240481
264475
288469
312462
336456
360449
384443
408436
432430
456423
480417
504410
528404
552397
576391
600384
624378
648371
672365
696358
720352
744345
768339
792332
816326
840319
864313
888307
912300
936294
960287
984281
1008274
1032268
1056261
1080255
1104248
1128242
1152235
1176229
1200222
1224216
-4365
-4330
-3902
-3269
-2592
-1944
-1352
-869
-460
-126
135
329
469
569
639
684
713
738
758
753
758
758
763
763
758
758
758
758
758
753
758
758
748
748
748
753
748
753
753
753
748
748
743
753
748
743
743
743
748
748
738
733
733
723
718
718
713
713
708
708
703
703
703
698
698
693
688
688
684
684
679
679
669
664
659
654
644
644
634
624
609
609
589
569
539
494
434
344
200
-2
-266
-625
-1088
-1660
-2373
-3239
-4240
-5406
-6706
-8140