1200222
1176229
1152235
1128242
1104248
1080255
1056261
1032268
1008274
984281
960287
936294
912300
888307
864313
840319
816326
792332
768339
744345
720352
696358
672365
648371
624378
600384
576391
552397
528404
504410
480417
456423
432430
408436
384443
360449
336456
312462
288469
264475
240481
216488
192494
168501
144507
120514
96520
72527
48533
24540
48533
72527
96520
120514
144507
168501
192494
216488
240481
264475
288469
312462
336456
360449
384443
408436
432430
456423
480417
504410
528404
552397
576391
600384
624378
648371
672365
696358
720352
744345
768339
792332
816326
840319
864313
888307
912300
936294
960287
984281
1008274
1032268
1056261
1080255
1104248
1128242
1152235
1176229
1200222
1224216
-8016
-7423
-6681
-5909
-5122
-4355
-3608
-2896
-2233
-1611
-1033
-510
-57
349
688
973
1202
1382
1506
1591
1651
1691
1726
1756
1771
1791
1806
1821
1831
1841
1856
1866
1875
1880
1890
1900
1905
1910
1920
1930
1930
1945
1945
1960
1965
1970
1980
1980
1985
1990
1965
1950
1935
1925
1910
1890
1880
1870
1851
1841
1831
1816
1806
1791
1776
1766
1756
1736
1731
1706
1696
1681
1661
1641
1621
1596
1571
1541
1501
1462
1397
1312
1202
1043
833
569
245
-141
-595
-1123
-1720
-2393
-3150
-3996
-4923
-5929
-7010
-8145
-9331
-10197