1200222
1176229
1152235
1128242
1104248
1080255
1056261
1032268
1008274
984281
960287
936294
912300
888307
864313
840319
816326
792332
768339
744345
720352
696358
672365
648371
624378
600384
576391
552397
528404
504410
480417
456423
432430
408436
384443
360449
336456
312462
288469
264475
240481
216488
192494
168501
144507
120514
96520
72527
48533
24540
48533
72527
96520
120514
144507
168501
192494
216488
240481
264475
288469
312462
336456
360449
384443
408436
432430
456423
480417
504410
528404
552397
576391
600384
624378
648371
672365
696358
720352
744345
768339
792332
816326
840319
864313
888307
912300
936294
960287
984281
1008274
1032268
1056261
1080255
1104248
1128242
1152235
1176229
1200222
1224216
-7637
-7114
-6437
-5720
-5002
-4305
-3618
-2960
-2348
-1780
-1247
-774
-351
20
329
594
808
973
1092
1177
1232
1277
1307
1327
1347
1362
1382
1392
1402
1417
1427
1437
1447
1457
1467
1476
1486
1491
1501
1511
1516
1526
1531
1541
1546
1551
1556
1571
1576
1581
1556
1541
1526
1516
1506
1486
1481
1472
1462
1452
1442
1427
1417
1407
1392
1377
1377
1357
1342
1327
1312
1297
1282
1262
1247
1217
1202
1167
1132
1092
1033
948
843
698
504
265
-22
-380
-789
-1262
-1805
-2423
-3135
-3932
-4818
-5799
-6855
-7961
-9121
-10197