1200222
1176229
1152235
1128242
1104248
1080255
1056261
1032268
1008274
984281
960287
936294
912300
888307
864313
840319
816326
792332
768339
744345
720352
696358
672365
648371
624378
600384
576391
552397
528404
504410
480417
456423
432430
408436
384443
360449
336456
312462
288469
264475
240481
216488
192494
168501
144507
120514
96520
72527
48533
24540
48533
72527
96520
120514
144507
168501
192494
216488
240481
264475
288469
312462
336456
360449
384443
408436
432430
456423
480417
504410
528404
552397
576391
600384
624378
648371
672365
696358
720352
744345
768339
792332
816326
840319
864313
888307
912300
936294
960287
984281
1008274
1032268
1056261
1080255
1104248
1128242
1152235
1176229
1200222
1224216
-7617
-7104
-6422
-5715
-5002
-4295
-3613
-2965
-2353
-1785
-1257
-784
-361
-2
314
574
788
948
1063
1147
1202
1252
1282
1307
1327
1342
1357
1367
1377
1392
1402
1412
1427
1432
1447
1452
1462
1472
1476
1491
1491
1501
1516
1516
1531
1536
1541
1546
1551
1551
1541
1526
1516
1496
1481
1476
1467
1447
1442
1427
1417
1407
1392
1382
1377
1362
1347
1337
1322
1307
1297
1272
1257
1237
1222
1207
1177
1152
1117
1073
1013
938
823
679
489
250
-37
-385
-794
-1267
-1815
-2432
-3130
-3927
-4808
-5789
-6835
-7946
-9097
-10197