1200222
1176229
1152235
1128242
1104248
1080255
1056261
1032268
1008274
984281
960287
936294
912300
888307
864313
840319
816326
792332
768339
744345
720352
696358
672365
648371
624378
600384
576391
552397
528404
504410
480417
456423
432430
408436
384443
360449
336456
312462
288469
264475
240481
216488
192494
168501
144507
120514
96520
72527
48533
24540
48533
72527
96520
120514
144507
168501
192494
216488
240481
264475
288469
312462
336456
360449
384443
408436
432430
456423
480417
504410
528404
552397
576391
600384
624378
648371
672365
696358
720352
744345
768339
792332
816326
840319
864313
888307
912300
936294
960287
984281
1008274
1032268
1056261
1080255
1104248
1128242
1152235
1176229
1200222
1224216
-7856
-7299
-6527
-5700
-4878
-4066
-3289
-2542
-1845
-1207
-615
-82
379
793
1127
1392
1601
1761
1870
1955
2010
2065
2095
2125
2145
2165
2175
2195
2215
2225
2240
2250
2255
2264
2269
2284
2294
2304
2314
2319
2329
2339
2344
2344
2364
2369
2374
2384
2389
2399
2364
2339
2324
2304
2289
2274
2259
2240
2230
2215
2200
2185
2170
2155
2140
2125
2115
2095
2085
2065
2045
2030
2005
1985
1960
1940
1910
1875
1831
1791
1726
1656
1546
1412
1222
958
634
245
-226
-774
-1401
-2104
-2881
-3737
-4674
-5690
-6766
-7911
-9097
-10197