1200222
1176229
1152235
1128242
1104248
1080255
1056261
1032268
1008274
984281
960287
936294
912300
888307
864313
840319
816326
792332
768339
744345
720352
696358
672365
648371
624378
600384
576391
552397
528404
504410
480417
456423
432430
408436
384443
360449
336456
312462
288469
264475
240481
216488
192494
168501
144507
120514
96520
72527
48533
24540
48533
72527
96520
120514
144507
168501
192494
216488
240481
264475
288469
312462
336456
360449
384443
408436
432430
456423
480417
504410
528404
552397
576391
600384
624378
648371
672365
696358
720352
744345
768339
792332
816326
840319
864313
888307
912300
936294
960287
984281
1008274
1032268
1056261
1080255
1104248
1128242
1152235
1176229
1200222
1224216
-5774
-4843
-3882
-2926
-1994
-1098
-261
499
1212
1836
2389
2863
3262
3596
3880
4120
4314
4479
4614
4733
4828
4898
4963
5008
5057
5092
5122
5152
5187
5202
5222
5237
5252
5272
5287
5297
5302
5327
5337
5347
5357
5362
5367
5377
5387
5397
5406
5411
5426
5426
5382
5337
5297
5267
5227
5197
5167
5137
5102
5072
5032
5003
4968
4933
4898
4858
4828
4788
4753
4703
4663
4604
4554
4499
4444
4374
4299
4220
4115
4010
3880
3741
3561
3372
3132
2853
2534
2150
1726
1237
693
85
-590
-1322
-2119
-2975
-3897
-4878
-5909
-6985