1200222
1176229
1152235
1128242
1104248
1080255
1056261
1032268
1008274
984281
960287
936294
912300
888307
864313
840319
816326
792332
768339
744345
720352
696358
672365
648371
624378
600384
576391
552397
528404
504410
480417
456423
432430
408436
384443
360449
336456
312462
288469
264475
240481
216488
192494
168501
144507
120514
96520
72527
48533
24540
48533
72527
96520
120514
144507
168501
192494
216488
240481
264475
288469
312462
336456
360449
384443
408436
432430
456423
480417
504410
528404
552397
576391
600384
624378
648371
672365
696358
720352
744345
768339
792332
816326
840319
864313
888307
912300
936294
960287
984281
1008274
1032268
1056261
1080255
1104248
1128242
1152235
1176229
1200222
1224216
-6686
-6327
-5745
-5097
-4455
-3822
-3224
-2652
-2124
-1631
-1192
-794
-455
-151
95
304
464
584
669
733
783
808
838
858
873
888
903
913
923
943
948
963
968
983
983
998
1008
1023
1028
1038
1038
1053
1058
1068
1078
1078
1092
1092
1102
1102
1092
1078
1068
1058
1043
1038
1023
1013
1003
993
988
978
968
953
943
933
923
913
893
883
878
858
843
823
808
788
768
748
723
688
644
579
504
394
245
60
-176
-455
-794
-1202
-1675
-2213
-2841
-3543
-4340
-5222
-6173
-7189
-8265
-9380