1200222
1176229
1152235
1128242
1104248
1080255
1056261
1032268
1008274
984281
960287
936294
912300
888307
864313
840319
816326
792332
768339
744345
720352
696358
672365
648371
624378
600384
576391
552397
528404
504410
480417
456423
432430
408436
384443
360449
336456
312462
288469
264475
240481
216488
192494
168501
144507
120514
96520
72527
48533
24540
48533
72527
96520
120514
144507
168501
192494
216488
240481
264475
288469
312462
336456
360449
384443
408436
432430
456423
480417
504410
528404
552397
576391
600384
624378
648371
672365
696358
720352
744345
768339
792332
816326
840319
864313
888307
912300
936294
960287
984281
1008274
1032268
1056261
1080255
1104248
1128242
1152235
1176229
1200222
1224216
-4589
-4365
-3837
-3125
-2368
-1631
-983
-440
-12
324
574
763
898
1003
1063
1102
1137
1152
1157
1167
1172
1167
1172
1177
1167
1167
1162
1172
1172
1172
1172
1167
1167
1162
1162
1167
1162
1167
1167
1167
1162
1162
1162
1167
1162
1162
1162
1157
1167
1162
1157
1147
1142
1137
1132
1127
1127
1127
1122
1112
1112
1102
1107
1092
1097
1087
1087
1082
1073
1068
1073
1053
1053
1038
1033
1023
1023
1008
1003
993
983
963
943
928
903
868
818
743
629
459
210
-136
-600
-1217
-2009
-2980
-4126
-5436
-6885
-8459