1200222
1176229
1152235
1128242
1104248
1080255
1056261
1032268
1008274
984281
960287
936294
912300
888307
864313
840319
816326
792332
768339
744345
720352
696358
672365
648371
624378
600384
576391
552397
528404
504410
480417
456423
432430
408436
384443
360449
336456
312462
288469
264475
240481
216488
192494
168501
144507
120514
96520
72527
48533
24540
48533
72527
96520
120514
144507
168501
192494
216488
240481
264475
288469
312462
336456
360449
384443
408436
432430
456423
480417
504410
528404
552397
576391
600384
624378
648371
672365
696358
720352
744345
768339
792332
816326
840319
864313
888307
912300
936294
960287
984281
1008274
1032268
1056261
1080255
1104248
1128242
1152235
1176229
1200222
1224216
-6980
-6402
-5630
-4808
-3976
-3155
-2363
-1621
-928
-291
280
788
1232
1601
1905
2145
2324
2469
2579
2663
2728
2783
2823
2863
2893
2923
2953
2968
2993
3008
3028
3047
3057
3077
3092
3107
3112
3132
3142
3152
3167
3177
3182
3197
3207
3217
3227
3237
3247
3252
3222
3192
3162
3142
3117
3087
3067
3043
3023
2998
2983
2958
2933
2913
2893
2868
2838
2818
2798
2773
2748
2718
2693
2658
2624
2589
2544
2499
2449
2399
2329
2240
2140
2005
1836
1621
1337
978
534
25
-580
-1267
-2029
-2866
-3782
-4768
-5834
-6955
-8130
-9341