1200222
1176229
1152235
1128242
1104248
1080255
1056261
1032268
1008274
984281
960287
936294
912300
888307
864313
840319
816326
792332
768339
744345
720352
696358
672365
648371
624378
600384
576391
552397
528404
504410
480417
456423
432430
408436
384443
360449
336456
312462
288469
264475
240481
216488
192494
168501
144507
120514
96520
72527
48533
24540
48533
72527
96520
120514
144507
168501
192494
216488
240481
264475
288469
312462
336456
360449
384443
408436
432430
456423
480417
504410
528404
552397
576391
600384
624378
648371
672365
696358
720352
744345
768339
792332
816326
840319
864313
888307
912300
936294
960287
984281
1008274
1032268
1056261
1080255
1104248
1128242
1152235
1176229
1200222
1224216
-5540
-4629
-3737
-2861
-2019
-1217
-455
230
863
1427
1935
2369
2748
3062
3337
3561
3751
3910
4030
4140
4220
4289
4349
4404
4449
4479
4509
4539
4554
4579
4594
4618
4633
4648
4673
4678
4698
4708
4713
4728
4733
4743
4748
4763
4778
4788
4793
4803
4808
4818
4763
4728
4698
4663
4628
4604
4574
4539
4504
4479
4444
4414
4384
4354
4324
4289
4254
4224
4180
4150
4115
4070
4025
3980
3925
3865
3801
3726
3646
3561
3456
3332
3187
3013
2803
2559
2279
1940
1551
1092
589
20
-620
-1332
-2114
-2975
-3902
-4903
-5964
-7089