1200222
1176229
1152235
1128242
1104248
1080255
1056261
1032268
1008274
984281
960287
936294
912300
888307
864313
840319
816326
792332
768339
744345
720352
696358
672365
648371
624378
600384
576391
552397
528404
504410
480417
456423
432430
408436
384443
360449
336456
312462
288469
264475
240481
216488
192494
168501
144507
120514
96520
72527
48533
24540
48533
72527
96520
120514
144507
168501
192494
216488
240481
264475
288469
312462
336456
360449
384443
408436
432430
456423
480417
504410
528404
552397
576391
600384
624378
648371
672365
696358
720352
744345
768339
792332
816326
840319
864313
888307
912300
936294
960287
984281
1008274
1032268
1056261
1080255
1104248
1128242
1152235
1176229
1200222
1224216
-7299
-6835
-6193
-5506
-4813
-4141
-3493
-2881
-2293
-1755
-1267
-824
-435
-97
185
424
614
763
868
943
998
1033
1068
1082
1097
1117
1127
1147
1152
1172
1177
1192
1202
1217
1222
1237
1247
1247
1257
1267
1277
1282
1297
1302
1307
1322
1332
1327
1332
1342
1322
1312
1297
1287
1272
1262
1257
1242
1232
1222
1212
1207
1187
1172
1172
1157
1142
1127
1117
1097
1082
1073
1058
1038
1028
1003
983
958
918
878
828
758
664
529
359
140
-121
-440
-824
-1262
-1780
-2368
-3045
-3807
-4659
-5595
-6611
-7687
-8813
-9968