1200222
1176229
1152235
1128242
1104248
1080255
1056261
1032268
1008274
984281
960287
936294
912300
888307
864313
840319
816326
792332
768339
744345
720352
696358
672365
648371
624378
600384
576391
552397
528404
504410
480417
456423
432430
408436
384443
360449
336456
312462
288469
264475
240481
216488
192494
168501
144507
120514
96520
72527
48533
24540
48533
72527
96520
120514
144507
168501
192494
216488
240481
264475
288469
312462
336456
360449
384443
408436
432430
456423
480417
504410
528404
552397
576391
600384
624378
648371
672365
696358
720352
744345
768339
792332
816326
840319
864313
888307
912300
936294
960287
984281
1008274
1032268
1056261
1080255
1104248
1128242
1152235
1176229
1200222
1224216
-7777
-7224
-6527
-5799
-5072
-4350
-3648
-2980
-2348
-1760
-1222
-734
-301
70
399
664
893
1063
1177
1267
1327
1367
1402
1422
1442
1457
1476
1486
1496
1511
1521
1526
1546
1546
1561
1571
1576
1591
1601
1606
1616
1616
1626
1631
1646
1646
1651
1661
1666
1671
1651
1636
1621
1611
1591
1581
1571
1561
1551
1536
1521
1516
1506
1491
1476
1467
1462
1442
1422
1417
1397
1382
1372
1347
1337
1302
1282
1252
1217
1172
1112
1033
918
768
564
319
15
-341
-749
-1242
-1805
-2432
-3160
-3967
-4868
-5854
-6915
-8036
-9196
-10197