1200222
1176229
1152235
1128242
1104248
1080255
1056261
1032268
1008274
984281
960287
936294
912300
888307
864313
840319
816326
792332
768339
744345
720352
696358
672365
648371
624378
600384
576391
552397
528404
504410
480417
456423
432430
408436
384443
360449
336456
312462
288469
264475
240481
216488
192494
168501
144507
120514
96520
72527
48533
24540
48533
72527
96520
120514
144507
168501
192494
216488
240481
264475
288469
312462
336456
360449
384443
408436
432430
456423
480417
504410
528404
552397
576391
600384
624378
648371
672365
696358
720352
744345
768339
792332
816326
840319
864313
888307
912300
936294
960287
984281
1008274
1032268
1056261
1080255
1104248
1128242
1152235
1176229
1200222
1224216
-3927
-4081
-3747
-3209
-2622
-2059
-1536
-1078
-679
-356
-92
110
270
384
469
524
564
584
599
609
614
619
619
624
619
624
619
614
614
619
619
619
614
624
619
609
614
614
614
619
619
614
614
619
614
619
619
614
614
614
609
599
599
599
594
594
589
589
584
584
579
579
574
574
569
564
569
564
559
554
549
549
544
539
529
529
519
504
509
489
484
474
454
429
379
324
245
125
-27
-241
-510
-854
-1282
-1810
-2442
-3190
-4076
-5097
-6238
-7503