1200222
1176229
1152235
1128242
1104248
1080255
1056261
1032268
1008274
984281
960287
936294
912300
888307
864313
840319
816326
792332
768339
744345
720352
696358
672365
648371
624378
600384
576391
552397
528404
504410
480417
456423
432430
408436
384443
360449
336456
312462
288469
264475
240481
216488
192494
168501
144507
120514
96520
72527
48533
24540
48533
72527
96520
120514
144507
168501
192494
216488
240481
264475
288469
312462
336456
360449
384443
408436
432430
456423
480417
504410
528404
552397
576391
600384
624378
648371
672365
696358
720352
744345
768339
792332
816326
840319
864313
888307
912300
936294
960287
984281
1008274
1032268
1056261
1080255
1104248
1128242
1152235
1176229
1200222
1224216
-4544
-4325
-3797
-3130
-2423
-1750
-1147
-639
-231
105
349
534
664
763
833
883
908
923
933
943
948
938
943
938
948
938
933
928
938
933
933
928
928
928
928
928
933
923
928
923
928
928
928
923
928
923
928
928
928
928
918
913
908
908
898
898
893
888
883
883
878
878
873
873
863
868
863
853
853
843
843
838
833
828
818
823
808
803
793
783
778
768
748
738
708
674
614
539
419
235
-27
-361
-829
-1421
-2169
-3060
-4126
-5346
-6711
-8215