1200200
1176210
1152219
1128229
1104238
1080248
1056258
1032267
1008277
984286
960296
936306
912315
888325
864334
840344
816354
792363
768373
744382
720392
696402
672411
648421
624430
600440
576450
552459
528469
504478
480488
456498
432507
408517
384526
360536
336546
312555
288565
264574
240584
216594
192603
168613
144622
120632
96642
72651
48661
24670
48661
72651
96642
120632
144622
168613
192603
216594
240584
264574
288565
312555
336546
360536
384526
408517
432507
456498
480488
504478
528469
552459
576450
600440
624430
648421
672411
696402
720392
744382
768373
792363
816354
840344
864334
888325
912315
936306
960296
984286
1008277
1032267
1056258
1080248
1104238
1128229
1152219
1176210
1200200
1224190
-2468
-2279
-2110
-1950
-1786
-1637
-1462
-1313
-1159
-1004
-850
-705
-561
-417
-292
-173
-63
32
117
187
242
286
316
346
356
376
381
396
396
396
406
406
411
406
411
411
416
426
416
421
416
421
426
426
431
431
426
426
426
431
431
421
416
411
411
406
401
401
391
391
386
381
381
381
371
366
366
356
356
346
346
336
326
316
301
281
256
222
182
122
67
-23
-103
-217
-327
-446
-576
-715
-865
-1014
-1164
-1323
-1487
-1642
-1796
-1955
-2115
-2274
-2439
-2598