1200222
1176229
1152235
1128242
1104248
1080255
1056261
1032268
1008274
984281
960287
936294
912300
888307
864313
840319
816326
792332
768339
744345
720352
696358
672365
648371
624378
600384
576391
552397
528404
504410
480417
456423
432430
408436
384443
360449
336456
312462
288469
264475
240481
216488
192494
168501
144507
120514
96520
72527
48533
24540
48533
72527
96520
120514
144507
168501
192494
216488
240481
264475
288469
312462
336456
360449
384443
408436
432430
456423
480417
504410
528404
552397
576391
600384
624378
648371
672365
696358
720352
744345
768339
792332
816326
840319
864313
888307
912300
936294
960287
984281
1008274
1032268
1056261
1080255
1104248
1128242
1152235
1176229
1200222
1224216
-4450
-4335
-3857
-3199
-2512
-1855
-1267
-769
-361
-37
210
399
539
629
698
743
773
793
803
808
813
818
823
813
818
813
813
813
803
803
803
803
798
803
803
798
803
803
798
798
798
798
793
793
793
793
793
798
798
798
793
783
778
778
773
758
768
758
758
758
753
753
748
748
748
743
743
733
733
728
723
718
718
713
703
703
693
688
684
664
664
654
634
609
594
549
494
404
275
85
-181
-525
-973
-1556
-2278
-3130
-4161
-5336
-6646
-8090