1200222
1176229
1152235
1128242
1104248
1080255
1056261
1032268
1008274
984281
960287
936294
912300
888307
864313
840319
816326
792332
768339
744345
720352
696358
672365
648371
624378
600384
576391
552397
528404
504410
480417
456423
432430
408436
384443
360449
336456
312462
288469
264475
240481
216488
192494
168501
144507
120514
96520
72527
48533
24540
48533
72527
96520
120514
144507
168501
192494
216488
240481
264475
288469
312462
336456
360449
384443
408436
432430
456423
480417
504410
528404
552397
576391
600384
624378
648371
672365
696358
720352
744345
768339
792332
816326
840319
864313
888307
912300
936294
960287
984281
1008274
1032268
1056261
1080255
1104248
1128242
1152235
1176229
1200222
1224216
-6556
-6213
-5640
-5007
-4385
-3767
-3175
-2612
-2099
-1621
-1177
-794
-460
-171
75
270
429
539
634
693
733
763
788
808
823
838
863
868
883
893
898
913
923
933
938
953
963
968
978
988
998
1003
1008
1018
1028
1028
1043
1048
1053
1058
1038
1033
1023
1003
998
988
983
973
958
953
943
933
918
913
898
883
883
863
858
843
828
813
798
778
763
748
723
703
674
644
594
539
459
354
215
30
-191
-475
-804
-1197
-1656
-2183
-2796
-3493
-4280
-5142
-6083
-7084
-8145
-9251