1200222
1176229
1152235
1128242
1104248
1080255
1056261
1032268
1008274
984281
960287
936294
912300
888307
864313
840319
816326
792332
768339
744345
720352
696358
672365
648371
624378
600384
576391
552397
528404
504410
480417
456423
432430
408436
384443
360449
336456
312462
288469
264475
240481
216488
192494
168501
144507
120514
96520
72527
48533
24540
48533
72527
96520
120514
144507
168501
192494
216488
240481
264475
288469
312462
336456
360449
384443
408436
432430
456423
480417
504410
528404
552397
576391
600384
624378
648371
672365
696358
720352
744345
768339
792332
816326
840319
864313
888307
912300
936294
960287
984281
1008274
1032268
1056261
1080255
1104248
1128242
1152235
1176229
1200222
1224216
-3862
-4011
-3688
-3165
-2582
-2034
-1526
-1073
-694
-366
-97
100
260
379
459
514
559
579
594
604
604
614
614
614
609
604
614
619
614
614
604
609
609
614
609
614
609
609
604
614
609
609
609
609
609
609
609
609
604
604
599
594
594
589
584
589
579
579
579
574
569
569
564
564
559
554
559
554
554
544
544
539
539
534
529
524
514
504
494
489
479
464
444
419
369
314
240
120
-42
-241
-515
-854
-1272
-1790
-2398
-3130
-3986
-4978
-6093
-7318