1200200
1176210
1152219
1128229
1104238
1080248
1056258
1032267
1008277
984286
960296
936306
912315
888325
864334
840344
816354
792363
768373
744382
720392
696402
672411
648421
624430
600440
576450
552459
528469
504478
480488
456498
432507
408517
384526
360536
336546
312555
288565
264574
240584
216594
192603
168613
144622
120632
96642
72651
48661
24670
48661
72651
96642
120632
144622
168613
192603
216594
240584
264574
288565
312555
336546
360536
384526
408517
432507
456498
480488
504478
528469
552459
576450
600440
624430
648421
672411
696402
720392
744382
768373
792363
816354
840344
864334
888325
912315
936306
960296
984286
1008277
1032267
1056258
1080248
1104238
1128229
1152219
1176210
1200200
1224190
-4461
-3968
-3554
-3176
-2822
-2488
-2150
-1826
-1512
-1193
-885
-581
-282
12
291
575
840
1099
1343
1577
1801
1991
2175
2339
2474
2594
2683
2768
2828
2868
2907
2937
2962
2977
2992
2997
3002
3007
3007
3012
3012
3007
3012
3007
3007
3007
3002
3002
2992
2992
2893
2838
2793
2763
2738
2708
2688
2668
2643
2623
2609
2584
2564
2539
2519
2494
2474
2449
2419
2389
2349
2305
2255
2190
2115
2011
1906
1766
1602
1413
1213
979
745
476
207
-83
-367
-666
-969
-1278
-1592
-1906
-2219
-2543
-2862
-3191
-3509
-3838
-4167
-4490