1200222
1176229
1152235
1128242
1104248
1080255
1056261
1032268
1008274
984281
960287
936294
912300
888307
864313
840319
816326
792332
768339
744345
720352
696358
672365
648371
624378
600384
576391
552397
528404
504410
480417
456423
432430
408436
384443
360449
336456
312462
288469
264475
240481
216488
192494
168501
144507
120514
96520
72527
48533
24540
48533
72527
96520
120514
144507
168501
192494
216488
240481
264475
288469
312462
336456
360449
384443
408436
432430
456423
480417
504410
528404
552397
576391
600384
624378
648371
672365
696358
720352
744345
768339
792332
816326
840319
864313
888307
912300
936294
960287
984281
1008274
1032268
1056261
1080255
1104248
1128242
1152235
1176229
1200222
1224216
-7054
-6631
-5999
-5336
-4659
-4006
-3374
-2781
-2228
-1705
-1237
-819
-445
-131
145
364
539
674
773
843
888
923
948
973
993
1008
1023
1033
1043
1063
1068
1078
1087
1092
1107
1112
1122
1137
1147
1147
1162
1167
1177
1187
1187
1202
1212
1212
1222
1227
1212
1192
1182
1177
1162
1147
1142
1132
1122
1117
1102
1092
1082
1068
1053
1043
1033
1028
1013
993
983
973
953
933
918
898
878
848
818
783
733
669
579
464
304
105
-146
-450
-814
-1247
-1735
-2303
-2955
-3693
-4524
-5436
-6427
-7478
-8574
-9714