1200222
1176229
1152235
1128242
1104248
1080255
1056261
1032268
1008274
984281
960287
936294
912300
888307
864313
840319
816326
792332
768339
744345
720352
696358
672365
648371
624378
600384
576391
552397
528404
504410
480417
456423
432430
408436
384443
360449
336456
312462
288469
264475
240481
216488
192494
168501
144507
120514
96520
72527
48533
24540
48533
72527
96520
120514
144507
168501
192494
216488
240481
264475
288469
312462
336456
360449
384443
408436
432430
456423
480417
504410
528404
552397
576391
600384
624378
648371
672365
696358
720352
744345
768339
792332
816326
840319
864313
888307
912300
936294
960287
984281
1008274
1032268
1056261
1080255
1104248
1128242
1152235
1176229
1200222
1224216
-7642
-7084
-6312
-5476
-4639
-3822
-3035
-2283
-1586
-933
-341
185
649
1038
1367
1626
1821
1970
2085
2165
2230
2274
2309
2339
2359
2379
2404
2424
2429
2449
2464
2474
2494
2504
2509
2519
2529
2539
2549
2554
2569
2579
2584
2599
2604
2614
2619
2624
2629
2639
2609
2589
2569
2544
2529
2509
2489
2479
2464
2434
2424
2414
2389
2379
2359
2339
2324
2309
2294
2269
2250
2230
2210
2185
2155
2130
2095
2060
2020
1965
1910
1836
1741
1606
1427
1187
878
484
20
-520
-1147
-1855
-2642
-3503
-4440
-5446
-6522
-7657
-8843
-10083