1200222
1176229
1152235
1128242
1104248
1080255
1056261
1032268
1008274
984281
960287
936294
912300
888307
864313
840319
816326
792332
768339
744345
720352
696358
672365
648371
624378
600384
576391
552397
528404
504410
480417
456423
432430
408436
384443
360449
336456
312462
288469
264475
240481
216488
192494
168501
144507
120514
96520
72527
48533
24540
48533
72527
96520
120514
144507
168501
192494
216488
240481
264475
288469
312462
336456
360449
384443
408436
432430
456423
480417
504410
528404
552397
576391
600384
624378
648371
672365
696358
720352
744345
768339
792332
816326
840319
864313
888307
912300
936294
960287
984281
1008274
1032268
1056261
1080255
1104248
1128242
1152235
1176229
1200222
1224216
-7229
-6781
-6148
-5461
-4783
-4116
-3468
-2856
-2283
-1750
-1262
-829
-435
-112
180
409
599
743
848
928
978
1013
1043
1068
1082
1097
1112
1127
1137
1147
1162
1172
1177
1192
1202
1207
1222
1232
1237
1252
1262
1267
1272
1277
1292
1292
1307
1307
1312
1317
1307
1292
1277
1267
1262
1242
1242
1227
1217
1202
1197
1182
1172
1162
1147
1132
1122
1112
1092
1082
1073
1053
1038
1023
1003
983
963
933
903
863
808
738
644
519
354
140
-131
-445
-824
-1267
-1770
-2358
-3025
-3787
-4639
-5575
-6581
-7657
-8773
-9928