1200222
1176229
1152235
1128242
1104248
1080255
1056261
1032268
1008274
984281
960287
936294
912300
888307
864313
840319
816326
792332
768339
744345
720352
696358
672365
648371
624378
600384
576391
552397
528404
504410
480417
456423
432430
408436
384443
360449
336456
312462
288469
264475
240481
216488
192494
168501
144507
120514
96520
72527
48533
24540
48533
72527
96520
120514
144507
168501
192494
216488
240481
264475
288469
312462
336456
360449
384443
408436
432430
456423
480417
504410
528404
552397
576391
600384
624378
648371
672365
696358
720352
744345
768339
792332
816326
840319
864313
888307
912300
936294
960287
984281
1008274
1032268
1056261
1080255
1104248
1128242
1152235
1176229
1200222
1224216
-4529
-4440
-3952
-3289
-2587
-1924
-1327
-829
-415
-87
170
364
504
599
674
723
748
768
778
788
788
793
793
793
788
793
793
788
788
788
788
783
783
783
778
783
783
778
783
778
773
778
778
778
773
773
773
773
768
778
768
763
763
753
753
748
743
743
738
738
733
733
728
728
728
718
718
713
708
708
703
703
698
688
684
679
669
669
664
649
644
629
614
599
564
524
469
374
240
45
-221
-575
-1033
-1611
-2333
-3185
-4211
-5381
-6701
-8135