1200200
1176210
1152219
1128229
1104238
1080248
1056258
1032267
1008277
984286
960296
936306
912315
888325
864334
840344
816354
792363
768373
744382
720392
696402
672411
648421
624430
600440
576450
552459
528469
504478
480488
456498
432507
408517
384526
360536
336546
312555
288565
264574
240584
216594
192603
168613
144622
120632
96642
72651
48661
24670
48661
72651
96642
120632
144622
168613
192603
216594
240584
264574
288565
312555
336546
360536
384526
408517
432507
456498
480488
504478
528469
552459
576450
600440
624430
648421
672411
696402
720392
744382
768373
792363
816354
840344
864334
888325
912315
936306
960296
984286
1008277
1032267
1056258
1080248
1104238
1128229
1152219
1176210
1200200
1224190
-5223
-4620
-4107
-3649
-3225
-2822
-2429
-2050
-1672
-1303
-939
-576
-222
137
476
815
1148
1472
1791
2110
2399
2683
2952
3206
3431
3630
3809
3964
4093
4213
4308
4392
4462
4512
4562
4597
4632
4652
4672
4681
4686
4686
4696
4696
4701
4706
4701
4696
4701
4696
4572
4492
4442
4397
4358
4323
4293
4253
4228
4203
4168
4133
4103
4064
4029
3984
3939
3879
3809
3735
3645
3525
3401
3251
3082
2888
2673
2439
2185
1916
1622
1318
1009
680
351
7
-337
-690
-1044
-1408
-1766
-2130
-2498
-2867
-3235
-3599
-3972
-4346
-4715
-5083