1200200
1176210
1152219
1128229
1104238
1080248
1056258
1032267
1008277
984286
960296
936306
912315
888325
864334
840344
816354
792363
768373
744382
720392
696402
672411
648421
624430
600440
576450
552459
528469
504478
480488
456498
432507
408517
384526
360536
336546
312555
288565
264574
240584
216594
192603
168613
144622
120632
96642
72651
48661
24670
48661
72651
96642
120632
144622
168613
192603
216594
240584
264574
288565
312555
336546
360536
384526
408517
432507
456498
480488
504478
528469
552459
576450
600440
624430
648421
672411
696402
720392
744382
768373
792363
816354
840344
864334
888325
912315
936306
960296
984286
1008277
1032267
1056258
1080248
1104238
1128229
1152219
1176210
1200200
1224190
-3564
-3245
-2981
-2732
-2488
-2254
-2010
-1776
-1527
-1293
-1054
-810
-576
-357
-143
72
252
416
560
695
790
874
934
974
1014
1044
1059
1074
1084
1089
1094
1099
1099
1104
1094
1104
1104
1104
1104
1104
1109
1109
1104
1109
1109
1114
1109
1109
1104
1109
1084
1084
1069
1059
1049
1044
1039
1029
1024
1014
1009
1009
994
989
984
974
969
959
954
944
929
914
899
874
854
825
780
730
665
585
481
356
202
32
-163
-377
-596
-835
-1074
-1323
-1567
-1811
-2050
-2289
-2533
-2762
-2996
-3230
-3460
-3689