1200222
1176229
1152235
1128242
1104248
1080255
1056261
1032268
1008274
984281
960287
936294
912300
888307
864313
840319
816326
792332
768339
744345
720352
696358
672365
648371
624378
600384
576391
552397
528404
504410
480417
456423
432430
408436
384443
360449
336456
312462
288469
264475
240481
216488
192494
168501
144507
120514
96520
72527
48533
24540
48533
72527
96520
120514
144507
168501
192494
216488
240481
264475
288469
312462
336456
360449
384443
408436
432430
456423
480417
504410
528404
552397
576391
600384
624378
648371
672365
696358
720352
744345
768339
792332
816326
840319
864313
888307
912300
936294
960287
984281
1008274
1032268
1056261
1080255
1104248
1128242
1152235
1176229
1200222
1224216
-7991
-7413
-6656
-5859
-5062
-4275
-3513
-2791
-2109
-1476
-888
-361
110
509
848
1137
1357
1526
1641
1731
1791
1841
1861
1890
1915
1930
1950
1960
1975
1980
1995
2010
2015
2025
2035
2045
2045
2055
2070
2070
2075
2085
2095
2100
2110
2120
2120
2130
2135
2135
2110
2095
2080
2060
2055
2030
2020
2010
1995
1975
1960
1945
1940
1925
1915
1900
1890
1870
1861
1846
1826
1811
1796
1776
1746
1736
1701
1666
1636
1581
1526
1437
1332
1177
973
713
379
-17
-475
-1018
-1626
-2318
-3095
-3942
-4878
-5889
-6970
-8110
-9296
-10197