1200222
1176229
1152235
1128242
1104248
1080255
1056261
1032268
1008274
984281
960287
936294
912300
888307
864313
840319
816326
792332
768339
744345
720352
696358
672365
648371
624378
600384
576391
552397
528404
504410
480417
456423
432430
408436
384443
360449
336456
312462
288469
264475
240481
216488
192494
168501
144507
120514
96520
72527
48533
24540
48533
72527
96520
120514
144507
168501
192494
216488
240481
264475
288469
312462
336456
360449
384443
408436
432430
456423
480417
504410
528404
552397
576391
600384
624378
648371
672365
696358
720352
744345
768339
792332
816326
840319
864313
888307
912300
936294
960287
984281
1008274
1032268
1056261
1080255
1104248
1128242
1152235
1176229
1200222
1224216
-6442
-6108
-5540
-4923
-4300
-3693
-3110
-2567
-2054
-1586
-1152
-774
-450
-171
70
265
404
524
604
669
708
743
758
778
798
813
828
838
848
863
868
883
893
898
908
923
928
938
943
963
968
973
988
988
998
998
1008
1013
1023
1023
1013
998
988
983
963
963
953
943
928
923
913
903
893
878
868
858
848
833
823
808
798
783
763
753
733
713
698
684
649
619
574
519
444
339
205
25
-191
-460
-789
-1172
-1621
-2144
-2741
-3429
-4201
-5057
-5979
-6975
-8026
-9116