1200222
1176229
1152235
1128242
1104248
1080255
1056261
1032268
1008274
984281
960287
936294
912300
888307
864313
840319
816326
792332
768339
744345
720352
696358
672365
648371
624378
600384
576391
552397
528404
504410
480417
456423
432430
408436
384443
360449
336456
312462
288469
264475
240481
216488
192494
168501
144507
120514
96520
72527
48533
24540
48533
72527
96520
120514
144507
168501
192494
216488
240481
264475
288469
312462
336456
360449
384443
408436
432430
456423
480417
504410
528404
552397
576391
600384
624378
648371
672365
696358
720352
744345
768339
792332
816326
840319
864313
888307
912300
936294
960287
984281
1008274
1032268
1056261
1080255
1104248
1128242
1152235
1176229
1200222
1224216
-6930
-5909
-4709
-3508
-2388
-1377
-500
225
823
1307
1706
2030
2309
2549
2763
2953
3107
3227
3327
3397
3451
3501
3531
3566
3591
3611
3626
3646
3661
3671
3696
3701
3716
3721
3731
3736
3736
3741
3741
3736
3741
3741
3746
3751
3746
3741
3741
3741
3741
3736
3711
3696
3676
3661
3646
3636
3621
3606
3586
3576
3566
3546
3536
3516
3506
3486
3461
3441
3422
3397
3377
3357
3327
3297
3272
3227
3192
3152
3102
3052
2988
2923
2843
2738
2594
2409
2175
1885
1536
1117
629
45
-644
-1471
-2427
-3523
-4743
-6078
-7518
-9042