1200222
1176229
1152235
1128242
1104248
1080255
1056261
1032268
1008274
984281
960287
936294
912300
888307
864313
840319
816326
792332
768339
744345
720352
696358
672365
648371
624378
600384
576391
552397
528404
504410
480417
456423
432430
408436
384443
360449
336456
312462
288469
264475
240481
216488
192494
168501
144507
120514
96520
72527
48533
24540
48533
72527
96520
120514
144507
168501
192494
216488
240481
264475
288469
312462
336456
360449
384443
408436
432430
456423
480417
504410
528404
552397
576391
600384
624378
648371
672365
696358
720352
744345
768339
792332
816326
840319
864313
888307
912300
936294
960287
984281
1008274
1032268
1056261
1080255
1104248
1128242
1152235
1176229
1200222
1224216
-6253
-5421
-4360
-3264
-2233
-1302
-495
185
743
1202
1576
1895
2175
2419
2634
2813
2968
3087
3177
3252
3302
3347
3382
3417
3437
3456
3476
3496
3511
3521
3531
3536
3546
3551
3556
3556
3561
3571
3571
3571
3566
3566
3571
3566
3561
3561
3571
3561
3556
3561
3536
3511
3491
3481
3466
3446
3437
3427
3422
3402
3387
3372
3357
3337
3322
3307
3292
3272
3252
3227
3202
3177
3152
3122
3092
3062
3028
2988
2943
2898
2833
2768
2693
2594
2459
2299
2075
1811
1472
1073
604
65
-585
-1357
-2248
-3279
-4445
-5735
-7124
-8628