1200200
1176210
1152219
1128229
1104238
1080248
1056258
1032267
1008277
984286
960296
936306
912315
888325
864334
840344
816354
792363
768373
744382
720392
696402
672411
648421
624430
600440
576450
552459
528469
504478
480488
456498
432507
408517
384526
360536
336546
312555
288565
264574
240584
216594
192603
168613
144622
120632
96642
72651
48661
24670
48661
72651
96642
120632
144622
168613
192603
216594
240584
264574
288565
312555
336546
360536
384526
408517
432507
456498
480488
504478
528469
552459
576450
600440
624430
648421
672411
696402
720392
744382
768373
792363
816354
840344
864334
888325
912315
936306
960296
984286
1008277
1032267
1056258
1080248
1104238
1128229
1152219
1176210
1200200
1224190
-685
-656
-621
-586
-546
-511
-466
-427
-372
-322
-277
-232
-192
-158
-123
-98
-78
-63
-53
-38
-33
-33
-28
-23
-23
-18
-23
-13
-18
-18
-13
-13
-13
-8
-8
-13
-8
-8
-8
-8
-8
-13
-8
-8
-8
-8
-8
2
-8
-8
2
-8
-8
2
-8
-8
-8
-13
-13
-8
-13
-13
-8
-13
-18
-13
-18
-13
-13
-23
-18
-13
-23
-18
-23
-33
-28
-33
-43
-43
-58
-68
-83
-108
-133
-158
-192
-227
-277
-327
-377
-451
-536
-646
-750
-885
-1014
-1159
-1303
-1452