1200222
1176229
1152235
1128242
1104248
1080255
1056261
1032268
1008274
984281
960287
936294
912300
888307
864313
840319
816326
792332
768339
744345
720352
696358
672365
648371
624378
600384
576391
552397
528404
504410
480417
456423
432430
408436
384443
360449
336456
312462
288469
264475
240481
216488
192494
168501
144507
120514
96520
72527
48533
24540
48533
72527
96520
120514
144507
168501
192494
216488
240481
264475
288469
312462
336456
360449
384443
408436
432430
456423
480417
504410
528404
552397
576391
600384
624378
648371
672365
696358
720352
744345
768339
792332
816326
840319
864313
888307
912300
936294
960287
984281
1008274
1032268
1056261
1080255
1104248
1128242
1152235
1176229
1200222
1224216
-8051
-7458
-6711
-5909
-5117
-4350
-3588
-2871
-2193
-1561
-983
-460
-2
399
748
1033
1262
1432
1561
1646
1711
1756
1786
1811
1831
1846
1866
1875
1890
1900
1910
1920
1925
1940
1950
1960
1960
1970
1975
1985
1990
2000
2010
2015
2025
2030
2035
2040
2050
2055
2025
2010
1995
1975
1965
1940
1935
1920
1910
1900
1885
1870
1861
1846
1836
1816
1811
1796
1781
1761
1741
1731
1706
1686
1676
1651
1621
1591
1546
1511
1442
1367
1247
1097
883
619
295
-97
-555
-1083
-1690
-2368
-3140
-3986
-4918
-5924
-7000
-8140
-9331
-10197