1200222
1176229
1152235
1128242
1104248
1080255
1056261
1032268
1008274
984281
960287
936294
912300
888307
864313
840319
816326
792332
768339
744345
720352
696358
672365
648371
624378
600384
576391
552397
528404
504410
480417
456423
432430
408436
384443
360449
336456
312462
288469
264475
240481
216488
192494
168501
144507
120514
96520
72527
48533
24540
48533
72527
96520
120514
144507
168501
192494
216488
240481
264475
288469
312462
336456
360449
384443
408436
432430
456423
480417
504410
528404
552397
576391
600384
624378
648371
672365
696358
720352
744345
768339
792332
816326
840319
864313
888307
912300
936294
960287
984281
1008274
1032268
1056261
1080255
1104248
1128242
1152235
1176229
1200222
1224216
-7712
-7169
-6487
-5760
-5032
-4325
-3638
-2975
-2353
-1775
-1237
-754
-331
40
359
629
838
1013
1132
1222
1282
1322
1347
1377
1397
1422
1432
1442
1457
1462
1476
1481
1496
1501
1511
1526
1531
1546
1551
1561
1566
1571
1581
1586
1596
1601
1606
1616
1616
1626
1606
1596
1576
1566
1551
1536
1526
1516
1501
1491
1476
1467
1462
1447
1437
1427
1412
1397
1382
1372
1357
1342
1322
1312
1292
1267
1232
1207
1172
1127
1068
993
883
728
539
295
-7
-361
-769
-1247
-1805
-2437
-3145
-3952
-4848
-5829
-6880
-8001
-9156
-10197