1200200
1176210
1152219
1128229
1104238
1080248
1056258
1032267
1008277
984286
960296
936306
912315
888325
864334
840344
816354
792363
768373
744382
720392
696402
672411
648421
624430
600440
576450
552459
528469
504478
480488
456498
432507
408517
384526
360536
336546
312555
288565
264574
240584
216594
192603
168613
144622
120632
96642
72651
48661
24670
48661
72651
96642
120632
144622
168613
192603
216594
240584
264574
288565
312555
336546
360536
384526
408517
432507
456498
480488
504478
528469
552459
576450
600440
624430
648421
672411
696402
720392
744382
768373
792363
816354
840344
864334
888325
912315
936306
960296
984286
1008277
1032267
1056258
1080248
1104238
1128229
1152219
1176210
1200200
1224190
-5013
-4261
-3544
-2872
-2229
-1607
-1004
-436
107
610
1089
1527
1931
2295
2623
2893
3122
3311
3456
3575
3650
3710
3750
3765
3775
3770
3760
3740
3725
3715
3700
3680
3665
3655
3635
3620
3605
3590
3575
3560
3550
3540
3525
3510
3505
3496
3476
3471
3466
3451
3381
3341
3316
3296
3271
3261
3246
3226
3216
3201
3177
3167
3152
3132
3117
3097
3077
3062
3037
3027
3002
2972
2947
2922
2888
2853
2823
2788
2748
2703
2643
2569
2469
2324
2135
1896
1607
1268
874
446
-28
-536
-1074
-1662
-2269
-2907
-3564
-4251
-4949
-5671