1200222
1176229
1152235
1128242
1104248
1080255
1056261
1032268
1008274
984281
960287
936294
912300
888307
864313
840319
816326
792332
768339
744345
720352
696358
672365
648371
624378
600384
576391
552397
528404
504410
480417
456423
432430
408436
384443
360449
336456
312462
288469
264475
240481
216488
192494
168501
144507
120514
96520
72527
48533
24540
48533
72527
96520
120514
144507
168501
192494
216488
240481
264475
288469
312462
336456
360449
384443
408436
432430
456423
480417
504410
528404
552397
576391
600384
624378
648371
672365
696358
720352
744345
768339
792332
816326
840319
864313
888307
912300
936294
960287
984281
1008274
1032268
1056261
1080255
1104248
1128242
1152235
1176229
1200222
1224216
-4564
-4345
-3812
-3105
-2338
-1606
-958
-410
15
354
604
798
933
1028
1092
1147
1172
1187
1197
1202
1207
1207
1202
1207
1212
1202
1207
1207
1202
1202
1207
1207
1202
1202
1202
1197
1202
1197
1197
1202
1202
1197
1202
1202
1202
1197
1202
1202
1202
1197
1187
1182
1177
1167
1167
1162
1157
1152
1147
1147
1142
1137
1137
1127
1127
1122
1117
1112
1112
1097
1097
1097
1078
1073
1068
1058
1043
1033
1028
1018
1008
998
983
958
928
888
838
773
654
484
240
-97
-570
-1192
-1994
-2965
-4116
-5436
-6890
-8464