1200222
1176229
1152235
1128242
1104248
1080255
1056261
1032268
1008274
984281
960287
936294
912300
888307
864313
840319
816326
792332
768339
744345
720352
696358
672365
648371
624378
600384
576391
552397
528404
504410
480417
456423
432430
408436
384443
360449
336456
312462
288469
264475
240481
216488
192494
168501
144507
120514
96520
72527
48533
24540
48533
72527
96520
120514
144507
168501
192494
216488
240481
264475
288469
312462
336456
360449
384443
408436
432430
456423
480417
504410
528404
552397
576391
600384
624378
648371
672365
696358
720352
744345
768339
792332
816326
840319
864313
888307
912300
936294
960287
984281
1008274
1032268
1056261
1080255
1104248
1128242
1152235
1176229
1200222
1224216
-7244
-6786
-6148
-5461
-4778
-4106
-3463
-2856
-2288
-1750
-1267
-824
-445
-116
165
399
589
733
833
908
958
998
1023
1053
1073
1078
1097
1102
1122
1137
1147
1157
1172
1172
1187
1197
1207
1217
1222
1232
1237
1247
1257
1267
1267
1282
1287
1292
1297
1297
1287
1277
1262
1252
1242
1232
1217
1207
1197
1187
1172
1167
1152
1142
1127
1122
1107
1092
1082
1068
1053
1033
1028
1008
993
968
943
918
888
843
793
723
634
504
334
130
-136
-450
-829
-1267
-1770
-2353
-3020
-3777
-4619
-5550
-6556
-7627
-8738
-9893