1200222
1176229
1152235
1128242
1104248
1080255
1056261
1032268
1008274
984281
960287
936294
912300
888307
864313
840319
816326
792332
768339
744345
720352
696358
672365
648371
624378
600384
576391
552397
528404
504410
480417
456423
432430
408436
384443
360449
336456
312462
288469
264475
240481
216488
192494
168501
144507
120514
96520
72527
48533
24540
48533
72527
96520
120514
144507
168501
192494
216488
240481
264475
288469
312462
336456
360449
384443
408436
432430
456423
480417
504410
528404
552397
576391
600384
624378
648371
672365
696358
720352
744345
768339
792332
816326
840319
864313
888307
912300
936294
960287
984281
1008274
1032268
1056261
1080255
1104248
1128242
1152235
1176229
1200222
1224216
-7025
-6467
-5710
-4888
-4061
-3244
-2452
-1705
-1013
-380
195
708
1147
1521
1826
2065
2240
2384
2494
2574
2644
2693
2738
2773
2803
2828
2853
2873
2893
2913
2928
2943
2963
2973
2988
3003
3018
3023
3033
3052
3062
3077
3087
3097
3107
3112
3122
3132
3142
3152
3117
3092
3062
3038
3013
2988
2973
2948
2928
2908
2888
2863
2848
2828
2803
2778
2753
2733
2703
2693
2668
2639
2614
2579
2544
2509
2479
2434
2384
2319
2255
2180
2075
1950
1776
1561
1272
913
469
-52
-664
-1347
-2114
-2970
-3887
-4878
-5934
-7064
-8240
-9465