1200200
1176210
1152219
1128229
1104238
1080248
1056258
1032267
1008277
984286
960296
936306
912315
888325
864334
840344
816354
792363
768373
744382
720392
696402
672411
648421
624430
600440
576450
552459
528469
504478
480488
456498
432507
408517
384526
360536
336546
312555
288565
264574
240584
216594
192603
168613
144622
120632
96642
72651
48661
24670
48661
72651
96642
120632
144622
168613
192603
216594
240584
264574
288565
312555
336546
360536
384526
408517
432507
456498
480488
504478
528469
552459
576450
600440
624430
648421
672411
696402
720392
744382
768373
792363
816354
840344
864334
888325
912315
936306
960296
984286
1008277
1032267
1056258
1080248
1104238
1128229
1152219
1176210
1200200
1224190
-5372
-4784
-4266
-3783
-3345
-2912
-2493
-2085
-1692
-1298
-900
-516
-133
242
610
984
1348
1697
2045
2399
2723
3047
3356
3645
3924
4178
4412
4622
4816
4980
5120
5255
5359
5459
5549
5628
5698
5753
5803
5838
5872
5892
5912
5927
5937
5947
5947
5957
5947
5942
5798
5688
5608
5544
5499
5449
5399
5344
5304
5260
5210
5165
5110
5060
4990
4921
4836
4741
4622
4497
4353
4183
3999
3794
3570
3326
3062
2783
2484
2165
1846
1512
1168
810
456
87
-277
-646
-1029
-1413
-1796
-2180
-2573
-2966
-3355
-3743
-4137
-4535
-4929
-5327