1200222
1176229
1152235
1128242
1104248
1080255
1056261
1032268
1008274
984281
960287
936294
912300
888307
864313
840319
816326
792332
768339
744345
720352
696358
672365
648371
624378
600384
576391
552397
528404
504410
480417
456423
432430
408436
384443
360449
336456
312462
288469
264475
240481
216488
192494
168501
144507
120514
96520
72527
48533
24540
48533
72527
96520
120514
144507
168501
192494
216488
240481
264475
288469
312462
336456
360449
384443
408436
432430
456423
480417
504410
528404
552397
576391
600384
624378
648371
672365
696358
720352
744345
768339
792332
816326
840319
864313
888307
912300
936294
960287
984281
1008274
1032268
1056261
1080255
1104248
1128242
1152235
1176229
1200222
1224216
-3344
-3483
-3234
-2816
-2338
-1870
-1431
-1033
-689
-395
-151
40
200
309
394
449
494
524
534
549
554
554
554
559
559
554
559
559
559
564
564
559
554
559
554
559
559
559
559
559
554
559
559
554
554
554
559
559
559
559
559
544
549
544
544
534
539
534
529
524
519
529
519
519
519
514
514
509
504
504
499
489
489
484
479
474
469
454
449
439
429
409
389
359
309
250
165
50
-107
-301
-540
-849
-1217
-1660
-2193
-2821
-3553
-4390
-5331
-6372