1200222
1176229
1152235
1128242
1104248
1080255
1056261
1032268
1008274
984281
960287
936294
912300
888307
864313
840319
816326
792332
768339
744345
720352
696358
672365
648371
624378
600384
576391
552397
528404
504410
480417
456423
432430
408436
384443
360449
336456
312462
288469
264475
240481
216488
192494
168501
144507
120514
96520
72527
48533
24540
48533
72527
96520
120514
144507
168501
192494
216488
240481
264475
288469
312462
336456
360449
384443
408436
432430
456423
480417
504410
528404
552397
576391
600384
624378
648371
672365
696358
720352
744345
768339
792332
816326
840319
864313
888307
912300
936294
960287
984281
1008274
1032268
1056261
1080255
1104248
1128242
1152235
1176229
1200222
1224216
-4748
-4504
-3937
-3214
-2457
-1740
-1098
-560
-126
210
464
654
788
893
958
1008
1033
1048
1058
1068
1068
1068
1068
1063
1068
1063
1063
1058
1063
1058
1063
1058
1063
1058
1053
1058
1053
1058
1058
1058
1048
1053
1053
1053
1053
1053
1053
1053
1058
1048
1048
1033
1028
1028
1033
1023
1013
1008
1003
1008
998
998
993
993
993
988
988
978
968
968
963
953
948
938
943
933
923
913
908
893
893
868
863
843
808
778
723
644
529
354
105
-241
-709
-1322
-2099
-3045
-4161
-5441
-6865
-8414