1200222
1176229
1152235
1128242
1104248
1080255
1056261
1032268
1008274
984281
960287
936294
912300
888307
864313
840319
816326
792332
768339
744345
720352
696358
672365
648371
624378
600384
576391
552397
528404
504410
480417
456423
432430
408436
384443
360449
336456
312462
288469
264475
240481
216488
192494
168501
144507
120514
96520
72527
48533
24540
48533
72527
96520
120514
144507
168501
192494
216488
240481
264475
288469
312462
336456
360449
384443
408436
432430
456423
480417
504410
528404
552397
576391
600384
624378
648371
672365
696358
720352
744345
768339
792332
816326
840319
864313
888307
912300
936294
960287
984281
1008274
1032268
1056261
1080255
1104248
1128242
1152235
1176229
1200222
1224216
-7139
-6586
-5824
-4997
-4161
-3349
-2552
-1805
-1118
-475
110
619
1063
1442
1746
1990
2175
2314
2424
2509
2559
2619
2663
2693
2728
2758
2778
2798
2813
2838
2848
2863
2878
2893
2908
2923
2933
2953
2958
2973
2978
2988
2998
3008
3018
3033
3043
3052
3057
3072
3028
3003
2983
2958
2928
2908
2893
2873
2848
2833
2808
2793
2763
2748
2723
2708
2688
2658
2644
2614
2599
2569
2544
2504
2479
2449
2414
2364
2319
2264
2200
2120
2020
1895
1721
1506
1217
853
399
-131
-739
-1431
-2208
-3060
-3981
-4973
-6048
-7174
-8354
-9575