1200200
1176210
1152219
1128229
1104238
1080248
1056258
1032267
1008277
984286
960296
936306
912315
888325
864334
840344
816354
792363
768373
744382
720392
696402
672411
648421
624430
600440
576450
552459
528469
504478
480488
456498
432507
408517
384526
360536
336546
312555
288565
264574
240584
216594
192603
168613
144622
120632
96642
72651
48661
24670
48661
72651
96642
120632
144622
168613
192603
216594
240584
264574
288565
312555
336546
360536
384526
408517
432507
456498
480488
504478
528469
552459
576450
600440
624430
648421
672411
696402
720392
744382
768373
792363
816354
840344
864334
888325
912315
936306
960296
984286
1008277
1032267
1056258
1080248
1104238
1128229
1152219
1176210
1200200
1224190
-4640
-3823
-3046
-2319
-1642
-999
-377
217
760
1278
1761
2210
2604
2957
3266
3530
3750
3914
4059
4158
4228
4278
4318
4333
4353
4358
4348
4343
4328
4313
4298
4283
4263
4248
4238
4213
4198
4183
4163
4148
4128
4113
4103
4088
4079
4064
4059
4049
4039
4034
3964
3924
3904
3884
3869
3864
3844
3824
3814
3804
3785
3765
3755
3740
3715
3710
3690
3660
3640
3615
3595
3570
3535
3505
3476
3441
3406
3366
3331
3281
3211
3137
3027
2898
2713
2484
2210
1886
1497
1069
585
77
-486
-1089
-1716
-2384
-3076
-3783
-4520
-5277