1200200
1176210
1152219
1128229
1104238
1080248
1056258
1032267
1008277
984286
960296
936306
912315
888325
864334
840344
816354
792363
768373
744382
720392
696402
672411
648421
624430
600440
576450
552459
528469
504478
480488
456498
432507
408517
384526
360536
336546
312555
288565
264574
240584
216594
192603
168613
144622
120632
96642
72651
48661
24670
48661
72651
96642
120632
144622
168613
192603
216594
240584
264574
288565
312555
336546
360536
384526
408517
432507
456498
480488
504478
528469
552459
576450
600440
624430
648421
672411
696402
720392
744382
768373
792363
816354
840344
864334
888325
912315
936306
960296
984286
1008277
1032267
1056258
1080248
1104238
1128229
1152219
1176210
1200200
1224190
-4685
-4157
-3709
-3305
-2932
-2573
-2219
-1871
-1537
-1208
-880
-556
-237
72
381
670
959
1238
1507
1761
2001
2215
2419
2594
2753
2888
2992
3082
3157
3216
3256
3286
3316
3331
3341
3351
3361
3366
3366
3366
3366
3361
3361
3361
3361
3361
3356
3351
3341
3346
3231
3177
3127
3092
3062
3037
3007
2992
2967
2947
2922
2898
2873
2858
2828
2808
2778
2748
2718
2683
2643
2589
2529
2459
2369
2255
2120
1961
1781
1577
1343
1099
835
560
271
-33
-342
-656
-974
-1298
-1622
-1955
-2294
-2623
-2966
-3300
-3639
-3982
-4326
-4670