1200222
1176229
1152235
1128242
1104248
1080255
1056261
1032268
1008274
984281
960287
936294
912300
888307
864313
840319
816326
792332
768339
744345
720352
696358
672365
648371
624378
600384
576391
552397
528404
504410
480417
456423
432430
408436
384443
360449
336456
312462
288469
264475
240481
216488
192494
168501
144507
120514
96520
72527
48533
24540
48533
72527
96520
120514
144507
168501
192494
216488
240481
264475
288469
312462
336456
360449
384443
408436
432430
456423
480417
504410
528404
552397
576391
600384
624378
648371
672365
696358
720352
744345
768339
792332
816326
840319
864313
888307
912300
936294
960287
984281
1008274
1032268
1056261
1080255
1104248
1128242
1152235
1176229
1200222
1224216
-7543
-7000
-6238
-5401
-4569
-3747
-2960
-2213
-1506
-869
-271
255
708
1102
1422
1681
1880
2015
2135
2210
2269
2314
2349
2374
2409
2434
2449
2469
2484
2494
2509
2529
2539
2554
2564
2574
2589
2599
2609
2614
2624
2634
2639
2644
2658
2668
2678
2688
2688
2698
2668
2649
2629
2604
2584
2569
2549
2534
2509
2489
2474
2459
2439
2419
2414
2389
2379
2354
2339
2314
2294
2274
2255
2225
2195
2170
2145
2105
2060
2005
1945
1880
1776
1646
1467
1232
928
539
80
-465
-1088
-1795
-2582
-3439
-4375
-5381
-6467
-7597
-8793
-10013