1200222
1176229
1152235
1128242
1104248
1080255
1056261
1032268
1008274
984281
960287
936294
912300
888307
864313
840319
816326
792332
768339
744345
720352
696358
672365
648371
624378
600384
576391
552397
528404
504410
480417
456423
432430
408436
384443
360449
336456
312462
288469
264475
240481
216488
192494
168501
144507
120514
96520
72527
48533
24540
48533
72527
96520
120514
144507
168501
192494
216488
240481
264475
288469
312462
336456
360449
384443
408436
432430
456423
480417
504410
528404
552397
576391
600384
624378
648371
672365
696358
720352
744345
768339
792332
816326
840319
864313
888307
912300
936294
960287
984281
1008274
1032268
1056261
1080255
1104248
1128242
1152235
1176229
1200222
1224216
-6023
-5157
-4216
-3259
-2308
-1397
-510
304
1053
1731
2339
2848
3292
3661
3970
4220
4434
4609
4758
4888
4978
5057
5127
5177
5232
5267
5307
5347
5362
5387
5411
5421
5441
5461
5471
5486
5506
5516
5526
5541
5541
5556
5561
5571
5581
5586
5606
5606
5616
5621
5576
5531
5491
5456
5421
5387
5352
5322
5287
5257
5217
5177
5142
5112
5067
5032
5003
4953
4913
4868
4818
4773
4703
4648
4579
4509
4429
4334
4229
4100
3960
3806
3616
3402
3142
2843
2494
2095
1631
1102
524
-107
-809
-1576
-2403
-3279
-4216
-5197
-6243
-7328