1200222
1176229
1152235
1128242
1104248
1080255
1056261
1032268
1008274
984281
960287
936294
912300
888307
864313
840319
816326
792332
768339
744345
720352
696358
672365
648371
624378
600384
576391
552397
528404
504410
480417
456423
432430
408436
384443
360449
336456
312462
288469
264475
240481
216488
192494
168501
144507
120514
96520
72527
48533
24540
48533
72527
96520
120514
144507
168501
192494
216488
240481
264475
288469
312462
336456
360449
384443
408436
432430
456423
480417
504410
528404
552397
576391
600384
624378
648371
672365
696358
720352
744345
768339
792332
816326
840319
864313
888307
912300
936294
960287
984281
1008274
1032268
1056261
1080255
1104248
1128242
1152235
1176229
1200222
1224216
-3658
-3822
-3533
-3045
-2502
-1969
-1486
-1048
-679
-361
-107
100
250
369
444
499
539
564
574
584
589
594
599
599
599
599
589
599
599
599
594
594
594
599
594
594
599
599
589
594
589
594
594
594
599
589
594
594
594
594
589
584
574
579
579
574
569
569
564
559
559
559
554
549
549
549
544
544
539
534
534
534
524
514
519
509
504
499
494
479
474
444
434
404
364
304
225
115
-52
-251
-510
-844
-1252
-1745
-2348
-3050
-3882
-4838
-5914
-7104