1200222
1176229
1152235
1128242
1104248
1080255
1056261
1032268
1008274
984281
960287
936294
912300
888307
864313
840319
816326
792332
768339
744345
720352
696358
672365
648371
624378
600384
576391
552397
528404
504410
480417
456423
432430
408436
384443
360449
336456
312462
288469
264475
240481
216488
192494
168501
144507
120514
96520
72527
48533
24540
48533
72527
96520
120514
144507
168501
192494
216488
240481
264475
288469
312462
336456
360449
384443
408436
432430
456423
480417
504410
528404
552397
576391
600384
624378
648371
672365
696358
720352
744345
768339
792332
816326
840319
864313
888307
912300
936294
960287
984281
1008274
1032268
1056261
1080255
1104248
1128242
1152235
1176229
1200222
1224216
-4265
-4350
-3957
-3344
-2691
-2069
-1496
-1013
-600
-261
-2
210
359
469
549
604
629
654
664
674
679
679
684
688
684
684
684
684
684
679
674
679
679
679
674
674
669
674
674
669
674
669
669
669
674
669
664
669
664
674
664
659
654
654
649
649
644
644
639
639
639
629
629
629
624
614
624
609
614
609
604
599
599
594
589
579
569
569
564
549
544
534
514
489
454
399
334
225
80
-136
-415
-764
-1212
-1775
-2452
-3284
-4240
-5356
-6606
-7986