1200222
1176229
1152235
1128242
1104248
1080255
1056261
1032268
1008274
984281
960287
936294
912300
888307
864313
840319
816326
792332
768339
744345
720352
696358
672365
648371
624378
600384
576391
552397
528404
504410
480417
456423
432430
408436
384443
360449
336456
312462
288469
264475
240481
216488
192494
168501
144507
120514
96520
72527
48533
24540
48533
72527
96520
120514
144507
168501
192494
216488
240481
264475
288469
312462
336456
360449
384443
408436
432430
456423
480417
504410
528404
552397
576391
600384
624378
648371
672365
696358
720352
744345
768339
792332
816326
840319
864313
888307
912300
936294
960287
984281
1008274
1032268
1056261
1080255
1104248
1128242
1152235
1176229
1200222
1224216
-4280
-4355
-3962
-3344
-2686
-2054
-1486
-993
-585
-246
15
225
374
479
559
604
644
664
679
684
693
698
693
688
688
688
693
688
688
688
693
684
693
684
684
688
684
684
679
684
688
684
684
679
684
679
684
679
684
679
669
664
669
664
664
654
654
649
649
644
644
644
634
629
629
634
629
624
629
619
609
609
604
604
589
599
589
584
569
564
559
544
529
499
469
419
344
240
85
-116
-395
-749
-1207
-1775
-2462
-3289
-4265
-5386
-6646
-8041