1200222
1176229
1152235
1128242
1104248
1080255
1056261
1032268
1008274
984281
960287
936294
912300
888307
864313
840319
816326
792332
768339
744345
720352
696358
672365
648371
624378
600384
576391
552397
528404
504410
480417
456423
432430
408436
384443
360449
336456
312462
288469
264475
240481
216488
192494
168501
144507
120514
96520
72527
48533
24540
48533
72527
96520
120514
144507
168501
192494
216488
240481
264475
288469
312462
336456
360449
384443
408436
432430
456423
480417
504410
528404
552397
576391
600384
624378
648371
672365
696358
720352
744345
768339
792332
816326
840319
864313
888307
912300
936294
960287
984281
1008274
1032268
1056261
1080255
1104248
1128242
1152235
1176229
1200222
1224216
-6337
-6014
-5456
-4843
-4225
-3628
-3055
-2522
-2014
-1556
-1138
-769
-445
-171
60
240
389
499
579
639
679
708
733
758
768
783
798
808
813
828
838
853
863
873
878
888
898
913
918
918
933
953
943
953
958
973
978
978
993
993
983
968
958
953
938
938
923
913
903
888
883
873
858
848
833
828
818
808
788
783
768
753
743
718
708
693
669
654
629
594
549
494
424
319
180
15
-196
-460
-779
-1157
-1596
-2104
-2691
-3364
-4126
-4958
-5884
-6865
-7901
-8987