1200222
1176229
1152235
1128242
1104248
1080255
1056261
1032268
1008274
984281
960287
936294
912300
888307
864313
840319
816326
792332
768339
744345
720352
696358
672365
648371
624378
600384
576391
552397
528404
504410
480417
456423
432430
408436
384443
360449
336456
312462
288469
264475
240481
216488
192494
168501
144507
120514
96520
72527
48533
24540
48533
72527
96520
120514
144507
168501
192494
216488
240481
264475
288469
312462
336456
360449
384443
408436
432430
456423
480417
504410
528404
552397
576391
600384
624378
648371
672365
696358
720352
744345
768339
792332
816326
840319
864313
888307
912300
936294
960287
984281
1008274
1032268
1056261
1080255
1104248
1128242
1152235
1176229
1200222
1224216
-5585
-4918
-3952
-2940
-1994
-1147
-410
200
693
1112
1442
1721
1955
2145
2299
2419
2504
2574
2624
2658
2693
2713
2728
2748
2758
2768
2783
2788
2803
2808
2803
2813
2813
2818
2818
2818
2818
2818
2813
2823
2813
2818
2818
2813
2813
2813
2808
2808
2808
2813
2788
2778
2758
2743
2738
2728
2713
2713
2693
2683
2678
2673
2653
2639
2629
2614
2599
2589
2574
2554
2544
2529
2504
2489
2464
2439
2409
2389
2359
2324
2284
2245
2200
2140
2065
1970
1841
1666
1427
1122
713
235
-356
-1078
-1924
-2926
-4071
-5361
-6771
-8290