1200222
1176229
1152235
1128242
1104248
1080255
1056261
1032268
1008274
984281
960287
936294
912300
888307
864313
840319
816326
792332
768339
744345
720352
696358
672365
648371
624378
600384
576391
552397
528404
504410
480417
456423
432430
408436
384443
360449
336456
312462
288469
264475
240481
216488
192494
168501
144507
120514
96520
72527
48533
24540
48533
72527
96520
120514
144507
168501
192494
216488
240481
264475
288469
312462
336456
360449
384443
408436
432430
456423
480417
504410
528404
552397
576391
600384
624378
648371
672365
696358
720352
744345
768339
792332
816326
840319
864313
888307
912300
936294
960287
984281
1008274
1032268
1056261
1080255
1104248
1128242
1152235
1176229
1200222
1224216
-5720
-4963
-3957
-2931
-1964
-1113
-371
245
748
1167
1516
1811
2060
2269
2439
2579
2688
2768
2828
2878
2913
2943
2963
2983
3003
3013
3028
3038
3047
3052
3067
3067
3067
3067
3077
3077
3077
3082
3072
3077
3077
3077
3077
3072
3072
3072
3072
3072
3077
3072
3047
3038
3023
3003
2998
2988
2968
2958
2953
2938
2933
2918
2903
2883
2873
2858
2843
2828
2813
2798
2778
2753
2738
2713
2683
2668
2634
2609
2579
2534
2494
2444
2389
2319
2235
2120
1970
1761
1501
1157
743
240
-361
-1088
-1934
-2931
-4061
-5331
-6726
-8225