1200222
1176229
1152235
1128242
1104248
1080255
1056261
1032268
1008274
984281
960287
936294
912300
888307
864313
840319
816326
792332
768339
744345
720352
696358
672365
648371
624378
600384
576391
552397
528404
504410
480417
456423
432430
408436
384443
360449
336456
312462
288469
264475
240481
216488
192494
168501
144507
120514
96520
72527
48533
24540
48533
72527
96520
120514
144507
168501
192494
216488
240481
264475
288469
312462
336456
360449
384443
408436
432430
456423
480417
504410
528404
552397
576391
600384
624378
648371
672365
696358
720352
744345
768339
792332
816326
840319
864313
888307
912300
936294
960287
984281
1008274
1032268
1056261
1080255
1104248
1128242
1152235
1176229
1200222
1224216
-6980
-6571
-5964
-5296
-4634
-3981
-3354
-2766
-2213
-1700
-1237
-814
-455
-141
130
349
524
669
753
823
878
903
938
958
973
983
1003
1013
1033
1038
1048
1058
1068
1082
1092
1097
1112
1117
1122
1132
1147
1152
1162
1172
1177
1182
1192
1192
1202
1207
1187
1177
1162
1157
1147
1137
1127
1117
1107
1097
1087
1078
1068
1053
1043
1033
1018
1003
993
978
968
948
938
923
898
883
863
833
803
773
713
654
569
449
290
95
-156
-455
-819
-1237
-1725
-2298
-2945
-3683
-4499
-5411
-6392
-7438
-8534
-9669