1200222
1176229
1152235
1128242
1104248
1080255
1056261
1032268
1008274
984281
960287
936294
912300
888307
864313
840319
816326
792332
768339
744345
720352
696358
672365
648371
624378
600384
576391
552397
528404
504410
480417
456423
432430
408436
384443
360449
336456
312462
288469
264475
240481
216488
192494
168501
144507
120514
96520
72527
48533
24540
48533
72527
96520
120514
144507
168501
192494
216488
240481
264475
288469
312462
336456
360449
384443
408436
432430
456423
480417
504410
528404
552397
576391
600384
624378
648371
672365
696358
720352
744345
768339
792332
816326
840319
864313
888307
912300
936294
960287
984281
1008274
1032268
1056261
1080255
1104248
1128242
1152235
1176229
1200222
1224216
-4116
-4255
-3882
-3299
-2686
-2089
-1541
-1078
-669
-336
-67
140
295
409
489
544
584
604
624
624
634
639
644
644
639
639
634
644
639
639
644
634
634
639
634
629
629
634
629
629
634
629
629
624
629
629
629
629
629
629
629
624
614
614
609
609
604
599
594
599
599
594
589
589
584
584
579
574
574
569
569
559
559
549
549
544
544
534
519
514
509
494
474
444
399
354
270
165
5
-206
-485
-839
-1277
-1820
-2477
-3259
-4181
-5242
-6442
-7772