1200222
1176229
1152235
1128242
1104248
1080255
1056261
1032268
1008274
984281
960287
936294
912300
888307
864313
840319
816326
792332
768339
744345
720352
696358
672365
648371
624378
600384
576391
552397
528404
504410
480417
456423
432430
408436
384443
360449
336456
312462
288469
264475
240481
216488
192494
168501
144507
120514
96520
72527
48533
24540
48533
72527
96520
120514
144507
168501
192494
216488
240481
264475
288469
312462
336456
360449
384443
408436
432430
456423
480417
504410
528404
552397
576391
600384
624378
648371
672365
696358
720352
744345
768339
792332
816326
840319
864313
888307
912300
936294
960287
984281
1008274
1032268
1056261
1080255
1104248
1128242
1152235
1176229
1200222
1224216
-4280
-4360
-3962
-3349
-2691
-2064
-1496
-1008
-595
-261
10
215
364
479
544
599
639
659
669
679
684
693
684
684
688
693
688
688
684
679
684
679
684
684
679
684
679
674
679
674
669
679
679
674
679
669
674
669
684
674
664
664
664
659
654
649
649
649
644
639
639
639
634
634
629
624
619
614
614
614
609
604
604
594
589
589
584
579
564
559
544
539
514
494
464
409
339
230
80
-126
-405
-754
-1217
-1780
-2467
-3294
-4265
-5381
-6641
-8026