1200222
1176229
1152235
1128242
1104248
1080255
1056261
1032268
1008274
984281
960287
936294
912300
888307
864313
840319
816326
792332
768339
744345
720352
696358
672365
648371
624378
600384
576391
552397
528404
504410
480417
456423
432430
408436
384443
360449
336456
312462
288469
264475
240481
216488
192494
168501
144507
120514
96520
72527
48533
24540
48533
72527
96520
120514
144507
168501
192494
216488
240481
264475
288469
312462
336456
360449
384443
408436
432430
456423
480417
504410
528404
552397
576391
600384
624378
648371
672365
696358
720352
744345
768339
792332
816326
840319
864313
888307
912300
936294
960287
984281
1008274
1032268
1056261
1080255
1104248
1128242
1152235
1176229
1200222
1224216
-4594
-4380
-3837
-3160
-2447
-1780
-1177
-674
-266
55
304
489
619
718
783
828
858
873
883
898
898
893
893
898
893
888
888
893
883
883
888
883
883
883
878
883
878
878
878
878
878
878
873
878
878
878
873
878
873
878
863
863
863
858
853
848
843
843
838
838
833
828
823
823
818
813
813
813
803
803
803
798
788
783
778
778
763
763
748
743
733
723
708
693
664
629
574
494
359
185
-72
-415
-869
-1451
-2183
-3065
-4101
-5296
-6636
-8105