1200222
1176229
1152235
1128242
1104248
1080255
1056261
1032268
1008274
984281
960287
936294
912300
888307
864313
840319
816326
792332
768339
744345
720352
696358
672365
648371
624378
600384
576391
552397
528404
504410
480417
456423
432430
408436
384443
360449
336456
312462
288469
264475
240481
216488
192494
168501
144507
120514
96520
72527
48533
24540
48533
72527
96520
120514
144507
168501
192494
216488
240481
264475
288469
312462
336456
360449
384443
408436
432430
456423
480417
504410
528404
552397
576391
600384
624378
648371
672365
696358
720352
744345
768339
792332
816326
840319
864313
888307
912300
936294
960287
984281
1008274
1032268
1056261
1080255
1104248
1128242
1152235
1176229
1200222
1224216
-4569
-4340
-3812
-3120
-2383
-1675
-1048
-520
-92
245
494
684
818
918
978
1028
1053
1073
1078
1087
1087
1082
1087
1087
1087
1087
1078
1078
1087
1087
1082
1082
1078
1078
1078
1078
1078
1073
1078
1078
1073
1073
1073
1078
1073
1078
1078
1073
1078
1082
1068
1058
1058
1048
1043
1043
1038
1033
1033
1033
1023
1023
1018
1018
1008
1008
1008
998
993
993
983
978
973
968
953
948
943
933
923
913
908
893
878
858
833
798
743
669
549
384
135
-211
-674
-1297
-2069
-3025
-4146
-5436
-6870
-8419