1200200
1176210
1152219
1128229
1104238
1080248
1056258
1032267
1008277
984286
960296
936306
912315
888325
864334
840344
816354
792363
768373
744382
720392
696402
672411
648421
624430
600440
576450
552459
528469
504478
480488
456498
432507
408517
384526
360536
336546
312555
288565
264574
240584
216594
192603
168613
144622
120632
96642
72651
48661
24670
48661
72651
96642
120632
144622
168613
192603
216594
240584
264574
288565
312555
336546
360536
384526
408517
432507
456498
480488
504478
528469
552459
576450
600440
624430
648421
672411
696402
720392
744382
768373
792363
816354
840344
864334
888325
912315
936306
960296
984286
1008277
1032267
1056258
1080248
1104238
1128229
1152219
1176210
1200200
1224190
-5317
-4705
-4187
-3723
-3295
-2882
-2493
-2095
-1711
-1333
-959
-596
-232
127
476
820
1163
1497
1821
2135
2439
2728
3002
3266
3505
3720
3919
4098
4243
4378
4492
4602
4686
4761
4831
4886
4931
4971
5000
5020
5040
5050
5060
5065
5075
5085
5075
5075
5080
5075
4956
4861
4806
4756
4716
4676
4637
4602
4562
4527
4497
4457
4422
4382
4333
4278
4213
4143
4054
3954
3839
3705
3550
3371
3177
2962
2743
2479
2210
1926
1627
1318
999
670
326
-18
-372
-730
-1089
-1452
-1816
-2190
-2568
-2942
-3315
-3689
-4067
-4441
-4824
-5198