1200200
1176210
1152219
1128229
1104238
1080248
1056258
1032267
1008277
984286
960296
936306
912315
888325
864334
840344
816354
792363
768373
744382
720392
696402
672411
648421
624430
600440
576450
552459
528469
504478
480488
456498
432507
408517
384526
360536
336546
312555
288565
264574
240584
216594
192603
168613
144622
120632
96642
72651
48661
24670
48661
72651
96642
120632
144622
168613
192603
216594
240584
264574
288565
312555
336546
360536
384526
408517
432507
456498
480488
504478
528469
552459
576450
600440
624430
648421
672411
696402
720392
744382
768373
792363
816354
840344
864334
888325
912315
936306
960296
984286
1008277
1032267
1056258
1080248
1104238
1128229
1152219
1176210
1200200
1224190
-4993
-4226
-3504
-2817
-2165
-1527
-925
-347
192
705
1188
1632
2040
2404
2728
3002
3236
3426
3570
3680
3770
3824
3864
3884
3894
3894
3879
3864
3854
3839
3819
3809
3794
3785
3765
3750
3735
3725
3705
3685
3680
3665
3650
3640
3630
3615
3610
3595
3590
3585
3500
3471
3451
3426
3411
3396
3376
3356
3346
3331
3311
3301
3286
3271
3256
3236
3216
3192
3172
3147
3127
3102
3077
3042
3017
2982
2942
2907
2868
2823
2763
2688
2579
2439
2245
2016
1722
1378
984
550
72
-441
-989
-1572
-2190
-2827
-3499
-4192
-4894
-5621