1200200
1176210
1152219
1128229
1104238
1080248
1056258
1032267
1008277
984286
960296
936306
912315
888325
864334
840344
816354
792363
768373
744382
720392
696402
672411
648421
624430
600440
576450
552459
528469
504478
480488
456498
432507
408517
384526
360536
336546
312555
288565
264574
240584
216594
192603
168613
144622
120632
96642
72651
48661
24670
48661
72651
96642
120632
144622
168613
192603
216594
240584
264574
288565
312555
336546
360536
384526
408517
432507
456498
480488
504478
528469
552459
576450
600440
624430
648421
672411
696402
720392
744382
768373
792363
816354
840344
864334
888325
912315
936306
960296
984286
1008277
1032267
1056258
1080248
1104238
1128229
1152219
1176210
1200200
1224190
-2578
-2379
-2204
-2035
-1861
-1701
-1532
-1368
-1203
-1044
-880
-725
-581
-436
-297
-178
-63
42
132
202
261
306
346
366
386
401
416
411
421
426
436
441
441
441
441
441
446
451
456
451
451
456
461
456
461
461
461
466
466
461
456
451
441
436
436
426
426
431
416
411
416
411
406
401
401
401
386
386
381
371
366
356
351
346
316
301
276
242
197
147
72
-8
-103
-212
-317
-451
-591
-740
-890
-1044
-1208
-1373
-1537
-1706
-1876
-2040
-2204
-2379
-2543
-2712