1200222
1176229
1152235
1128242
1104248
1080255
1056261
1032268
1008274
984281
960287
936294
912300
888307
864313
840319
816326
792332
768339
744345
720352
696358
672365
648371
624378
600384
576391
552397
528404
504410
480417
456423
432430
408436
384443
360449
336456
312462
288469
264475
240481
216488
192494
168501
144507
120514
96520
72527
48533
24540
48533
72527
96520
120514
144507
168501
192494
216488
240481
264475
288469
312462
336456
360449
384443
408436
432430
456423
480417
504410
528404
552397
576391
600384
624378
648371
672365
696358
720352
744345
768339
792332
816326
840319
864313
888307
912300
936294
960287
984281
1008274
1032268
1056261
1080255
1104248
1128242
1152235
1176229
1200222
1224216
-7911
-7348
-6566
-5745
-4918
-4106
-3334
-2597
-1900
-1252
-659
-126
339
738
1073
1357
1571
1726
1836
1925
1985
2030
2065
2090
2110
2130
2145
2165
2175
2190
2200
2210
2220
2235
2240
2250
2259
2259
2279
2289
2289
2294
2309
2314
2319
2329
2329
2344
2344
2354
2329
2304
2289
2269
2255
2235
2220
2205
2190
2175
2160
2145
2130
2115
2105
2090
2080
2065
2045
2035
2005
1995
1975
1950
1930
1900
1880
1841
1806
1756
1701
1621
1516
1377
1182
923
599
205
-266
-814
-1436
-2139
-2926
-3782
-4719
-5735
-6815
-7956
-9141
-10197