1200222
1176229
1152235
1128242
1104248
1080255
1056261
1032268
1008274
984281
960287
936294
912300
888307
864313
840319
816326
792332
768339
744345
720352
696358
672365
648371
624378
600384
576391
552397
528404
504410
480417
456423
432430
408436
384443
360449
336456
312462
288469
264475
240481
216488
192494
168501
144507
120514
96520
72527
48533
24540
48533
72527
96520
120514
144507
168501
192494
216488
240481
264475
288469
312462
336456
360449
384443
408436
432430
456423
480417
504410
528404
552397
576391
600384
624378
648371
672365
696358
720352
744345
768339
792332
816326
840319
864313
888307
912300
936294
960287
984281
1008274
1032268
1056261
1080255
1104248
1128242
1152235
1176229
1200222
1224216
-3434
-3573
-3324
-2876
-2383
-1900
-1441
-1048
-694
-395
-141
50
205
319
404
459
494
524
539
549
559
559
569
564
569
564
564
569
569
564
564
569
569
559
559
559
564
559
564
564
564
564
564
564
564
564
564
564
564
564
559
554
554
549
544
539
539
534
534
534
534
529
524
529
524
519
519
514
514
509
509
499
489
489
484
484
474
464
454
444
434
419
399
369
324
260
180
60
-92
-286
-540
-849
-1227
-1685
-2233
-2881
-3638
-4509
-5486
-6576