1200222
1176229
1152235
1128242
1104248
1080255
1056261
1032268
1008274
984281
960287
936294
912300
888307
864313
840319
816326
792332
768339
744345
720352
696358
672365
648371
624378
600384
576391
552397
528404
504410
480417
456423
432430
408436
384443
360449
336456
312462
288469
264475
240481
216488
192494
168501
144507
120514
96520
72527
48533
24540
48533
72527
96520
120514
144507
168501
192494
216488
240481
264475
288469
312462
336456
360449
384443
408436
432430
456423
480417
504410
528404
552397
576391
600384
624378
648371
672365
696358
720352
744345
768339
792332
816326
840319
864313
888307
912300
936294
960287
984281
1008274
1032268
1056261
1080255
1104248
1128242
1152235
1176229
1200222
1224216
-7946
-7378
-6646
-5889
-5127
-4375
-3653
-2955
-2303
-1690
-1128
-620
-166
225
559
843
1073
1242
1372
1452
1516
1566
1596
1616
1636
1656
1676
1691
1701
1711
1721
1731
1741
1746
1761
1771
1781
1786
1791
1796
1806
1811
1816
1826
1836
1846
1851
1846
1856
1861
1836
1821
1806
1791
1781
1766
1756
1746
1731
1716
1701
1701
1686
1666
1651
1646
1631
1621
1611
1591
1576
1561
1541
1521
1506
1486
1457
1427
1382
1342
1282
1197
1078
923
723
464
150
-231
-679
-1187
-1765
-2427
-3175
-4006
-4928
-5919
-6995
-8130
-9306
-10197