1200222
1176229
1152235
1128242
1104248
1080255
1056261
1032268
1008274
984281
960287
936294
912300
888307
864313
840319
816326
792332
768339
744345
720352
696358
672365
648371
624378
600384
576391
552397
528404
504410
480417
456423
432430
408436
384443
360449
336456
312462
288469
264475
240481
216488
192494
168501
144507
120514
96520
72527
48533
24540
48533
72527
96520
120514
144507
168501
192494
216488
240481
264475
288469
312462
336456
360449
384443
408436
432430
456423
480417
504410
528404
552397
576391
600384
624378
648371
672365
696358
720352
744345
768339
792332
816326
840319
864313
888307
912300
936294
960287
984281
1008274
1032268
1056261
1080255
1104248
1128242
1152235
1176229
1200222
1224216
-4599
-4524
-4026
-3344
-2642
-1974
-1377
-869
-460
-116
135
334
484
584
654
693
728
753
763
768
778
773
773
773
773
778
768
773
768
768
768
763
763
758
763
763
758
758
758
758
758
753
758
758
758
758
753
758
753
753
743
743
738
733
733
728
728
723
723
723
718
718
708
708
708
703
703
698
688
684
684
684
674
669
659
664
659
644
644
634
629
609
594
574
544
504
439
344
215
10
-256
-615
-1073
-1651
-2368
-3224
-4235
-5401
-6706
-8145