1200222
1176229
1152235
1128242
1104248
1080255
1056261
1032268
1008274
984281
960287
936294
912300
888307
864313
840319
816326
792332
768339
744345
720352
696358
672365
648371
624378
600384
576391
552397
528404
504410
480417
456423
432430
408436
384443
360449
336456
312462
288469
264475
240481
216488
192494
168501
144507
120514
96520
72527
48533
24540
48533
72527
96520
120514
144507
168501
192494
216488
240481
264475
288469
312462
336456
360449
384443
408436
432430
456423
480417
504410
528404
552397
576391
600384
624378
648371
672365
696358
720352
744345
768339
792332
816326
840319
864313
888307
912300
936294
960287
984281
1008274
1032268
1056261
1080255
1104248
1128242
1152235
1176229
1200222
1224216
-6123
-4888
-3618
-2398
-1247
-216
674
1432
2045
2534
2913
3212
3446
3641
3806
3940
4045
4125
4195
4244
4289
4324
4354
4379
4399
4419
4434
4454
4464
4479
4494
4494
4509
4514
4519
4524
4534
4534
4539
4544
4549
4544
4544
4544
4544
4549
4549
4549
4544
4544
4519
4509
4484
4469
4464
4454
4439
4434
4414
4404
4394
4379
4369
4359
4334
4314
4309
4289
4274
4254
4229
4200
4175
4150
4115
4085
4050
4010
3965
3915
3850
3786
3706
3616
3496
3357
3187
2958
2673
2309
1861
1322
664
-112
-998
-2019
-3160
-4390
-5725
-7139