1200222
1176229
1152235
1128242
1104248
1080255
1056261
1032268
1008274
984281
960287
936294
912300
888307
864313
840319
816326
792332
768339
744345
720352
696358
672365
648371
624378
600384
576391
552397
528404
504410
480417
456423
432430
408436
384443
360449
336456
312462
288469
264475
240481
216488
192494
168501
144507
120514
96520
72527
48533
24540
48533
72527
96520
120514
144507
168501
192494
216488
240481
264475
288469
312462
336456
360449
384443
408436
432430
456423
480417
504410
528404
552397
576391
600384
624378
648371
672365
696358
720352
744345
768339
792332
816326
840319
864313
888307
912300
936294
960287
984281
1008274
1032268
1056261
1080255
1104248
1128242
1152235
1176229
1200222
1224216
-7393
-6920
-6268
-5580
-4883
-4196
-3538
-2916
-2318
-1775
-1272
-824
-425
-82
220
459
659
803
918
998
1053
1092
1122
1142
1157
1172
1192
1207
1222
1232
1247
1252
1267
1277
1277
1292
1302
1312
1322
1327
1337
1347
1357
1362
1372
1382
1387
1387
1392
1402
1387
1367
1357
1347
1332
1322
1317
1307
1297
1287
1272
1257
1247
1242
1227
1212
1192
1182
1172
1157
1142
1132
1117
1097
1078
1058
1028
1003
968
928
878
798
703
569
389
170
-112
-435
-819
-1277
-1805
-2398
-3080
-3852
-4719
-5670
-6691
-7782
-8912
-10078