1200222
1176229
1152235
1128242
1104248
1080255
1056261
1032268
1008274
984281
960287
936294
912300
888307
864313
840319
816326
792332
768339
744345
720352
696358
672365
648371
624378
600384
576391
552397
528404
504410
480417
456423
432430
408436
384443
360449
336456
312462
288469
264475
240481
216488
192494
168501
144507
120514
96520
72527
48533
24540
48533
72527
96520
120514
144507
168501
192494
216488
240481
264475
288469
312462
336456
360449
384443
408436
432430
456423
480417
504410
528404
552397
576391
600384
624378
648371
672365
696358
720352
744345
768339
792332
816326
840319
864313
888307
912300
936294
960287
984281
1008274
1032268
1056261
1080255
1104248
1128242
1152235
1176229
1200222
1224216
-7991
-7418
-6681
-5904
-5132
-4370
-3623
-2916
-2248
-1626
-1058
-535
-77
314
669
953
1182
1347
1472
1566
1621
1676
1701
1726
1741
1766
1781
1791
1811
1816
1831
1836
1846
1851
1866
1875
1880
1890
1890
1900
1905
1910
1920
1930
1940
1940
1950
1955
1965
1970
1945
1925
1910
1890
1880
1866
1856
1846
1831
1821
1806
1791
1776
1766
1756
1741
1726
1711
1706
1691
1671
1651
1636
1621
1596
1571
1551
1521
1476
1437
1367
1287
1177
1018
813
544
225
-161
-615
-1138
-1735
-2408
-3160
-4001
-4933
-5934
-7010
-8150
-9336
-10197