1200222
1176229
1152235
1128242
1104248
1080255
1056261
1032268
1008274
984281
960287
936294
912300
888307
864313
840319
816326
792332
768339
744345
720352
696358
672365
648371
624378
600384
576391
552397
528404
504410
480417
456423
432430
408436
384443
360449
336456
312462
288469
264475
240481
216488
192494
168501
144507
120514
96520
72527
48533
24540
48533
72527
96520
120514
144507
168501
192494
216488
240481
264475
288469
312462
336456
360449
384443
408436
432430
456423
480417
504410
528404
552397
576391
600384
624378
648371
672365
696358
720352
744345
768339
792332
816326
840319
864313
888307
912300
936294
960287
984281
1008274
1032268
1056261
1080255
1104248
1128242
1152235
1176229
1200222
1224216
-10197
-10197
-10197
-10197
-10197
-10197
-10197
-9764
-8992
-8225
-7513
-6751
-6208
-5680
-5291
-4724
-4380
-3971
-3717
-3349
-2796
-2492
-1815
-1954
-1606
-1187
-888
-570
-7
-72
280
659
868
973
1162
1347
1751
1915
2205
2419
2644
2868
3097
3332
3561
3791
4010
4229
4434
4643
4354
4085
3826
3591
3352
3137
2898
2693
2444
2185
1940
1711
1447
1197
1097
808
639
280
-67
-311
-570
-978
-1362
-1730
-2014
-1855
-2701
-3040
-3483
-3717
-4285
-4724
-4997
-5321
-5809
-6098
-6611
-7114
-7518
-7642
-8564
-8603
-9236
-9814
-10197
-10197
-10197
-10197
-10197
-10197