1200222
1176229
1152235
1128242
1104248
1080255
1056261
1032268
1008274
984281
960287
936294
912300
888307
864313
840319
816326
792332
768339
744345
720352
696358
672365
648371
624378
600384
576391
552397
528404
504410
480417
456423
432430
408436
384443
360449
336456
312462
288469
264475
240481
216488
192494
168501
144507
120514
96520
72527
48533
24540
48533
72527
96520
120514
144507
168501
192494
216488
240481
264475
288469
312462
336456
360449
384443
408436
432430
456423
480417
504410
528404
552397
576391
600384
624378
648371
672365
696358
720352
744345
768339
792332
816326
840319
864313
888307
912300
936294
960287
984281
1008274
1032268
1056261
1080255
1104248
1128242
1152235
1176229
1200222
1224216
-4420
-4435
-3991
-3354
-2672
-2034
-1441
-938
-520
-186
80
280
424
534
599
649
688
703
713
723
728
733
728
733
728
728
728
733
733
723
728
723
723
723
723
718
728
718
718
718
713
718
718
713
713
713
713
713
718
718
708
703
698
698
698
688
688
684
684
679
679
679
669
669
669
659
654
654
659
654
639
644
639
629
629
624
614
619
604
594
589
579
559
534
504
459
389
290
145
-62
-336
-689
-1152
-1725
-2437
-3284
-4280
-5426
-6716
-8130