1200200
1176210
1152219
1128229
1104238
1080248
1056258
1032267
1008277
984286
960296
936306
912315
888325
864334
840344
816354
792363
768373
744382
720392
696402
672411
648421
624430
600440
576450
552459
528469
504478
480488
456498
432507
408517
384526
360536
336546
312555
288565
264574
240584
216594
192603
168613
144622
120632
96642
72651
48661
24670
48661
72651
96642
120632
144622
168613
192603
216594
240584
264574
288565
312555
336546
360536
384526
408517
432507
456498
480488
504478
528469
552459
576450
600440
624430
648421
672411
696402
720392
744382
768373
792363
816354
840344
864334
888325
912315
936306
960296
984286
1008277
1032267
1056258
1080248
1104238
1128229
1152219
1176210
1200200
1224190
-5392
-4774
-4251
-3783
-3355
-2942
-2538
-2145
-1761
-1393
-1014
-636
-277
87
446
790
1143
1477
1811
2145
2454
2758
3047
3321
3580
3814
4029
4223
4402
4547
4681
4801
4906
4995
5070
5145
5200
5255
5294
5329
5354
5374
5389
5409
5414
5419
5424
5429
5429
5424
5294
5205
5135
5080
5030
4990
4946
4906
4866
4831
4786
4751
4701
4652
4597
4527
4447
4363
4263
4143
4004
3854
3680
3481
3266
3032
2783
2514
2235
1936
1627
1303
984
640
301
-53
-412
-765
-1129
-1492
-1866
-2234
-2608
-2981
-3355
-3733
-4112
-4485
-4864
-5242