1200222
1176229
1152235
1128242
1104248
1080255
1056261
1032268
1008274
984281
960287
936294
912300
888307
864313
840319
816326
792332
768339
744345
720352
696358
672365
648371
624378
600384
576391
552397
528404
504410
480417
456423
432430
408436
384443
360449
336456
312462
288469
264475
240481
216488
192494
168501
144507
120514
96520
72527
48533
24540
48533
72527
96520
120514
144507
168501
192494
216488
240481
264475
288469
312462
336456
360449
384443
408436
432430
456423
480417
504410
528404
552397
576391
600384
624378
648371
672365
696358
720352
744345
768339
792332
816326
840319
864313
888307
912300
936294
960287
984281
1008274
1032268
1056261
1080255
1104248
1128242
1152235
1176229
1200222
1224216
-4619
-4415
-3857
-3120
-2333
-1576
-908
-356
75
419
674
863
993
1097
1172
1217
1247
1262
1277
1277
1282
1282
1287
1287
1277
1287
1287
1282
1287
1282
1282
1282
1287
1282
1287
1287
1282
1282
1287
1282
1282
1282
1282
1282
1287
1287
1277
1282
1277
1287
1262
1267
1262
1257
1247
1242
1237
1232
1227
1217
1222
1212
1207
1207
1207
1197
1192
1192
1182
1177
1167
1162
1152
1147
1142
1132
1122
1107
1102
1082
1073
1053
1038
1018
993
953
898
818
703
534
280
-62
-535
-1167
-1969
-2965
-4131
-5466
-6930
-8519