1200222
1176229
1152235
1128242
1104248
1080255
1056261
1032268
1008274
984281
960287
936294
912300
888307
864313
840319
816326
792332
768339
744345
720352
696358
672365
648371
624378
600384
576391
552397
528404
504410
480417
456423
432430
408436
384443
360449
336456
312462
288469
264475
240481
216488
192494
168501
144507
120514
96520
72527
48533
24540
48533
72527
96520
120514
144507
168501
192494
216488
240481
264475
288469
312462
336456
360449
384443
408436
432430
456423
480417
504410
528404
552397
576391
600384
624378
648371
672365
696358
720352
744345
768339
792332
816326
840319
864313
888307
912300
936294
960287
984281
1008274
1032268
1056261
1080255
1104248
1128242
1152235
1176229
1200222
1224216
-7592
-7069
-6392
-5680
-4978
-4280
-3603
-2960
-2348
-1785
-1267
-804
-380
-27
280
539
748
908
1028
1107
1167
1207
1232
1257
1277
1292
1307
1327
1337
1352
1352
1372
1377
1392
1397
1412
1422
1427
1437
1447
1447
1457
1462
1472
1476
1486
1491
1501
1506
1511
1496
1476
1467
1452
1442
1422
1417
1412
1402
1387
1377
1362
1357
1342
1332
1317
1302
1292
1277
1262
1252
1237
1217
1197
1182
1162
1137
1102
1073
1028
973
893
788
644
459
225
-62
-395
-799
-1267
-1805
-2418
-3115
-3912
-4788
-5755
-6800
-7901
-9047
-10197