1200200
1176210
1152219
1128229
1104238
1080248
1056258
1032267
1008277
984286
960296
936306
912315
888325
864334
840344
816354
792363
768373
744382
720392
696402
672411
648421
624430
600440
576450
552459
528469
504478
480488
456498
432507
408517
384526
360536
336546
312555
288565
264574
240584
216594
192603
168613
144622
120632
96642
72651
48661
24670
48661
72651
96642
120632
144622
168613
192603
216594
240584
264574
288565
312555
336546
360536
384526
408517
432507
456498
480488
504478
528469
552459
576450
600440
624430
648421
672411
696402
720392
744382
768373
792363
816354
840344
864334
888325
912315
936306
960296
984286
1008277
1032267
1056258
1080248
1104238
1128229
1152219
1176210
1200200
1224190
-3260
-2976
-2747
-2528
-2304
-2090
-1881
-1667
-1452
-1233
-1024
-810
-606
-407
-212
-38
132
281
396
506
590
660
710
755
780
810
820
825
835
840
840
849
849
849
854
859
859
854
859
859
859
859
859
859
864
869
864
869
869
864
854
844
840
830
830
820
810
805
800
795
795
790
780
770
780
765
760
750
745
735
725
705
695
685
660
635
600
546
491
416
321
217
82
-73
-232
-422
-616
-830
-1039
-1253
-1472
-1692
-1906
-2125
-2339
-2553
-2762
-2971
-3181
-3390