1200222
1176229
1152235
1128242
1104248
1080255
1056261
1032268
1008274
984281
960287
936294
912300
888307
864313
840319
816326
792332
768339
744345
720352
696358
672365
648371
624378
600384
576391
552397
528404
504410
480417
456423
432430
408436
384443
360449
336456
312462
288469
264475
240481
216488
192494
168501
144507
120514
96520
72527
48533
24540
48533
72527
96520
120514
144507
168501
192494
216488
240481
264475
288469
312462
336456
360449
384443
408436
432430
456423
480417
504410
528404
552397
576391
600384
624378
648371
672365
696358
720352
744345
768339
792332
816326
840319
864313
888307
912300
936294
960287
984281
1008274
1032268
1056261
1080255
1104248
1128242
1152235
1176229
1200222
1224216
-4539
-4455
-3962
-3294
-2592
-1929
-1332
-819
-410
-82
175
364
504
614
679
728
758
773
793
793
798
803
803
803
793
798
788
788
798
793
788
793
788
783
783
783
783
788
783
783
778
778
783
788
783
783
778
783
778
778
768
768
763
758
753
753
748
748
743
743
738
738
733
733
728
718
723
723
713
708
713
698
698
693
688
679
679
674
669
659
649
634
619
599
574
529
469
384
240
45
-216
-570
-1033
-1621
-2338
-3204
-4230
-5406
-6726
-8170