1200222
1176229
1152235
1128242
1104248
1080255
1056261
1032268
1008274
984281
960287
936294
912300
888307
864313
840319
816326
792332
768339
744345
720352
696358
672365
648371
624378
600384
576391
552397
528404
504410
480417
456423
432430
408436
384443
360449
336456
312462
288469
264475
240481
216488
192494
168501
144507
120514
96520
72527
48533
24540
48533
72527
96520
120514
144507
168501
192494
216488
240481
264475
288469
312462
336456
360449
384443
408436
432430
456423
480417
504410
528404
552397
576391
600384
624378
648371
672365
696358
720352
744345
768339
792332
816326
840319
864313
888307
912300
936294
960287
984281
1008274
1032268
1056261
1080255
1104248
1128242
1152235
1176229
1200222
1224216
-5809
-5007
-3981
-2945
-1984
-1108
-361
255
778
1202
1566
1870
2130
2344
2539
2693
2818
2913
2988
3038
3082
3107
3142
3157
3182
3202
3212
3227
3237
3247
3252
3257
3262
3262
3272
3272
3272
3277
3272
3277
3277
3272
3277
3267
3272
3272
3272
3267
3272
3267
3242
3222
3212
3197
3187
3177
3162
3152
3142
3127
3117
3102
3082
3072
3057
3052
3033
3018
2998
2978
2953
2938
2913
2893
2858
2833
2803
2768
2738
2693
2644
2594
2524
2449
2354
2225
2050
1831
1536
1172
738
220
-385
-1108
-1964
-2960
-4091
-5346
-6726
-8215