1200222
1176229
1152235
1128242
1104248
1080255
1056261
1032268
1008274
984281
960287
936294
912300
888307
864313
840319
816326
792332
768339
744345
720352
696358
672365
648371
624378
600384
576391
552397
528404
504410
480417
456423
432430
408436
384443
360449
336456
312462
288469
264475
240481
216488
192494
168501
144507
120514
96520
72527
48533
24540
48533
72527
96520
120514
144507
168501
192494
216488
240481
264475
288469
312462
336456
360449
384443
408436
432430
456423
480417
504410
528404
552397
576391
600384
624378
648371
672365
696358
720352
744345
768339
792332
816326
840319
864313
888307
912300
936294
960287
984281
1008274
1032268
1056261
1080255
1104248
1128242
1152235
1176229
1200222
1224216
-8006
-7428
-6661
-5849
-5037
-4240
-3473
-2746
-2054
-1416
-824
-301
165
574
923
1202
1422
1591
1711
1791
1861
1900
1930
1960
1980
2000
2015
2025
2035
2050
2060
2070
2085
2090
2095
2115
2120
2125
2135
2140
2155
2155
2160
2175
2175
2185
2195
2190
2200
2205
2190
2165
2150
2130
2115
2095
2085
2070
2055
2045
2030
2020
2000
1995
1970
1960
1950
1930
1915
1895
1890
1875
1851
1831
1811
1786
1756
1721
1681
1636
1581
1496
1387
1247
1038
768
444
55
-415
-958
-1586
-2268
-3045
-3907
-4838
-5849
-6925
-8071
-9266
-10197