1200200
1176210
1152219
1128229
1104238
1080248
1056258
1032267
1008277
984286
960296
936306
912315
888325
864334
840344
816354
792363
768373
744382
720392
696402
672411
648421
624430
600440
576450
552459
528469
504478
480488
456498
432507
408517
384526
360536
336546
312555
288565
264574
240584
216594
192603
168613
144622
120632
96642
72651
48661
24670
48661
72651
96642
120632
144622
168613
192603
216594
240584
264574
288565
312555
336546
360536
384526
408517
432507
456498
480488
504478
528469
552459
576450
600440
624430
648421
672411
696402
720392
744382
768373
792363
816354
840344
864334
888325
912315
936306
960296
984286
1008277
1032267
1056258
1080248
1104238
1128229
1152219
1176210
1200200
1224190
-3689
-3350
-3076
-2807
-2558
-2309
-2055
-1806
-1557
-1303
-1054
-810
-561
-327
-103
107
301
481
635
760
874
959
1024
1079
1109
1134
1158
1178
1183
1193
1198
1198
1198
1203
1203
1203
1203
1208
1203
1203
1203
1208
1208
1203
1208
1208
1208
1208
1203
1208
1188
1178
1163
1153
1148
1138
1129
1124
1114
1104
1104
1094
1084
1079
1074
1059
1059
1044
1034
1024
1009
994
979
954
929
899
854
805
730
650
541
411
256
82
-128
-352
-586
-830
-1079
-1333
-1592
-1841
-2095
-2349
-2603
-2847
-3091
-3330
-3574
-3813