1200222
1176229
1152235
1128242
1104248
1080255
1056261
1032268
1008274
984281
960287
936294
912300
888307
864313
840319
816326
792332
768339
744345
720352
696358
672365
648371
624378
600384
576391
552397
528404
504410
480417
456423
432430
408436
384443
360449
336456
312462
288469
264475
240481
216488
192494
168501
144507
120514
96520
72527
48533
24540
48533
72527
96520
120514
144507
168501
192494
216488
240481
264475
288469
312462
336456
360449
384443
408436
432430
456423
480417
504410
528404
552397
576391
600384
624378
648371
672365
696358
720352
744345
768339
792332
816326
840319
864313
888307
912300
936294
960287
984281
1008274
1032268
1056261
1080255
1104248
1128242
1152235
1176229
1200222
1224216
-4489
-4285
-3772
-3110
-2408
-1740
-1147
-639
-231
100
339
524
659
748
823
863
888
903
913
918
928
928
928
928
928
923
923
918
923
918
918
913
918
913
918
913
913
908
918
913
908
913
908
908
913
913
913
908
908
913
903
898
893
888
878
883
878
873
873
868
868
863
863
853
853
848
848
843
843
838
828
828
818
813
813
798
798
793
783
773
768
758
738
718
698
664
604
524
399
215
-37
-385
-844
-1441
-2173
-3070
-4121
-5331
-6686
-8185