1200200
1176210
1152219
1128229
1104238
1080248
1056258
1032267
1008277
984286
960296
936306
912315
888325
864334
840344
816354
792363
768373
744382
720392
696402
672411
648421
624430
600440
576450
552459
528469
504478
480488
456498
432507
408517
384526
360536
336546
312555
288565
264574
240584
216594
192603
168613
144622
120632
96642
72651
48661
24670
48661
72651
96642
120632
144622
168613
192603
216594
240584
264574
288565
312555
336546
360536
384526
408517
432507
456498
480488
504478
528469
552459
576450
600440
624430
648421
672411
696402
720392
744382
768373
792363
816354
840344
864334
888325
912315
936306
960296
984286
1008277
1032267
1056258
1080248
1104238
1128229
1152219
1176210
1200200
1224190
-4829
-4052
-3335
-2643
-1985
-1353
-740
-158
386
904
1383
1836
2240
2599
2922
3192
3431
3610
3760
3869
3949
4009
4044
4074
4079
4079
4079
4069
4044
4034
4019
3999
3984
3969
3949
3934
3919
3904
3889
3869
3864
3839
3829
3809
3799
3790
3785
3770
3765
3760
3680
3645
3620
3605
3585
3575
3560
3545
3530
3515
3496
3481
3466
3446
3431
3416
3391
3376
3356
3336
3301
3281
3251
3216
3187
3157
3122
3087
3047
2997
2932
2858
2743
2609
2414
2180
1891
1547
1163
725
242
-277
-830
-1418
-2035
-2683
-3355
-4057
-4769
-5506