1200222
1176229
1152235
1128242
1104248
1080255
1056261
1032268
1008274
984281
960287
936294
912300
888307
864313
840319
816326
792332
768339
744345
720352
696358
672365
648371
624378
600384
576391
552397
528404
504410
480417
456423
432430
408436
384443
360449
336456
312462
288469
264475
240481
216488
192494
168501
144507
120514
96520
72527
48533
24540
48533
72527
96520
120514
144507
168501
192494
216488
240481
264475
288469
312462
336456
360449
384443
408436
432430
456423
480417
504410
528404
552397
576391
600384
624378
648371
672365
696358
720352
744345
768339
792332
816326
840319
864313
888307
912300
936294
960287
984281
1008274
1032268
1056261
1080255
1104248
1128242
1152235
1176229
1200222
1224216
-7821
-7259
-6497
-5665
-4838
-4026
-3244
-2502
-1805
-1157
-565
-27
434
833
1167
1437
1651
1801
1910
1995
2050
2105
2135
2165
2185
2205
2225
2240
2255
2269
2279
2284
2299
2304
2319
2329
2339
2349
2354
2369
2369
2384
2394
2399
2404
2409
2414
2424
2434
2434
2409
2389
2369
2359
2334
2314
2304
2284
2269
2255
2240
2225
2215
2195
2180
2170
2155
2135
2115
2100
2080
2060
2045
2020
1995
1975
1940
1910
1870
1821
1761
1686
1586
1452
1252
1008
684
290
-181
-729
-1357
-2059
-2846
-3703
-4634
-5645
-6726
-7866
-9062
-10197