1200222
1176229
1152235
1128242
1104248
1080255
1056261
1032268
1008274
984281
960287
936294
912300
888307
864313
840319
816326
792332
768339
744345
720352
696358
672365
648371
624378
600384
576391
552397
528404
504410
480417
456423
432430
408436
384443
360449
336456
312462
288469
264475
240481
216488
192494
168501
144507
120514
96520
72527
48533
24540
48533
72527
96520
120514
144507
168501
192494
216488
240481
264475
288469
312462
336456
360449
384443
408436
432430
456423
480417
504410
528404
552397
576391
600384
624378
648371
672365
696358
720352
744345
768339
792332
816326
840319
864313
888307
912300
936294
960287
984281
1008274
1032268
1056261
1080255
1104248
1128242
1152235
1176229
1200222
1224216
-5819
-5027
-4211
-3384
-2562
-1775
-1023
-331
309
873
1397
1856
2250
2584
2878
3102
3302
3446
3571
3671
3746
3821
3870
3925
3965
4000
4025
4060
4080
4110
4130
4140
4165
4180
4195
4210
4224
4239
4244
4259
4269
4289
4299
4304
4319
4329
4334
4339
4354
4364
4319
4284
4254
4220
4180
4155
4120
4095
4060
4035
4005
3980
3950
3915
3885
3855
3826
3791
3756
3726
3686
3646
3611
3566
3516
3461
3407
3337
3267
3177
3082
2973
2838
2683
2489
2255
1975
1641
1242
778
255
-331
-1003
-1745
-2557
-3449
-4415
-5446
-6541
-7697