1200222
1176229
1152235
1128242
1104248
1080255
1056261
1032268
1008274
984281
960287
936294
912300
888307
864313
840319
816326
792332
768339
744345
720352
696358
672365
648371
624378
600384
576391
552397
528404
504410
480417
456423
432430
408436
384443
360449
336456
312462
288469
264475
240481
216488
192494
168501
144507
120514
96520
72527
48533
24540
48533
72527
96520
120514
144507
168501
192494
216488
240481
264475
288469
312462
336456
360449
384443
408436
432430
456423
480417
504410
528404
552397
576391
600384
624378
648371
672365
696358
720352
744345
768339
792332
816326
840319
864313
888307
912300
936294
960287
984281
1008274
1032268
1056261
1080255
1104248
1128242
1152235
1176229
1200222
1224216
-6093
-5401
-4629
-3822
-3015
-2223
-1466
-764
-112
474
1013
1486
1895
2240
2529
2768
2958
3097
3217
3312
3392
3451
3501
3546
3591
3621
3656
3686
3701
3721
3746
3766
3786
3796
3821
3830
3845
3855
3870
3880
3895
3910
3915
3930
3950
3955
3965
3975
3985
3990
3950
3920
3880
3850
3821
3796
3771
3741
3711
3681
3656
3626
3601
3571
3541
3511
3486
3456
3427
3392
3357
3327
3282
3252
3202
3152
3102
3038
2978
2898
2813
2713
2589
2449
2264
2035
1761
1422
1018
539
-2
-625
-1322
-2089
-2945
-3862
-4858
-5929
-7054
-8230