1200222
1176229
1152235
1128242
1104248
1080255
1056261
1032268
1008274
984281
960287
936294
912300
888307
864313
840319
816326
792332
768339
744345
720352
696358
672365
648371
624378
600384
576391
552397
528404
504410
480417
456423
432430
408436
384443
360449
336456
312462
288469
264475
240481
216488
192494
168501
144507
120514
96520
72527
48533
24540
48533
72527
96520
120514
144507
168501
192494
216488
240481
264475
288469
312462
336456
360449
384443
408436
432430
456423
480417
504410
528404
552397
576391
600384
624378
648371
672365
696358
720352
744345
768339
792332
816326
840319
864313
888307
912300
936294
960287
984281
1008274
1032268
1056261
1080255
1104248
1128242
1152235
1176229
1200222
1224216
-7906
-7338
-6621
-5869
-5122
-4380
-3663
-2970
-2323
-1720
-1152
-654
-201
185
514
798
1023
1192
1317
1412
1476
1516
1541
1571
1591
1606
1621
1636
1651
1656
1676
1681
1686
1701
1711
1716
1726
1731
1736
1746
1756
1766
1766
1781
1786
1786
1786
1801
1806
1811
1796
1776
1761
1746
1731
1716
1711
1696
1681
1671
1656
1646
1636
1626
1616
1601
1586
1581
1561
1546
1536
1516
1501
1481
1457
1437
1412
1377
1347
1297
1237
1152
1033
888
684
424
110
-266
-704
-1202
-1785
-2437
-3180
-4006
-4918
-5914
-6985
-8120
-9291
-10197