1200200
1176210
1152219
1128229
1104238
1080248
1056258
1032267
1008277
984286
960296
936306
912315
888325
864334
840344
816354
792363
768373
744382
720392
696402
672411
648421
624430
600440
576450
552459
528469
504478
480488
456498
432507
408517
384526
360536
336546
312555
288565
264574
240584
216594
192603
168613
144622
120632
96642
72651
48661
24670
48661
72651
96642
120632
144622
168613
192603
216594
240584
264574
288565
312555
336546
360536
384526
408517
432507
456498
480488
504478
528469
552459
576450
600440
624430
648421
672411
696402
720392
744382
768373
792363
816354
840344
864334
888325
912315
936306
960296
984286
1008277
1032267
1056258
1080248
1104238
1128229
1152219
1176210
1200200
1224190
-5148
-4505
-3753
-3001
-2289
-1612
-974
-372
197
715
1213
1667
2075
2444
2753
3022
3246
3416
3545
3640
3705
3745
3765
3780
3780
3785
3780
3760
3750
3740
3725
3715
3695
3690
3670
3660
3650
3640
3625
3620
3610
3605
3590
3595
3585
3585
3580
3575
3575
3575
3515
3491
3481
3461
3446
3436
3436
3426
3416
3406
3391
3386
3371
3361
3341
3331
3321
3296
3281
3261
3236
3211
3177
3157
3122
3082
3062
3022
2982
2932
2878
2793
2693
2549
2364
2125
1831
1492
1094
645
167
-362
-930
-1532
-2165
-2822
-3504
-4212
-4944
-5691