1200200
1176210
1152219
1128229
1104238
1080248
1056258
1032267
1008277
984286
960296
936306
912315
888325
864334
840344
816354
792363
768373
744382
720392
696402
672411
648421
624430
600440
576450
552459
528469
504478
480488
456498
432507
408517
384526
360536
336546
312555
288565
264574
240584
216594
192603
168613
144622
120632
96642
72651
48661
24670
48661
72651
96642
120632
144622
168613
192603
216594
240584
264574
288565
312555
336546
360536
384526
408517
432507
456498
480488
504478
528469
552459
576450
600440
624430
648421
672411
696402
720392
744382
768373
792363
816354
840344
864334
888325
912315
936306
960296
984286
1008277
1032267
1056258
1080248
1104238
1128229
1152219
1176210
1200200
1224190
-4062
-3659
-3330
-3021
-2717
-2419
-2125
-1831
-1542
-1243
-959
-671
-397
-143
107
336
541
720
874
1004
1109
1193
1253
1303
1333
1358
1383
1403
1408
1413
1418
1413
1418
1428
1428
1432
1428
1428
1432
1428
1432
1428
1428
1432
1428
1432
1428
1428
1432
1432
1403
1388
1378
1363
1353
1343
1338
1328
1318
1308
1303
1293
1283
1283
1263
1258
1243
1238
1228
1218
1198
1188
1168
1148
1119
1089
1049
999
929
849
750
620
461
276
67
-178
-436
-710
-994
-1288
-1587
-1881
-2180
-2473
-2762
-3056
-3345
-3634
-3918
-4202