1200222
1176229
1152235
1128242
1104248
1080255
1056261
1032268
1008274
984281
960287
936294
912300
888307
864313
840319
816326
792332
768339
744345
720352
696358
672365
648371
624378
600384
576391
552397
528404
504410
480417
456423
432430
408436
384443
360449
336456
312462
288469
264475
240481
216488
192494
168501
144507
120514
96520
72527
48533
24540
48533
72527
96520
120514
144507
168501
192494
216488
240481
264475
288469
312462
336456
360449
384443
408436
432430
456423
480417
504410
528404
552397
576391
600384
624378
648371
672365
696358
720352
744345
768339
792332
816326
840319
864313
888307
912300
936294
960287
984281
1008274
1032268
1056261
1080255
1104248
1128242
1152235
1176229
1200222
1224216
-7652
-7099
-6332
-5506
-4674
-3857
-3070
-2333
-1626
-988
-390
135
594
993
1317
1576
1776
1920
2035
2110
2165
2220
2255
2284
2309
2329
2344
2359
2369
2389
2404
2419
2429
2439
2449
2459
2469
2484
2484
2499
2509
2519
2534
2534
2539
2549
2554
2564
2574
2584
2549
2529
2509
2489
2469
2454
2434
2414
2404
2389
2369
2354
2339
2329
2299
2289
2274
2255
2235
2220
2205
2180
2160
2140
2105
2080
2055
2015
1970
1925
1870
1796
1696
1561
1377
1137
823
429
-27
-580
-1197
-1910
-2691
-3553
-4489
-5501
-6576
-7717
-8907
-10137