1200222
1176229
1152235
1128242
1104248
1080255
1056261
1032268
1008274
984281
960287
936294
912300
888307
864313
840319
816326
792332
768339
744345
720352
696358
672365
648371
624378
600384
576391
552397
528404
504410
480417
456423
432430
408436
384443
360449
336456
312462
288469
264475
240481
216488
192494
168501
144507
120514
96520
72527
48533
24540
48533
72527
96520
120514
144507
168501
192494
216488
240481
264475
288469
312462
336456
360449
384443
408436
432430
456423
480417
504410
528404
552397
576391
600384
624378
648371
672365
696358
720352
744345
768339
792332
816326
840319
864313
888307
912300
936294
960287
984281
1008274
1032268
1056261
1080255
1104248
1128242
1152235
1176229
1200222
1224216
-7488
-6990
-6327
-5630
-4928
-4235
-3573
-2940
-2338
-1780
-1272
-809
-405
-47
250
509
708
863
978
1063
1117
1157
1182
1207
1232
1242
1262
1277
1287
1297
1307
1322
1337
1342
1347
1357
1367
1377
1387
1397
1402
1412
1417
1432
1442
1442
1457
1462
1462
1467
1452
1432
1427
1412
1402
1387
1377
1367
1357
1347
1337
1322
1307
1297
1292
1277
1267
1252
1242
1227
1207
1197
1172
1157
1142
1122
1097
1063
1033
988
933
858
748
614
429
200
-77
-425
-809
-1277
-1810
-2413
-3105
-3887
-4758
-5725
-6751
-7841
-8992
-10172