1200200
1176210
1152219
1128229
1104238
1080248
1056258
1032267
1008277
984286
960296
936306
912315
888325
864334
840344
816354
792363
768373
744382
720392
696402
672411
648421
624430
600440
576450
552459
528469
504478
480488
456498
432507
408517
384526
360536
336546
312555
288565
264574
240584
216594
192603
168613
144622
120632
96642
72651
48661
24670
48661
72651
96642
120632
144622
168613
192603
216594
240584
264574
288565
312555
336546
360536
384526
408517
432507
456498
480488
504478
528469
552459
576450
600440
624430
648421
672411
696402
720392
744382
768373
792363
816354
840344
864334
888325
912315
936306
960296
984286
1008277
1032267
1056258
1080248
1104238
1128229
1152219
1176210
1200200
1224190
-2259
-2075
-1911
-1756
-1602
-1452
-1293
-1149
-1004
-855
-720
-581
-446
-327
-207
-103
-8
72
152
202
252
281
306
321
336
341
351
351
361
366
366
371
376
381
386
386
381
386
386
391
386
396
386
391
391
396
396
396
396
401
391
381
381
381
376
371
371
366
356
361
356
351
351
351
341
341
336
336
326
326
321
316
311
296
286
271
247
227
192
152
92
32
-58
-143
-242
-352
-471
-601
-735
-880
-1014
-1164
-1313
-1462
-1612
-1761
-1911
-2065
-2214
-2374