1200222
1176229
1152235
1128242
1104248
1080255
1056261
1032268
1008274
984281
960287
936294
912300
888307
864313
840319
816326
792332
768339
744345
720352
696358
672365
648371
624378
600384
576391
552397
528404
504410
480417
456423
432430
408436
384443
360449
336456
312462
288469
264475
240481
216488
192494
168501
144507
120514
96520
72527
48533
24540
48533
72527
96520
120514
144507
168501
192494
216488
240481
264475
288469
312462
336456
360449
384443
408436
432430
456423
480417
504410
528404
552397
576391
600384
624378
648371
672365
696358
720352
744345
768339
792332
816326
840319
864313
888307
912300
936294
960287
984281
1008274
1032268
1056261
1080255
1104248
1128242
1152235
1176229
1200222
1224216
-5964
-5212
-4370
-3493
-2582
-1670
-754
125
963
1766
2484
3137
3691
4155
4544
4868
5122
5332
5506
5651
5766
5870
5955
6025
6090
6150
6189
6224
6264
6294
6314
6334
6359
6384
6399
6424
6434
6454
6469
6469
6484
6494
6509
6519
6534
6544
6554
6564
6569
6569
6529
6489
6449
6409
6374
6349
6309
6284
6239
6204
6170
6130
6095
6060
6020
5980
5935
5895
5835
5781
5726
5661
5591
5521
5436
5342
5222
5102
4958
4793
4604
4389
4145
3865
3536
3167
2738
2269
1736
1147
504
-176
-923
-1715
-2562
-3458
-4385
-5366
-6387
-7448