1200222
1176229
1152235
1128242
1104248
1080255
1056261
1032268
1008274
984281
960287
936294
912300
888307
864313
840319
816326
792332
768339
744345
720352
696358
672365
648371
624378
600384
576391
552397
528404
504410
480417
456423
432430
408436
384443
360449
336456
312462
288469
264475
240481
216488
192494
168501
144507
120514
96520
72527
48533
24540
48533
72527
96520
120514
144507
168501
192494
216488
240481
264475
288469
312462
336456
360449
384443
408436
432430
456423
480417
504410
528404
552397
576391
600384
624378
648371
672365
696358
720352
744345
768339
792332
816326
840319
864313
888307
912300
936294
960287
984281
1008274
1032268
1056261
1080255
1104248
1128242
1152235
1176229
1200222
1224216
-6128
-5306
-4260
-3185
-2173
-1257
-470
195
743
1192
1571
1885
2165
2404
2619
2808
2953
3072
3162
3222
3277
3317
3362
3382
3407
3432
3446
3461
3476
3481
3496
3506
3506
3516
3521
3526
3526
3526
3531
3526
3531
3531
3531
3531
3531
3536
3526
3531
3526
3521
3491
3476
3461
3446
3432
3417
3407
3397
3382
3372
3352
3337
3317
3307
3292
3282
3262
3237
3222
3192
3177
3152
3127
3092
3067
3043
3003
2963
2918
2873
2818
2748
2678
2574
2459
2289
2085
1821
1476
1087
624
95
-545
-1297
-2183
-3199
-4350
-5625
-7010
-8499