1200222
1176229
1152235
1128242
1104248
1080255
1056261
1032268
1008274
984281
960287
936294
912300
888307
864313
840319
816326
792332
768339
744345
720352
696358
672365
648371
624378
600384
576391
552397
528404
504410
480417
456423
432430
408436
384443
360449
336456
312462
288469
264475
240481
216488
192494
168501
144507
120514
96520
72527
48533
24540
48533
72527
96520
120514
144507
168501
192494
216488
240481
264475
288469
312462
336456
360449
384443
408436
432430
456423
480417
504410
528404
552397
576391
600384
624378
648371
672365
696358
720352
744345
768339
792332
816326
840319
864313
888307
912300
936294
960287
984281
1008274
1032268
1056261
1080255
1104248
1128242
1152235
1176229
1200222
1224216
-6397
-5555
-4470
-3349
-2303
-1347
-520
175
743
1212
1591
1915
2200
2439
2658
2848
2993
3117
3207
3282
3337
3382
3417
3441
3471
3486
3511
3526
3546
3556
3566
3581
3586
3591
3591
3601
3601
3601
3606
3606
3606
3611
3606
3616
3611
3606
3606
3606
3596
3601
3576
3556
3536
3526
3511
3496
3476
3466
3451
3441
3427
3412
3392
3382
3367
3342
3322
3307
3282
3267
3242
3222
3192
3162
3132
3092
3062
3023
2973
2923
2863
2798
2718
2614
2484
2309
2080
1806
1462
1053
584
35
-629
-1416
-2328
-3379
-4559
-5869
-7279
-8783