1200200
1176210
1152219
1128229
1104238
1080248
1056258
1032267
1008277
984286
960296
936306
912315
888325
864334
840344
816354
792363
768373
744382
720392
696402
672411
648421
624430
600440
576450
552459
528469
504478
480488
456498
432507
408517
384526
360536
336546
312555
288565
264574
240584
216594
192603
168613
144622
120632
96642
72651
48661
24670
48661
72651
96642
120632
144622
168613
192603
216594
240584
264574
288565
312555
336546
360536
384526
408517
432507
456498
480488
504478
528469
552459
576450
600440
624430
648421
672411
696402
720392
744382
768373
792363
816354
840344
864334
888325
912315
936306
960296
984286
1008277
1032267
1056258
1080248
1104238
1128229
1152219
1176210
1200200
1224190
-4197
-3778
-3410
-3061
-2732
-2414
-2090
-1791
-1487
-1193
-905
-626
-357
-93
157
386
600
800
979
1134
1268
1378
1472
1542
1587
1627
1662
1682
1697
1712
1717
1717
1722
1727
1727
1727
1722
1727
1727
1731
1731
1727
1727
1722
1722
1717
1722
1722
1722
1722
1687
1667
1652
1637
1622
1612
1597
1592
1577
1572
1562
1547
1537
1527
1517
1502
1492
1482
1472
1457
1437
1423
1398
1373
1348
1298
1248
1188
1104
1004
874
720
550
341
122
-128
-382
-656
-935
-1228
-1527
-1836
-2145
-2458
-2777
-3091
-3410
-3738
-4057
-4391