1200200
1176210
1152219
1128229
1104238
1080248
1056258
1032267
1008277
984286
960296
936306
912315
888325
864334
840344
816354
792363
768373
744382
720392
696402
672411
648421
624430
600440
576450
552459
528469
504478
480488
456498
432507
408517
384526
360536
336546
312555
288565
264574
240584
216594
192603
168613
144622
120632
96642
72651
48661
24670
48661
72651
96642
120632
144622
168613
192603
216594
240584
264574
288565
312555
336546
360536
384526
408517
432507
456498
480488
504478
528469
552459
576450
600440
624430
648421
672411
696402
720392
744382
768373
792363
816354
840344
864334
888325
912315
936306
960296
984286
1008277
1032267
1056258
1080248
1104238
1128229
1152219
1176210
1200200
1224190
-4565
-4132
-3704
-3300
-2907
-2518
-2140
-1756
-1403
-1049
-705
-387
-83
197
446
670
859
1019
1143
1253
1333
1388
1437
1472
1497
1517
1522
1542
1547
1552
1557
1562
1562
1562
1562
1557
1567
1567
1567
1562
1557
1567
1567
1562
1567
1562
1562
1567
1562
1567
1532
1522
1497
1487
1482
1467
1457
1447
1442
1428
1423
1413
1408
1393
1383
1368
1363
1353
1338
1328
1308
1293
1278
1263
1233
1203
1178
1134
1079
1014
934
835
705
541
351
122
-143
-436
-755
-1094
-1447
-1806
-2190
-2573
-2942
-3335
-3718
-4112
-4495
-4879