1200222
1176229
1152235
1128242
1104248
1080255
1056261
1032268
1008274
984281
960287
936294
912300
888307
864313
840319
816326
792332
768339
744345
720352
696358
672365
648371
624378
600384
576391
552397
528404
504410
480417
456423
432430
408436
384443
360449
336456
312462
288469
264475
240481
216488
192494
168501
144507
120514
96520
72527
48533
24540
48533
72527
96520
120514
144507
168501
192494
216488
240481
264475
288469
312462
336456
360449
384443
408436
432430
456423
480417
504410
528404
552397
576391
600384
624378
648371
672365
696358
720352
744345
768339
792332
816326
840319
864313
888307
912300
936294
960287
984281
1008274
1032268
1056261
1080255
1104248
1128242
1152235
1176229
1200222
1224216
-7323
-6786
-6019
-5197
-4355
-3528
-2736
-1989
-1287
-649
-57
459
908
1297
1611
1856
2045
2185
2289
2374
2439
2489
2529
2559
2589
2614
2634
2653
2673
2688
2703
2713
2733
2743
2758
2763
2778
2788
2803
2818
2823
2828
2848
2853
2863
2868
2878
2888
2893
2908
2873
2853
2828
2798
2783
2758
2738
2718
2708
2678
2663
2644
2629
2609
2589
2569
2544
2529
2509
2484
2464
2444
2414
2389
2359
2324
2284
2250
2205
2155
2090
2015
1910
1786
1621
1392
1092
718
260
-271
-888
-1591
-2363
-3234
-4156
-5162
-6233
-7368
-8549
-9779