1200200
1176210
1152219
1128229
1104238
1080248
1056258
1032267
1008277
984286
960296
936306
912315
888325
864334
840344
816354
792363
768373
744382
720392
696402
672411
648421
624430
600440
576450
552459
528469
504478
480488
456498
432507
408517
384526
360536
336546
312555
288565
264574
240584
216594
192603
168613
144622
120632
96642
72651
48661
24670
48661
72651
96642
120632
144622
168613
192603
216594
240584
264574
288565
312555
336546
360536
384526
408517
432507
456498
480488
504478
528469
552459
576450
600440
624430
648421
672411
696402
720392
744382
768373
792363
816354
840344
864334
888325
912315
936306
960296
984286
1008277
1032267
1056258
1080248
1104238
1128229
1152219
1176210
1200200
1224190
-4441
-3634
-2872
-2165
-1497
-855
-247
331
879
1393
1866
2305
2698
3047
3341
3605
3819
3984
4113
4208
4278
4323
4353
4373
4378
4378
4373
4368
4363
4348
4338
4318
4308
4288
4278
4263
4248
4233
4213
4198
4183
4168
4153
4143
4133
4123
4113
4103
4098
4084
4019
3984
3959
3939
3934
3919
3904
3894
3879
3864
3854
3839
3819
3799
3794
3775
3755
3735
3715
3685
3670
3635
3610
3580
3555
3515
3481
3436
3401
3351
3291
3211
3107
2967
2788
2564
2290
1956
1577
1148
680
167
-387
-989
-1607
-2264
-2947
-3659
-4376
-5118