1200222
1176229
1152235
1128242
1104248
1080255
1056261
1032268
1008274
984281
960287
936294
912300
888307
864313
840319
816326
792332
768339
744345
720352
696358
672365
648371
624378
600384
576391
552397
528404
504410
480417
456423
432430
408436
384443
360449
336456
312462
288469
264475
240481
216488
192494
168501
144507
120514
96520
72527
48533
24540
48533
72527
96520
120514
144507
168501
192494
216488
240481
264475
288469
312462
336456
360449
384443
408436
432430
456423
480417
504410
528404
552397
576391
600384
624378
648371
672365
696358
720352
744345
768339
792332
816326
840319
864313
888307
912300
936294
960287
984281
1008274
1032268
1056261
1080255
1104248
1128242
1152235
1176229
1200222
1224216
-7787
-7239
-6536
-5804
-5067
-4345
-3648
-2980
-2348
-1750
-1207
-719
-291
90
414
693
913
1078
1202
1292
1347
1392
1422
1452
1472
1486
1501
1516
1521
1531
1541
1556
1566
1576
1581
1596
1601
1606
1621
1631
1636
1641
1646
1651
1661
1671
1676
1686
1686
1691
1671
1656
1646
1616
1611
1601
1596
1581
1561
1556
1546
1541
1526
1516
1501
1491
1472
1467
1447
1432
1422
1407
1392
1367
1352
1327
1297
1272
1237
1187
1137
1048
938
788
589
334
35
-326
-744
-1242
-1800
-2437
-3165
-3976
-4878
-5869
-6930
-8046
-9216
-10197