1200222
1176229
1152235
1128242
1104248
1080255
1056261
1032268
1008274
984281
960287
936294
912300
888307
864313
840319
816326
792332
768339
744345
720352
696358
672365
648371
624378
600384
576391
552397
528404
504410
480417
456423
432430
408436
384443
360449
336456
312462
288469
264475
240481
216488
192494
168501
144507
120514
96520
72527
48533
24540
48533
72527
96520
120514
144507
168501
192494
216488
240481
264475
288469
312462
336456
360449
384443
408436
432430
456423
480417
504410
528404
552397
576391
600384
624378
648371
672365
696358
720352
744345
768339
792332
816326
840319
864313
888307
912300
936294
960287
984281
1008274
1032268
1056261
1080255
1104248
1128242
1152235
1176229
1200222
1224216
-7627
-7104
-6417
-5705
-4993
-4290
-3613
-2965
-2363
-1785
-1267
-789
-375
-17
290
564
763
933
1048
1127
1192
1232
1257
1287
1297
1322
1332
1347
1367
1372
1382
1397
1407
1407
1422
1432
1437
1447
1457
1467
1476
1476
1491
1496
1506
1506
1516
1526
1536
1536
1521
1506
1491
1476
1467
1457
1442
1432
1422
1412
1397
1387
1377
1357
1352
1337
1332
1312
1297
1287
1272
1262
1237
1217
1197
1182
1157
1127
1097
1048
993
913
808
659
469
240
-47
-395
-799
-1267
-1815
-2418
-3125
-3922
-4803
-5774
-6815
-7931
-9077
-10197