1200222
1176229
1152235
1128242
1104248
1080255
1056261
1032268
1008274
984281
960287
936294
912300
888307
864313
840319
816326
792332
768339
744345
720352
696358
672365
648371
624378
600384
576391
552397
528404
504410
480417
456423
432430
408436
384443
360449
336456
312462
288469
264475
240481
216488
192494
168501
144507
120514
96520
72527
48533
24540
48533
72527
96520
120514
144507
168501
192494
216488
240481
264475
288469
312462
336456
360449
384443
408436
432430
456423
480417
504410
528404
552397
576391
600384
624378
648371
672365
696358
720352
744345
768339
792332
816326
840319
864313
888307
912300
936294
960287
984281
1008274
1032268
1056261
1080255
1104248
1128242
1152235
1176229
1200222
1224216
-4664
-4425
-3877
-3180
-2442
-1740
-1123
-595
-171
160
409
599
733
833
903
943
978
993
1003
1008
1008
1008
1003
1008
1003
1003
1003
1003
1003
998
998
993
993
993
993
998
993
988
993
998
993
993
993
988
998
993
998
993
988
988
983
973
973
968
963
958
958
953
948
948
938
938
938
928
933
928
923
918
923
908
903
903
893
893
883
873
873
863
853
843
833
818
808
788
763
728
679
604
479
299
50
-291
-759
-1367
-2119
-3045
-4136
-5386
-6781
-8310