1200222
1176229
1152235
1128242
1104248
1080255
1056261
1032268
1008274
984281
960287
936294
912300
888307
864313
840319
816326
792332
768339
744345
720352
696358
672365
648371
624378
600384
576391
552397
528404
504410
480417
456423
432430
408436
384443
360449
336456
312462
288469
264475
240481
216488
192494
168501
144507
120514
96520
72527
48533
24540
48533
72527
96520
120514
144507
168501
192494
216488
240481
264475
288469
312462
336456
360449
384443
408436
432430
456423
480417
504410
528404
552397
576391
600384
624378
648371
672365
696358
720352
744345
768339
792332
816326
840319
864313
888307
912300
936294
960287
984281
1008274
1032268
1056261
1080255
1104248
1128242
1152235
1176229
1200222
1224216
-7159
-6726
-6088
-5416
-4734
-4071
-3434
-2826
-2263
-1730
-1257
-819
-445
-112
165
394
579
718
813
893
943
978
1008
1023
1048
1068
1073
1087
1102
1112
1127
1137
1152
1157
1167
1177
1182
1197
1207
1212
1222
1227
1232
1247
1247
1252
1267
1272
1277
1282
1267
1252
1242
1222
1217
1207
1197
1192
1177
1162
1157
1147
1137
1122
1112
1097
1092
1073
1068
1048
1033
1018
1003
988
968
953
928
908
863
833
778
713
629
499
329
120
-136
-445
-819
-1262
-1760
-2338
-3000
-3747
-4594
-5520
-6527
-7592
-8703
-9854