1200222
1176229
1152235
1128242
1104248
1080255
1056261
1032268
1008274
984281
960287
936294
912300
888307
864313
840319
816326
792332
768339
744345
720352
696358
672365
648371
624378
600384
576391
552397
528404
504410
480417
456423
432430
408436
384443
360449
336456
312462
288469
264475
240481
216488
192494
168501
144507
120514
96520
72527
48533
24540
48533
72527
96520
120514
144507
168501
192494
216488
240481
264475
288469
312462
336456
360449
384443
408436
432430
456423
480417
504410
528404
552397
576391
600384
624378
648371
672365
696358
720352
744345
768339
792332
816326
840319
864313
888307
912300
936294
960287
984281
1008274
1032268
1056261
1080255
1104248
1128242
1152235
1176229
1200222
1224216
-5869
-5072
-4046
-3000
-2029
-1152
-395
245
773
1212
1576
1890
2155
2394
2594
2768
2893
3003
3077
3142
3187
3227
3262
3277
3307
3327
3337
3357
3367
3372
3382
3397
3397
3397
3402
3407
3407
3407
3412
3417
3412
3412
3407
3407
3402
3417
3407
3407
3412
3407
3382
3372
3347
3332
3322
3307
3297
3282
3272
3257
3247
3232
3217
3197
3187
3172
3162
3137
3117
3107
3082
3057
3033
3003
2978
2948
2913
2878
2838
2798
2748
2693
2619
2539
2419
2284
2095
1851
1531
1162
703
180
-435
-1172
-2034
-3030
-4161
-5426
-6805
-8290