1200200
1176210
1152219
1128229
1104238
1080248
1056258
1032267
1008277
984286
960296
936306
912315
888325
864334
840344
816354
792363
768373
744382
720392
696402
672411
648421
624430
600440
576450
552459
528469
504478
480488
456498
432507
408517
384526
360536
336546
312555
288565
264574
240584
216594
192603
168613
144622
120632
96642
72651
48661
24670
48661
72651
96642
120632
144622
168613
192603
216594
240584
264574
288565
312555
336546
360536
384526
408517
432507
456498
480488
504478
528469
552459
576450
600440
624430
648421
672411
696402
720392
744382
768373
792363
816354
840344
864334
888325
912315
936306
960296
984286
1008277
1032267
1056258
1080248
1104238
1128229
1152219
1176210
1200200
1224190
-5038
-4446
-3958
-3529
-3126
-2732
-2364
-1990
-1637
-1283
-930
-586
-247
92
416
740
1064
1368
1667
1956
2230
2504
2753
2977
3187
3366
3530
3675
3794
3899
3994
4054
4123
4168
4213
4238
4258
4273
4293
4298
4308
4308
4318
4318
4318
4313
4313
4313
4308
4308
4173
4098
4034
3989
3944
3909
3879
3849
3814
3785
3760
3725
3690
3655
3620
3585
3540
3491
3431
3376
3296
3206
3097
2967
2818
2653
2454
2245
2016
1756
1487
1208
914
605
296
-33
-362
-700
-1039
-1383
-1736
-2085
-2444
-2787
-3151
-3504
-3868
-4222
-4580
-4934