1200222
1176229
1152235
1128242
1104248
1080255
1056261
1032268
1008274
984281
960287
936294
912300
888307
864313
840319
816326
792332
768339
744345
720352
696358
672365
648371
624378
600384
576391
552397
528404
504410
480417
456423
432430
408436
384443
360449
336456
312462
288469
264475
240481
216488
192494
168501
144507
120514
96520
72527
48533
24540
48533
72527
96520
120514
144507
168501
192494
216488
240481
264475
288469
312462
336456
360449
384443
408436
432430
456423
480417
504410
528404
552397
576391
600384
624378
648371
672365
696358
720352
744345
768339
792332
816326
840319
864313
888307
912300
936294
960287
984281
1008274
1032268
1056261
1080255
1104248
1128242
1152235
1176229
1200222
1224216
-7079
-5879
-4574
-3304
-2124
-1068
-161
599
1222
1726
2130
2444
2713
2943
3147
3322
3466
3581
3661
3736
3781
3830
3860
3885
3910
3935
3950
3970
3985
4000
4010
4020
4030
4040
4055
4060
4065
4065
4075
4075
4080
4080
4080
4080
4085
4090
4085
4085
4080
4085
4055
4045
4030
4010
4000
3985
3975
3965
3945
3935
3920
3915
3895
3880
3865
3850
3826
3821
3796
3771
3751
3726
3696
3676
3646
3616
3576
3536
3491
3441
3382
3312
3227
3127
2998
2818
2599
2309
1960
1536
1028
419
-306
-1172
-2169
-3294
-4529
-5879
-7313
-8838