1200222
1176229
1152235
1128242
1104248
1080255
1056261
1032268
1008274
984281
960287
936294
912300
888307
864313
840319
816326
792332
768339
744345
720352
696358
672365
648371
624378
600384
576391
552397
528404
504410
480417
456423
432430
408436
384443
360449
336456
312462
288469
264475
240481
216488
192494
168501
144507
120514
96520
72527
48533
24540
48533
72527
96520
120514
144507
168501
192494
216488
240481
264475
288469
312462
336456
360449
384443
408436
432430
456423
480417
504410
528404
552397
576391
600384
624378
648371
672365
696358
720352
744345
768339
792332
816326
840319
864313
888307
912300
936294
960287
984281
1008274
1032268
1056261
1080255
1104248
1128242
1152235
1176229
1200222
1224216
-6691
-6317
-5725
-5092
-4440
-3822
-3214
-2652
-2129
-1636
-1187
-804
-460
-161
85
295
444
569
659
718
763
793
813
838
858
878
878
898
918
918
928
943
948
963
968
983
993
998
1013
1018
1028
1033
1038
1048
1058
1058
1068
1073
1087
1092
1078
1063
1048
1043
1033
1023
1008
1003
993
983
973
958
953
938
933
913
898
893
878
868
853
838
823
808
788
773
753
723
703
669
619
564
484
374
235
45
-176
-465
-804
-1207
-1670
-2208
-2826
-3538
-4335
-5207
-6153
-7169
-8235
-9346