1200222
1176229
1152235
1128242
1104248
1080255
1056261
1032268
1008274
984281
960287
936294
912300
888307
864313
840319
816326
792332
768339
744345
720352
696358
672365
648371
624378
600384
576391
552397
528404
504410
480417
456423
432430
408436
384443
360449
336456
312462
288469
264475
240481
216488
192494
168501
144507
120514
96520
72527
48533
24540
48533
72527
96520
120514
144507
168501
192494
216488
240481
264475
288469
312462
336456
360449
384443
408436
432430
456423
480417
504410
528404
552397
576391
600384
624378
648371
672365
696358
720352
744345
768339
792332
816326
840319
864313
888307
912300
936294
960287
984281
1008274
1032268
1056261
1080255
1104248
1128242
1152235
1176229
1200222
1224216
-7961
-7393
-6661
-5899
-5127
-4380
-3648
-2955
-2288
-1675
-1113
-600
-146
245
584
868
1097
1272
1402
1486
1546
1591
1621
1651
1666
1686
1706
1711
1731
1741
1751
1756
1766
1776
1781
1796
1801
1816
1821
1821
1831
1841
1841
1851
1866
1861
1870
1880
1885
1880
1870
1851
1836
1816
1811
1791
1776
1766
1756
1751
1731
1721
1706
1691
1676
1671
1656
1646
1631
1616
1606
1581
1566
1546
1526
1506
1476
1447
1417
1362
1302
1217
1107
948
743
484
160
-216
-659
-1172
-1760
-2423
-3170
-4011
-4928
-5934
-7010
-8135
-9321
-10197