1200222
1176229
1152235
1128242
1104248
1080255
1056261
1032268
1008274
984281
960287
936294
912300
888307
864313
840319
816326
792332
768339
744345
720352
696358
672365
648371
624378
600384
576391
552397
528404
504410
480417
456423
432430
408436
384443
360449
336456
312462
288469
264475
240481
216488
192494
168501
144507
120514
96520
72527
48533
24540
48533
72527
96520
120514
144507
168501
192494
216488
240481
264475
288469
312462
336456
360449
384443
408436
432430
456423
480417
504410
528404
552397
576391
600384
624378
648371
672365
696358
720352
744345
768339
792332
816326
840319
864313
888307
912300
936294
960287
984281
1008274
1032268
1056261
1080255
1104248
1128242
1152235
1176229
1200222
1224216
-5959
-5162
-4136
-3085
-2099
-1202
-425
220
753
1202
1576
1890
2165
2399
2619
2788
2933
3043
3132
3197
3247
3292
3317
3342
3377
3392
3407
3417
3437
3441
3451
3461
3471
3481
3476
3486
3481
3486
3486
3491
3491
3491
3486
3491
3486
3491
3481
3486
3476
3476
3456
3441
3422
3407
3397
3382
3367
3357
3342
3327
3317
3297
3287
3267
3257
3237
3217
3202
3182
3162
3142
3112
3087
3067
3038
3008
2973
2933
2888
2838
2783
2723
2663
2564
2449
2299
2095
1836
1511
1122
664
135
-490
-1237
-2114
-3110
-4250
-5515
-6895
-8374