1200222
1176229
1152235
1128242
1104248
1080255
1056261
1032268
1008274
984281
960287
936294
912300
888307
864313
840319
816326
792332
768339
744345
720352
696358
672365
648371
624378
600384
576391
552397
528404
504410
480417
456423
432430
408436
384443
360449
336456
312462
288469
264475
240481
216488
192494
168501
144507
120514
96520
72527
48533
24540
48533
72527
96520
120514
144507
168501
192494
216488
240481
264475
288469
312462
336456
360449
384443
408436
432430
456423
480417
504410
528404
552397
576391
600384
624378
648371
672365
696358
720352
744345
768339
792332
816326
840319
864313
888307
912300
936294
960287
984281
1008274
1032268
1056261
1080255
1104248
1128242
1152235
1176229
1200222
1224216
-7338
-6870
-6223
-5525
-4843
-4166
-3518
-2901
-2308
-1765
-1277
-824
-435
-97
195
439
634
778
888
963
1013
1058
1082
1107
1117
1142
1152
1167
1177
1192
1197
1212
1227
1232
1237
1257
1267
1272
1282
1292
1302
1307
1312
1317
1332
1342
1347
1347
1357
1362
1347
1332
1317
1312
1302
1287
1272
1267
1252
1242
1237
1222
1212
1202
1187
1177
1167
1147
1137
1122
1107
1097
1078
1063
1038
1028
1003
973
938
893
843
773
674
539
364
150
-116
-445
-824
-1272
-1785
-2383
-3050
-3822
-4679
-5630
-6646
-7722
-8847
-10013