1200222
1176229
1152235
1128242
1104248
1080255
1056261
1032268
1008274
984281
960287
936294
912300
888307
864313
840319
816326
792332
768339
744345
720352
696358
672365
648371
624378
600384
576391
552397
528404
504410
480417
456423
432430
408436
384443
360449
336456
312462
288469
264475
240481
216488
192494
168501
144507
120514
96520
72527
48533
24540
48533
72527
96520
120514
144507
168501
192494
216488
240481
264475
288469
312462
336456
360449
384443
408436
432430
456423
480417
504410
528404
552397
576391
600384
624378
648371
672365
696358
720352
744345
768339
792332
816326
840319
864313
888307
912300
936294
960287
984281
1008274
1032268
1056261
1080255
1104248
1128242
1152235
1176229
1200222
1224216
-7996
-7428
-6676
-5899
-5112
-4345
-3593
-2881
-2208
-1581
-1003
-480
-27
374
713
1008
1237
1402
1526
1611
1676
1716
1751
1781
1801
1816
1841
1851
1866
1870
1880
1885
1895
1910
1920
1930
1935
1940
1945
1955
1965
1965
1980
1985
1995
2000
2000
2010
2020
2020
1995
1975
1965
1950
1940
1925
1905
1890
1875
1870
1851
1841
1831
1821
1806
1791
1776
1761
1756
1736
1721
1706
1686
1671
1646
1626
1601
1566
1531
1481
1412
1347
1227
1068
863
594
275
-121
-580
-1108
-1705
-2393
-3150
-3991
-4918
-5924
-7005
-8145
-9336
-10197