1200222
1176229
1152235
1128242
1104248
1080255
1056261
1032268
1008274
984281
960287
936294
912300
888307
864313
840319
816326
792332
768339
744345
720352
696358
672365
648371
624378
600384
576391
552397
528404
504410
480417
456423
432430
408436
384443
360449
336456
312462
288469
264475
240481
216488
192494
168501
144507
120514
96520
72527
48533
24540
48533
72527
96520
120514
144507
168501
192494
216488
240481
264475
288469
312462
336456
360449
384443
408436
432430
456423
480417
504410
528404
552397
576391
600384
624378
648371
672365
696358
720352
744345
768339
792332
816326
840319
864313
888307
912300
936294
960287
984281
1008274
1032268
1056261
1080255
1104248
1128242
1152235
1176229
1200222
1224216
-4719
-4489
-3857
-3015
-2159
-1362
-674
-97
349
708
983
1192
1352
1472
1556
1616
1661
1686
1711
1721
1736
1741
1736
1751
1751
1756
1756
1756
1761
1761
1761
1761
1766
1761
1766
1761
1756
1756
1766
1761
1761
1761
1766
1761
1761
1756
1761
1756
1761
1761
1736
1731
1721
1716
1706
1701
1696
1691
1681
1676
1666
1661
1656
1656
1646
1636
1631
1611
1606
1596
1591
1576
1566
1561
1546
1531
1516
1501
1481
1472
1447
1427
1392
1367
1327
1277
1207
1112
968
763
479
105
-405
-1068
-1895
-2896
-4066
-5396
-6850
-8439