1200222
1176229
1152235
1128242
1104248
1080255
1056261
1032268
1008274
984281
960287
936294
912300
888307
864313
840319
816326
792332
768339
744345
720352
696358
672365
648371
624378
600384
576391
552397
528404
504410
480417
456423
432430
408436
384443
360449
336456
312462
288469
264475
240481
216488
192494
168501
144507
120514
96520
72527
48533
24540
48533
72527
96520
120514
144507
168501
192494
216488
240481
264475
288469
312462
336456
360449
384443
408436
432430
456423
480417
504410
528404
552397
576391
600384
624378
648371
672365
696358
720352
744345
768339
792332
816326
840319
864313
888307
912300
936294
960287
984281
1008274
1032268
1056261
1080255
1104248
1128242
1152235
1176229
1200222
1224216
-4534
-4385
-3872
-3209
-2512
-1850
-1252
-749
-341
-17
235
424
559
654
723
768
803
818
833
833
843
838
838
843
838
843
838
833
828
828
833
828
833
833
828
828
823
818
823
823
823
818
818
823
818
823
818
818
818
818
818
803
793
803
798
793
783
783
783
783
783
778
778
773
773
768
763
758
758
748
753
738
733
733
728
723
713
708
698
693
684
674
654
639
614
574
514
429
295
115
-151
-495
-953
-1536
-2248
-3125
-4151
-5331
-6661
-8115