1200222
1176229
1152235
1128242
1104248
1080255
1056261
1032268
1008274
984281
960287
936294
912300
888307
864313
840319
816326
792332
768339
744345
720352
696358
672365
648371
624378
600384
576391
552397
528404
504410
480417
456423
432430
408436
384443
360449
336456
312462
288469
264475
240481
216488
192494
168501
144507
120514
96520
72527
48533
24540
48533
72527
96520
120514
144507
168501
192494
216488
240481
264475
288469
312462
336456
360449
384443
408436
432430
456423
480417
504410
528404
552397
576391
600384
624378
648371
672365
696358
720352
744345
768339
792332
816326
840319
864313
888307
912300
936294
960287
984281
1008274
1032268
1056261
1080255
1104248
1128242
1152235
1176229
1200222
1224216
-6586
-5974
-5212
-4395
-3573
-2761
-1979
-1252
-575
50
599
1097
1526
1890
2175
2414
2599
2738
2853
2943
3013
3077
3122
3157
3197
3217
3252
3272
3302
3322
3337
3362
3372
3387
3407
3422
3437
3456
3466
3471
3486
3496
3506
3516
3531
3536
3546
3556
3576
3586
3541
3511
3476
3451
3427
3397
3372
3347
3322
3292
3272
3252
3227
3197
3167
3147
3122
3097
3067
3043
3013
2978
2948
2913
2873
2828
2788
2733
2678
2614
2539
2444
2334
2205
2035
1811
1541
1182
763
270
-306
-963
-1705
-2527
-3414
-4380
-5421
-6527
-7687
-8897