1200222
1176229
1152235
1128242
1104248
1080255
1056261
1032268
1008274
984281
960287
936294
912300
888307
864313
840319
816326
792332
768339
744345
720352
696358
672365
648371
624378
600384
576391
552397
528404
504410
480417
456423
432430
408436
384443
360449
336456
312462
288469
264475
240481
216488
192494
168501
144507
120514
96520
72527
48533
24540
48533
72527
96520
120514
144507
168501
192494
216488
240481
264475
288469
312462
336456
360449
384443
408436
432430
456423
480417
504410
528404
552397
576391
600384
624378
648371
672365
696358
720352
744345
768339
792332
816326
840319
864313
888307
912300
936294
960287
984281
1008274
1032268
1056261
1080255
1104248
1128242
1152235
1176229
1200222
1224216
-8006
-7438
-6676
-5894
-5102
-4325
-3563
-2846
-2169
-1536
-948
-430
35
434
783
1063
1297
1467
1586
1676
1741
1781
1811
1831
1846
1875
1895
1905
1920
1930
1940
1945
1960
1970
1975
1980
1995
1995
2005
2015
2025
2030
2035
2040
2045
2055
2065
2070
2075
2080
2055
2035
2020
2000
1990
1980
1970
1950
1935
1920
1915
1895
1885
1866
1856
1856
1836
1821
1811
1791
1771
1756
1736
1721
1696
1681
1651
1616
1581
1531
1472
1387
1277
1122
913
649
324
-67
-530
-1063
-1680
-2363
-3130
-3976
-4908
-5924
-7000
-8140
-9331
-10197