1200222
1176229
1152235
1128242
1104248
1080255
1056261
1032268
1008274
984281
960287
936294
912300
888307
864313
840319
816326
792332
768339
744345
720352
696358
672365
648371
624378
600384
576391
552397
528404
504410
480417
456423
432430
408436
384443
360449
336456
312462
288469
264475
240481
216488
192494
168501
144507
120514
96520
72527
48533
24540
48533
72527
96520
120514
144507
168501
192494
216488
240481
264475
288469
312462
336456
360449
384443
408436
432430
456423
480417
504410
528404
552397
576391
600384
624378
648371
672365
696358
720352
744345
768339
792332
816326
840319
864313
888307
912300
936294
960287
984281
1008274
1032268
1056261
1080255
1104248
1128242
1152235
1176229
1200222
1224216
-4539
-4440
-3937
-3269
-2562
-1905
-1307
-794
-395
-57
195
384
519
619
693
738
773
788
798
803
808
813
808
808
808
808
808
803
803
803
798
803
803
793
793
788
793
788
788
793
788
788
788
793
788
788
793
788
788
788
783
773
768
763
768
763
758
753
758
753
753
738
738
733
738
728
738
728
718
718
718
713
703
698
693
693
684
674
674
664
654
644
624
614
579
539
484
389
265
70
-196
-545
-1008
-1586
-2303
-3165
-4181
-5361
-6676
-8135