1200222
1176229
1152235
1128242
1104248
1080255
1056261
1032268
1008274
984281
960287
936294
912300
888307
864313
840319
816326
792332
768339
744345
720352
696358
672365
648371
624378
600384
576391
552397
528404
504410
480417
456423
432430
408436
384443
360449
336456
312462
288469
264475
240481
216488
192494
168501
144507
120514
96520
72527
48533
24540
48533
72527
96520
120514
144507
168501
192494
216488
240481
264475
288469
312462
336456
360449
384443
408436
432430
456423
480417
504410
528404
552397
576391
600384
624378
648371
672365
696358
720352
744345
768339
792332
816326
840319
864313
888307
912300
936294
960287
984281
1008274
1032268
1056261
1080255
1104248
1128242
1152235
1176229
1200222
1224216
-7986
-7408
-6676
-5904
-5132
-4370
-3643
-2936
-2283
-1665
-1093
-575
-126
275
609
898
1117
1297
1422
1511
1571
1621
1646
1676
1691
1716
1726
1741
1751
1761
1776
1781
1796
1806
1811
1816
1826
1836
1846
1851
1851
1861
1870
1880
1885
1885
1895
1905
1905
1915
1895
1875
1861
1841
1826
1811
1801
1796
1776
1766
1756
1741
1726
1716
1701
1691
1676
1661
1656
1631
1621
1611
1591
1566
1551
1526
1501
1476
1432
1392
1322
1242
1122
973
763
499
180
-201
-649
-1172
-1755
-2427
-3175
-4011
-4933
-5934
-7015
-8150
-9331
-10197