1200222
1176229
1152235
1128242
1104248
1080255
1056261
1032268
1008274
984281
960287
936294
912300
888307
864313
840319
816326
792332
768339
744345
720352
696358
672365
648371
624378
600384
576391
552397
528404
504410
480417
456423
432430
408436
384443
360449
336456
312462
288469
264475
240481
216488
192494
168501
144507
120514
96520
72527
48533
24540
48533
72527
96520
120514
144507
168501
192494
216488
240481
264475
288469
312462
336456
360449
384443
408436
432430
456423
480417
504410
528404
552397
576391
600384
624378
648371
672365
696358
720352
744345
768339
792332
816326
840319
864313
888307
912300
936294
960287
984281
1008274
1032268
1056261
1080255
1104248
1128242
1152235
1176229
1200222
1224216
-7089
-6004
-4753
-3513
-2358
-1332
-425
324
938
1432
1831
2160
2439
2673
2893
3072
3217
3347
3441
3506
3566
3606
3646
3671
3701
3721
3746
3761
3776
3786
3801
3816
3821
3835
3845
3845
3850
3860
3850
3860
3860
3865
3870
3870
3865
3870
3865
3865
3865
3865
3835
3821
3806
3791
3771
3756
3746
3731
3721
3701
3691
3676
3666
3646
3626
3611
3596
3571
3556
3536
3506
3486
3461
3432
3397
3367
3327
3287
3237
3187
3132
3057
2963
2863
2718
2539
2304
2010
1651
1232
728
130
-590
-1446
-2423
-3543
-4783
-6128
-7577
-9111