1200222
1176229
1152235
1128242
1104248
1080255
1056261
1032268
1008274
984281
960287
936294
912300
888307
864313
840319
816326
792332
768339
744345
720352
696358
672365
648371
624378
600384
576391
552397
528404
504410
480417
456423
432430
408436
384443
360449
336456
312462
288469
264475
240481
216488
192494
168501
144507
120514
96520
72527
48533
24540
48533
72527
96520
120514
144507
168501
192494
216488
240481
264475
288469
312462
336456
360449
384443
408436
432430
456423
480417
504410
528404
552397
576391
600384
624378
648371
672365
696358
720352
744345
768339
792332
816326
840319
864313
888307
912300
936294
960287
984281
1008274
1032268
1056261
1080255
1104248
1128242
1152235
1176229
1200222
1224216
-4499
-4300
-3772
-3045
-2268
-1521
-864
-311
120
459
718
908
1043
1142
1207
1257
1287
1302
1317
1327
1327
1332
1337
1332
1332
1332
1337
1332
1337
1337
1337
1337
1337
1337
1332
1332
1332
1337
1337
1332
1332
1337
1337
1332
1332
1332
1327
1332
1337
1332
1317
1317
1307
1297
1297
1287
1287
1287
1277
1272
1267
1267
1262
1247
1252
1242
1237
1237
1232
1222
1212
1207
1197
1192
1177
1172
1162
1152
1142
1127
1117
1092
1078
1053
1028
993
933
858
743
569
319
-27
-500
-1133
-1939
-2936
-4106
-5436
-6910
-8499