1200222
1176229
1152235
1128242
1104248
1080255
1056261
1032268
1008274
984281
960287
936294
912300
888307
864313
840319
816326
792332
768339
744345
720352
696358
672365
648371
624378
600384
576391
552397
528404
504410
480417
456423
432430
408436
384443
360449
336456
312462
288469
264475
240481
216488
192494
168501
144507
120514
96520
72527
48533
24540
48533
72527
96520
120514
144507
168501
192494
216488
240481
264475
288469
312462
336456
360449
384443
408436
432430
456423
480417
504410
528404
552397
576391
600384
624378
648371
672365
696358
720352
744345
768339
792332
816326
840319
864313
888307
912300
936294
960287
984281
1008274
1032268
1056261
1080255
1104248
1128242
1152235
1176229
1200222
1224216
-7159
-6716
-6073
-5406
-4724
-4056
-3424
-2821
-2253
-1730
-1252
-824
-450
-121
155
384
559
703
803
878
933
963
988
1013
1033
1043
1058
1073
1082
1092
1107
1117
1127
1132
1137
1152
1167
1177
1182
1197
1197
1212
1217
1222
1232
1237
1247
1252
1262
1262
1247
1237
1217
1212
1202
1192
1182
1167
1162
1147
1142
1127
1112
1097
1092
1078
1073
1058
1048
1028
1023
998
983
973
953
938
918
883
853
818
768
698
609
484
324
115
-136
-450
-819
-1247
-1755
-2333
-2990
-3732
-4569
-5491
-6492
-7553
-8663
-9809