1200222
1176229
1152235
1128242
1104248
1080255
1056261
1032268
1008274
984281
960287
936294
912300
888307
864313
840319
816326
792332
768339
744345
720352
696358
672365
648371
624378
600384
576391
552397
528404
504410
480417
456423
432430
408436
384443
360449
336456
312462
288469
264475
240481
216488
192494
168501
144507
120514
96520
72527
48533
24540
48533
72527
96520
120514
144507
168501
192494
216488
240481
264475
288469
312462
336456
360449
384443
408436
432430
456423
480417
504410
528404
552397
576391
600384
624378
648371
672365
696358
720352
744345
768339
792332
816326
840319
864313
888307
912300
936294
960287
984281
1008274
1032268
1056261
1080255
1104248
1128242
1152235
1176229
1200222
1224216
-7991
-7418
-6656
-5849
-5047
-4250
-3493
-2766
-2074
-1441
-859
-326
135
544
888
1167
1392
1556
1676
1766
1831
1870
1895
1925
1945
1970
1980
1990
2010
2020
2030
2035
2045
2060
2065
2075
2085
2090
2100
2105
2115
2120
2125
2130
2140
2150
2155
2160
2165
2175
2150
2125
2115
2095
2080
2060
2050
2040
2020
2010
1995
1980
1970
1955
1940
1930
1920
1900
1890
1870
1856
1836
1821
1801
1781
1761
1726
1696
1661
1616
1551
1467
1362
1212
1008
743
414
30
-445
-988
-1606
-2288
-3070
-3927
-4853
-5864
-6945
-8090
-9276
-10197