1200222
1176229
1152235
1128242
1104248
1080255
1056261
1032268
1008274
984281
960287
936294
912300
888307
864313
840319
816326
792332
768339
744345
720352
696358
672365
648371
624378
600384
576391
552397
528404
504410
480417
456423
432430
408436
384443
360449
336456
312462
288469
264475
240481
216488
192494
168501
144507
120514
96520
72527
48533
24540
48533
72527
96520
120514
144507
168501
192494
216488
240481
264475
288469
312462
336456
360449
384443
408436
432430
456423
480417
504410
528404
552397
576391
600384
624378
648371
672365
696358
720352
744345
768339
792332
816326
840319
864313
888307
912300
936294
960287
984281
1008274
1032268
1056261
1080255
1104248
1128242
1152235
1176229
1200222
1224216
-5481
-4534
-3603
-2691
-1820
-993
-221
484
1122
1686
2195
2629
2998
3312
3571
3801
3990
4135
4264
4369
4454
4524
4594
4638
4683
4713
4733
4763
4788
4808
4828
4858
4873
4883
4898
4908
4913
4928
4938
4948
4958
4973
4988
4988
5003
5012
5017
5022
5032
5037
4993
4953
4913
4878
4853
4818
4788
4753
4718
4698
4663
4633
4604
4569
4544
4509
4474
4439
4404
4359
4319
4274
4234
4185
4140
4075
4000
3925
3840
3741
3636
3506
3367
3187
2973
2723
2429
2080
1691
1237
728
165
-465
-1172
-1954
-2796
-3717
-4694
-5740
-6850