1200222
1176229
1152235
1128242
1104248
1080255
1056261
1032268
1008274
984281
960287
936294
912300
888307
864313
840319
816326
792332
768339
744345
720352
696358
672365
648371
624378
600384
576391
552397
528404
504410
480417
456423
432430
408436
384443
360449
336456
312462
288469
264475
240481
216488
192494
168501
144507
120514
96520
72527
48533
24540
48533
72527
96520
120514
144507
168501
192494
216488
240481
264475
288469
312462
336456
360449
384443
408436
432430
456423
480417
504410
528404
552397
576391
600384
624378
648371
672365
696358
720352
744345
768339
792332
816326
840319
864313
888307
912300
936294
960287
984281
1008274
1032268
1056261
1080255
1104248
1128242
1152235
1176229
1200222
1224216
-4529
-4484
-4006
-3339
-2642
-1979
-1392
-888
-475
-141
120
314
464
559
634
684
713
733
748
753
758
763
763
758
763
758
753
758
758
753
748
748
753
748
748
753
748
743
748
748
743
743
743
738
738
743
738
743
743
738
733
733
723
728
718
718
708
708
703
708
698
693
693
693
693
688
684
684
679
674
674
664
664
654
654
649
639
639
624
619
609
604
579
564
529
494
424
329
185
-12
-276
-629
-1093
-1675
-2383
-3234
-4240
-5401
-6696
-8130