1200222
1176229
1152235
1128242
1104248
1080255
1056261
1032268
1008274
984281
960287
936294
912300
888307
864313
840319
816326
792332
768339
744345
720352
696358
672365
648371
624378
600384
576391
552397
528404
504410
480417
456423
432430
408436
384443
360449
336456
312462
288469
264475
240481
216488
192494
168501
144507
120514
96520
72527
48533
24540
48533
72527
96520
120514
144507
168501
192494
216488
240481
264475
288469
312462
336456
360449
384443
408436
432430
456423
480417
504410
528404
552397
576391
600384
624378
648371
672365
696358
720352
744345
768339
792332
816326
840319
864313
888307
912300
936294
960287
984281
1008274
1032268
1056261
1080255
1104248
1128242
1152235
1176229
1200222
1224216
-4051
-4201
-3847
-3284
-2667
-2064
-1526
-1048
-649
-316
-47
160
314
429
504
559
594
619
634
644
639
644
649
649
644
644
649
649
644
644
644
644
644
644
639
644
649
644
644
644
639
644
639
639
644
639
644
639
644
639
634
629
624
624
624
614
614
609
609
614
604
599
604
599
594
599
594
584
589
584
579
574
569
564
564
554
549
539
529
524
514
504
484
449
419
364
290
180
20
-186
-465
-814
-1257
-1805
-2472
-3264
-4196
-5276
-6497
-7836