1200200
1176210
1152219
1128229
1104238
1080248
1056258
1032267
1008277
984286
960296
936306
912315
888325
864334
840344
816354
792363
768373
744382
720392
696402
672411
648421
624430
600440
576450
552459
528469
504478
480488
456498
432507
408517
384526
360536
336546
312555
288565
264574
240584
216594
192603
168613
144622
120632
96642
72651
48661
24670
48661
72651
96642
120632
144622
168613
192603
216594
240584
264574
288565
312555
336546
360536
384526
408517
432507
456498
480488
504478
528469
552459
576450
600440
624430
648421
672411
696402
720392
744382
768373
792363
816354
840344
864334
888325
912315
936306
960296
984286
1008277
1032267
1056258
1080248
1104238
1128229
1152219
1176210
1200200
1224190
-4321
-3878
-3494
-3141
-2797
-2468
-2150
-1836
-1527
-1223
-925
-646
-362
-98
162
406
635
844
1029
1203
1358
1477
1577
1657
1722
1766
1801
1831
1851
1856
1871
1881
1881
1886
1886
1891
1886
1886
1886
1886
1886
1881
1881
1876
1881
1876
1881
1871
1876
1871
1831
1806
1786
1776
1761
1751
1736
1727
1722
1702
1697
1682
1667
1657
1647
1632
1622
1602
1592
1577
1562
1537
1512
1487
1447
1403
1343
1278
1183
1074
934
765
580
371
132
-133
-397
-671
-969
-1268
-1572
-1891
-2204
-2528
-2852
-3176
-3499
-3833
-4167
-4490