1200222
1176229
1152235
1128242
1104248
1080255
1056261
1032268
1008274
984281
960287
936294
912300
888307
864313
840319
816326
792332
768339
744345
720352
696358
672365
648371
624378
600384
576391
552397
528404
504410
480417
456423
432430
408436
384443
360449
336456
312462
288469
264475
240481
216488
192494
168501
144507
120514
96520
72527
48533
24540
48533
72527
96520
120514
144507
168501
192494
216488
240481
264475
288469
312462
336456
360449
384443
408436
432430
456423
480417
504410
528404
552397
576391
600384
624378
648371
672365
696358
720352
744345
768339
792332
816326
840319
864313
888307
912300
936294
960287
984281
1008274
1032268
1056261
1080255
1104248
1128242
1152235
1176229
1200222
1224216
-4569
-4390
-3867
-3199
-2487
-1810
-1222
-724
-311
10
255
444
579
674
743
788
823
843
853
863
863
858
863
858
853
858
863
853
848
843
848
843
843
848
838
843
843
843
838
838
838
838
838
838
838
838
838
843
843
833
833
828
818
818
808
808
813
808
803
803
793
793
788
783
783
778
778
773
773
773
763
753
753
748
743
738
728
728
723
708
698
688
669
654
624
594
534
454
324
140
-116
-460
-918
-1501
-2223
-3090
-4116
-5296
-6626
-8090