1200222
1176229
1152235
1128242
1104248
1080255
1056261
1032268
1008274
984281
960287
936294
912300
888307
864313
840319
816326
792332
768339
744345
720352
696358
672365
648371
624378
600384
576391
552397
528404
504410
480417
456423
432430
408436
384443
360449
336456
312462
288469
264475
240481
216488
192494
168501
144507
120514
96520
72527
48533
24540
48533
72527
96520
120514
144507
168501
192494
216488
240481
264475
288469
312462
336456
360449
384443
408436
432430
456423
480417
504410
528404
552397
576391
600384
624378
648371
672365
696358
720352
744345
768339
792332
816326
840319
864313
888307
912300
936294
960287
984281
1008274
1032268
1056261
1080255
1104248
1128242
1152235
1176229
1200222
1224216
-4694
-4455
-3897
-3199
-2477
-1800
-1192
-679
-266
55
304
494
629
728
798
843
873
888
903
903
908
903
908
903
898
903
903
903
898
898
903
893
888
888
888
888
888
888
888
888
883
883
883
888
883
888
893
888
883
893
873
878
873
873
863
858
858
848
848
848
848
838
833
833
833
828
823
818
818
808
803
803
798
788
783
783
773
763
763
753
743
728
718
698
674
639
579
494
374
195
-72
-405
-869
-1451
-2193
-3070
-4111
-5311
-6661
-8140