1200222
1176229
1152235
1128242
1104248
1080255
1056261
1032268
1008274
984281
960287
936294
912300
888307
864313
840319
816326
792332
768339
744345
720352
696358
672365
648371
624378
600384
576391
552397
528404
504410
480417
456423
432430
408436
384443
360449
336456
312462
288469
264475
240481
216488
192494
168501
144507
120514
96520
72527
48533
24540
48533
72527
96520
120514
144507
168501
192494
216488
240481
264475
288469
312462
336456
360449
384443
408436
432430
456423
480417
504410
528404
552397
576391
600384
624378
648371
672365
696358
720352
744345
768339
792332
816326
840319
864313
888307
912300
936294
960287
984281
1008274
1032268
1056261
1080255
1104248
1128242
1152235
1176229
1200222
1224216
-3100
-3190
-2955
-2577
-2154
-1735
-1337
-978
-664
-395
-166
30
185
295
379
439
479
499
519
534
539
544
544
544
549
544
544
544
544
549
549
549
549
549
549
554
544
544
549
544
544
544
549
549
544
544
549
549
554
549
539
534
534
529
524
524
519
519
524
514
514
504
509
504
504
504
509
494
494
489
489
484
484
474
464
469
454
444
439
429
414
399
369
344
299
235
150
40
-121
-306
-540
-829
-1172
-1571
-2039
-2587
-3224
-3942
-4734
-5595