1200222
1176229
1152235
1128242
1104248
1080255
1056261
1032268
1008274
984281
960287
936294
912300
888307
864313
840319
816326
792332
768339
744345
720352
696358
672365
648371
624378
600384
576391
552397
528404
504410
480417
456423
432430
408436
384443
360449
336456
312462
288469
264475
240481
216488
192494
168501
144507
120514
96520
72527
48533
24540
48533
72527
96520
120514
144507
168501
192494
216488
240481
264475
288469
312462
336456
360449
384443
408436
432430
456423
480417
504410
528404
552397
576391
600384
624378
648371
672365
696358
720352
744345
768339
792332
816326
840319
864313
888307
912300
936294
960287
984281
1008274
1032268
1056261
1080255
1104248
1128242
1152235
1176229
1200222
1224216
-5959
-5222
-4430
-3618
-2806
-2014
-1262
-560
80
664
1192
1656
2055
2399
2693
2923
3112
3267
3382
3486
3561
3626
3676
3711
3766
3801
3830
3855
3880
3905
3925
3940
3960
3980
3995
4005
4030
4040
4045
4065
4070
4090
4095
4110
4120
4130
4150
4150
4160
4170
4125
4085
4055
4025
3990
3965
3935
3910
3880
3850
3821
3791
3766
3731
3701
3671
3646
3616
3581
3551
3511
3471
3437
3397
3342
3302
3252
3182
3112
3033
2938
2828
2708
2549
2369
2140
1866
1516
1122
654
120
-480
-1172
-1924
-2761
-3663
-4644
-5695
-6800
-7971