1200200
1176210
1152219
1128229
1104238
1080248
1056258
1032267
1008277
984286
960296
936306
912315
888325
864334
840344
816354
792363
768373
744382
720392
696402
672411
648421
624430
600440
576450
552459
528469
504478
480488
456498
432507
408517
384526
360536
336546
312555
288565
264574
240584
216594
192603
168613
144622
120632
96642
72651
48661
24670
48661
72651
96642
120632
144622
168613
192603
216594
240584
264574
288565
312555
336546
360536
384526
408517
432507
456498
480488
504478
528469
552459
576450
600440
624430
648421
672411
696402
720392
744382
768373
792363
816354
840344
864334
888325
912315
936306
960296
984286
1008277
1032267
1056258
1080248
1104238
1128229
1152219
1176210
1200200
1224190
-3460
-3151
-2897
-2663
-2429
-2200
-1965
-1736
-1507
-1273
-1044
-815
-591
-377
-168
32
212
366
501
625
715
800
859
899
929
959
974
989
999
999
1004
1004
1009
1014
1014
1009
1019
1019
1014
1019
1009
1019
1014
1019
1024
1019
1024
1024
1024
1024
1004
994
984
979
969
969
959
949
944
939
934
924
924
914
909
894
889
879
879
869
854
840
830
805
780
750
715
665
600
516
426
301
162
-8
-187
-397
-606
-825
-1064
-1298
-1527
-1771
-2000
-2234
-2468
-2703
-2922
-3141
-3370
-3589