1200222
1176229
1152235
1128242
1104248
1080255
1056261
1032268
1008274
984281
960287
936294
912300
888307
864313
840319
816326
792332
768339
744345
720352
696358
672365
648371
624378
600384
576391
552397
528404
504410
480417
456423
432430
408436
384443
360449
336456
312462
288469
264475
240481
216488
192494
168501
144507
120514
96520
72527
48533
24540
48533
72527
96520
120514
144507
168501
192494
216488
240481
264475
288469
312462
336456
360449
384443
408436
432430
456423
480417
504410
528404
552397
576391
600384
624378
648371
672365
696358
720352
744345
768339
792332
816326
840319
864313
888307
912300
936294
960287
984281
1008274
1032268
1056261
1080255
1104248
1128242
1152235
1176229
1200222
1224216
-4041
-4186
-3842
-3279
-2672
-2089
-1551
-1083
-684
-356
-87
120
280
399
479
534
569
594
609
624
629
629
629
629
629
629
629
629
629
629
634
634
629
629
624
624
624
619
624
624
624
629
624
619
624
629
624
624
624
619
619
609
604
604
599
599
594
594
594
584
594
584
579
579
574
579
564
569
569
564
554
554
549
544
539
529
524
524
514
504
494
484
459
434
394
334
255
145
-17
-231
-505
-849
-1287
-1820
-2462
-3229
-4136
-5182
-6357
-7657