1200222
1176229
1152235
1128242
1104248
1080255
1056261
1032268
1008274
984281
960287
936294
912300
888307
864313
840319
816326
792332
768339
744345
720352
696358
672365
648371
624378
600384
576391
552397
528404
504410
480417
456423
432430
408436
384443
360449
336456
312462
288469
264475
240481
216488
192494
168501
144507
120514
96520
72527
48533
24540
48533
72527
96520
120514
144507
168501
192494
216488
240481
264475
288469
312462
336456
360449
384443
408436
432430
456423
480417
504410
528404
552397
576391
600384
624378
648371
672365
696358
720352
744345
768339
792332
816326
840319
864313
888307
912300
936294
960287
984281
1008274
1032268
1056261
1080255
1104248
1128242
1152235
1176229
1200222
1224216
-7089
-6656
-6038
-5361
-4684
-4031
-3399
-2801
-2238
-1715
-1242
-819
-445
-131
155
369
549
693
788
858
903
943
973
993
1008
1023
1038
1048
1068
1073
1087
1097
1107
1117
1127
1137
1142
1152
1167
1172
1177
1192
1197
1207
1217
1222
1217
1232
1242
1242
1232
1212
1202
1192
1187
1172
1162
1157
1137
1137
1122
1107
1097
1082
1078
1063
1053
1043
1033
1018
1003
983
973
953
943
913
893
868
838
798
748
688
599
474
309
105
-146
-450
-814
-1252
-1745
-2318
-2970
-3712
-4544
-5466
-6462
-7513
-8613
-9764