1200222
1176229
1152235
1128242
1104248
1080255
1056261
1032268
1008274
984281
960287
936294
912300
888307
864313
840319
816326
792332
768339
744345
720352
696358
672365
648371
624378
600384
576391
552397
528404
504410
480417
456423
432430
408436
384443
360449
336456
312462
288469
264475
240481
216488
192494
168501
144507
120514
96520
72527
48533
24540
48533
72527
96520
120514
144507
168501
192494
216488
240481
264475
288469
312462
336456
360449
384443
408436
432430
456423
480417
504410
528404
552397
576391
600384
624378
648371
672365
696358
720352
744345
768339
792332
816326
840319
864313
888307
912300
936294
960287
984281
1008274
1032268
1056261
1080255
1104248
1128242
1152235
1176229
1200222
1224216
-3214
-3329
-3095
-2691
-2238
-1805
-1392
-1008
-679
-400
-166
30
185
295
379
439
489
504
524
539
544
544
554
549
549
549
549
549
544
554
549
544
544
549
554
554
544
554
549
554
549
549
544
549
544
549
544
549
544
544
544
539
534
529
529
529
524
524
519
514
514
509
514
514
509
504
499
509
499
494
489
484
484
479
469
464
459
449
439
429
414
394
379
344
299
235
155
40
-116
-311
-550
-849
-1202
-1621
-2119
-2706
-3384
-4156
-5012
-5959