1200222
1176229
1152235
1128242
1104248
1080255
1056261
1032268
1008274
984281
960287
936294
912300
888307
864313
840319
816326
792332
768339
744345
720352
696358
672365
648371
624378
600384
576391
552397
528404
504410
480417
456423
432430
408436
384443
360449
336456
312462
288469
264475
240481
216488
192494
168501
144507
120514
96520
72527
48533
24540
48533
72527
96520
120514
144507
168501
192494
216488
240481
264475
288469
312462
336456
360449
384443
408436
432430
456423
480417
504410
528404
552397
576391
600384
624378
648371
672365
696358
720352
744345
768339
792332
816326
840319
864313
888307
912300
936294
960287
984281
1008274
1032268
1056261
1080255
1104248
1128242
1152235
1176229
1200222
1224216
-6805
-6233
-5486
-4664
-3837
-3020
-2243
-1501
-809
-176
389
888
1327
1691
1990
2225
2409
2549
2663
2743
2813
2868
2913
2948
2983
3013
3033
3062
3082
3107
3122
3137
3157
3167
3187
3197
3212
3232
3232
3247
3257
3267
3282
3297
3307
3312
3327
3337
3337
3357
3312
3287
3257
3237
3212
3182
3162
3132
3112
3087
3062
3043
3023
2998
2973
2948
2933
2903
2878
2853
2823
2793
2768
2738
2703
2663
2619
2569
2519
2454
2384
2294
2200
2070
1895
1681
1407
1043
614
100
-495
-1172
-1924
-2761
-3673
-4654
-5705
-6830
-8001
-9216