1200222
1176229
1152235
1128242
1104248
1080255
1056261
1032268
1008274
984281
960287
936294
912300
888307
864313
840319
816326
792332
768339
744345
720352
696358
672365
648371
624378
600384
576391
552397
528404
504410
480417
456423
432430
408436
384443
360449
336456
312462
288469
264475
240481
216488
192494
168501
144507
120514
96520
72527
48533
24540
48533
72527
96520
120514
144507
168501
192494
216488
240481
264475
288469
312462
336456
360449
384443
408436
432430
456423
480417
504410
528404
552397
576391
600384
624378
648371
672365
696358
720352
744345
768339
792332
816326
840319
864313
888307
912300
936294
960287
984281
1008274
1032268
1056261
1080255
1104248
1128242
1152235
1176229
1200222
1224216
-7871
-7304
-6596
-5854
-5102
-4375
-3658
-2980
-2333
-1735
-1187
-679
-241
135
469
748
973
1147
1272
1357
1422
1457
1496
1521
1536
1551
1571
1586
1596
1611
1621
1621
1636
1646
1651
1666
1671
1681
1691
1701
1706
1711
1716
1726
1736
1736
1741
1756
1761
1761
1741
1721
1716
1696
1686
1676
1661
1651
1636
1621
1611
1601
1586
1581
1571
1551
1541
1526
1516
1501
1481
1467
1447
1437
1417
1397
1372
1342
1302
1257
1187
1112
998
838
639
384
75
-296
-719
-1222
-1795
-2442
-3175
-3991
-4903
-5894
-6965
-8090
-9261
-10197