1200222
1176229
1152235
1128242
1104248
1080255
1056261
1032268
1008274
984281
960287
936294
912300
888307
864313
840319
816326
792332
768339
744345
720352
696358
672365
648371
624378
600384
576391
552397
528404
504410
480417
456423
432430
408436
384443
360449
336456
312462
288469
264475
240481
216488
192494
168501
144507
120514
96520
72527
48533
24540
48533
72527
96520
120514
144507
168501
192494
216488
240481
264475
288469
312462
336456
360449
384443
408436
432430
456423
480417
504410
528404
552397
576391
600384
624378
648371
672365
696358
720352
744345
768339
792332
816326
840319
864313
888307
912300
936294
960287
984281
1008274
1032268
1056261
1080255
1104248
1128242
1152235
1176229
1200222
1224216
-4629
-4395
-3852
-3170
-2442
-1765
-1152
-634
-211
110
354
549
679
783
843
888
918
933
948
953
958
958
953
958
948
953
953
943
948
943
943
943
943
938
948
938
943
938
938
943
943
943
938
938
938
938
938
938
938
933
928
923
918
913
913
903
908
893
898
898
898
893
888
878
878
878
873
863
858
858
858
858
848
843
833
828
823
813
808
803
788
778
763
743
718
674
629
544
424
245
-12
-356
-824
-1416
-2159
-3065
-4136
-5361
-6736
-8240