1200222
1176229
1152235
1128242
1104248
1080255
1056261
1032268
1008274
984281
960287
936294
912300
888307
864313
840319
816326
792332
768339
744345
720352
696358
672365
648371
624378
600384
576391
552397
528404
504410
480417
456423
432430
408436
384443
360449
336456
312462
288469
264475
240481
216488
192494
168501
144507
120514
96520
72527
48533
24540
48533
72527
96520
120514
144507
168501
192494
216488
240481
264475
288469
312462
336456
360449
384443
408436
432430
456423
480417
504410
528404
552397
576391
600384
624378
648371
672365
696358
720352
744345
768339
792332
816326
840319
864313
888307
912300
936294
960287
984281
1008274
1032268
1056261
1080255
1104248
1128242
1152235
1176229
1200222
1224216
-5520
-4983
-4061
-3065
-2109
-1262
-525
90
584
988
1322
1581
1791
1955
2085
2185
2259
2314
2354
2389
2404
2419
2439
2444
2454
2464
2474
2479
2484
2484
2489
2489
2494
2499
2494
2494
2494
2494
2494
2494
2489
2494
2494
2489
2494
2484
2484
2484
2484
2484
2474
2454
2439
2429
2414
2404
2399
2389
2374
2369
2359
2349
2339
2334
2314
2304
2294
2289
2274
2255
2240
2230
2215
2200
2175
2150
2130
2105
2085
2055
2025
1990
1950
1900
1836
1756
1641
1491
1287
1003
629
170
-410
-1128
-1994
-3005
-4176
-5491
-6935
-8479