1200222
1176229
1152235
1128242
1104248
1080255
1056261
1032268
1008274
984281
960287
936294
912300
888307
864313
840319
816326
792332
768339
744345
720352
696358
672365
648371
624378
600384
576391
552397
528404
504410
480417
456423
432430
408436
384443
360449
336456
312462
288469
264475
240481
216488
192494
168501
144507
120514
96520
72527
48533
24540
48533
72527
96520
120514
144507
168501
192494
216488
240481
264475
288469
312462
336456
360449
384443
408436
432430
456423
480417
504410
528404
552397
576391
600384
624378
648371
672365
696358
720352
744345
768339
792332
816326
840319
864313
888307
912300
936294
960287
984281
1008274
1032268
1056261
1080255
1104248
1128242
1152235
1176229
1200222
1224216
-5590
-4614
-3658
-2711
-1810
-953
-141
589
1252
1846
2359
2808
3182
3501
3771
3995
4180
4339
4469
4574
4663
4733
4793
4843
4888
4913
4948
4973
4998
5022
5042
5062
5077
5092
5102
5117
5127
5142
5152
5162
5172
5182
5192
5197
5207
5212
5217
5227
5237
5242
5192
5162
5122
5087
5052
5022
4988
4953
4923
4893
4868
4828
4803
4768
4738
4703
4658
4628
4589
4549
4504
4469
4419
4364
4309
4244
4175
4095
4005
3900
3791
3661
3496
3317
3092
2833
2524
2170
1761
1292
778
195
-445
-1167
-1949
-2796
-3708
-4684
-5715
-6810