1200222
1176229
1152235
1128242
1104248
1080255
1056261
1032268
1008274
984281
960287
936294
912300
888307
864313
840319
816326
792332
768339
744345
720352
696358
672365
648371
624378
600384
576391
552397
528404
504410
480417
456423
432430
408436
384443
360449
336456
312462
288469
264475
240481
216488
192494
168501
144507
120514
96520
72527
48533
24540
48533
72527
96520
120514
144507
168501
192494
216488
240481
264475
288469
312462
336456
360449
384443
408436
432430
456423
480417
504410
528404
552397
576391
600384
624378
648371
672365
696358
720352
744345
768339
792332
816326
840319
864313
888307
912300
936294
960287
984281
1008274
1032268
1056261
1080255
1104248
1128242
1152235
1176229
1200222
1224216
-7986
-7418
-6676
-5909
-5132
-4375
-3638
-2926
-2273
-1651
-1083
-560
-102
295
634
923
1157
1322
1447
1541
1606
1641
1681
1701
1721
1741
1756
1766
1776
1786
1801
1811
1826
1836
1841
1846
1856
1866
1870
1875
1885
1890
1900
1900
1915
1915
1925
1930
1935
1945
1920
1905
1885
1866
1851
1846
1831
1811
1801
1796
1781
1766
1756
1741
1726
1721
1706
1691
1676
1661
1651
1631
1616
1596
1581
1551
1526
1491
1457
1417
1347
1262
1147
993
788
519
200
-181
-639
-1152
-1750
-2418
-3170
-4011
-4933
-5939
-7015
-8155
-9341
-10197