1200222
1176229
1152235
1128242
1104248
1080255
1056261
1032268
1008274
984281
960287
936294
912300
888307
864313
840319
816326
792332
768339
744345
720352
696358
672365
648371
624378
600384
576391
552397
528404
504410
480417
456423
432430
408436
384443
360449
336456
312462
288469
264475
240481
216488
192494
168501
144507
120514
96520
72527
48533
24540
48533
72527
96520
120514
144507
168501
192494
216488
240481
264475
288469
312462
336456
360449
384443
408436
432430
456423
480417
504410
528404
552397
576391
600384
624378
648371
672365
696358
720352
744345
768339
792332
816326
840319
864313
888307
912300
936294
960287
984281
1008274
1032268
1056261
1080255
1104248
1128242
1152235
1176229
1200222
1224216
-7966
-7398
-6621
-5809
-5002
-4201
-3434
-2701
-2014
-1372
-784
-251
210
619
958
1242
1462
1626
1741
1821
1885
1930
1960
1985
2005
2020
2040
2055
2070
2075
2090
2105
2110
2120
2130
2140
2150
2155
2160
2175
2185
2185
2195
2200
2205
2210
2220
2230
2235
2240
2220
2190
2180
2160
2140
2130
2115
2100
2090
2070
2055
2045
2035
2020
2005
1985
1980
1965
1945
1935
1910
1900
1880
1861
1836
1816
1786
1756
1716
1671
1611
1531
1422
1267
1078
808
479
90
-380
-923
-1546
-2243
-3020
-3877
-4813
-5824
-6905
-8046
-9226
-10197