1200222
1176229
1152235
1128242
1104248
1080255
1056261
1032268
1008274
984281
960287
936294
912300
888307
864313
840319
816326
792332
768339
744345
720352
696358
672365
648371
624378
600384
576391
552397
528404
504410
480417
456423
432430
408436
384443
360449
336456
312462
288469
264475
240481
216488
192494
168501
144507
120514
96520
72527
48533
24540
48533
72527
96520
120514
144507
168501
192494
216488
240481
264475
288469
312462
336456
360449
384443
408436
432430
456423
480417
504410
528404
552397
576391
600384
624378
648371
672365
696358
720352
744345
768339
792332
816326
840319
864313
888307
912300
936294
960287
984281
1008274
1032268
1056261
1080255
1104248
1128242
1152235
1176229
1200222
1224216
-10197
-10197
-10197
-10197
-10197
-10018
-9525
-9027
-8718
-8334
-7981
-7617
-7064
-6840
-6307
-6138
-5680
-5814
-5550
-5276
-4943
-4604
-4554
-4221
-4061
-3852
-3643
-3429
-3214
-2985
-2781
-2567
-2333
-2193
-1999
-1810
-1631
-1466
-1302
-1133
-958
-804
-644
-485
-341
-211
-82
50
160
265
165
65
-47
-156
-276
-395
-530
-654
-804
-938
-1103
-1277
-1436
-1601
-1765
-1954
-2139
-2308
-2462
-2662
-2801
-3015
-3244
-3483
-3658
-3947
-4265
-4534
-4719
-5087
-5396
-5585
-5819
-6248
-6512
-6865
-7020
-7139
-7483
-7921
-8165
-8554
-9012
-9485
-10197
-10197
-10197
-10197
-10197
-10197