1200222
1176229
1152235
1128242
1104248
1080255
1056261
1032268
1008274
984281
960287
936294
912300
888307
864313
840319
816326
792332
768339
744345
720352
696358
672365
648371
624378
600384
576391
552397
528404
504410
480417
456423
432430
408436
384443
360449
336456
312462
288469
264475
240481
216488
192494
168501
144507
120514
96520
72527
48533
24540
48533
72527
96520
120514
144507
168501
192494
216488
240481
264475
288469
312462
336456
360449
384443
408436
432430
456423
480417
504410
528404
552397
576391
600384
624378
648371
672365
696358
720352
744345
768339
792332
816326
840319
864313
888307
912300
936294
960287
984281
1008274
1032268
1056261
1080255
1104248
1128242
1152235
1176229
1200222
1224216
-5735
-4953
-4096
-3195
-2283
-1357
-450
434
1277
2085
2818
3471
4040
4514
4903
5222
5471
5681
5845
5980
6100
6194
6289
6359
6419
6479
6524
6559
6603
6628
6653
6678
6698
6713
6738
6748
6763
6778
6803
6803
6818
6833
6833
6843
6858
6863
6863
6883
6888
6898
6863
6828
6793
6768
6738
6708
6678
6653
6628
6593
6559
6519
6484
6449
6409
6374
6339
6289
6244
6194
6145
6080
6005
5930
5840
5746
5641
5511
5372
5197
4998
4773
4514
4224
3880
3496
3067
2589
2055
1457
813
125
-615
-1411
-2243
-3125
-4046
-5007
-6004
-7040