1200222
1176229
1152235
1128242
1104248
1080255
1056261
1032268
1008274
984281
960287
936294
912300
888307
864313
840319
816326
792332
768339
744345
720352
696358
672365
648371
624378
600384
576391
552397
528404
504410
480417
456423
432430
408436
384443
360449
336456
312462
288469
264475
240481
216488
192494
168501
144507
120514
96520
72527
48533
24540
48533
72527
96520
120514
144507
168501
192494
216488
240481
264475
288469
312462
336456
360449
384443
408436
432430
456423
480417
504410
528404
552397
576391
600384
624378
648371
672365
696358
720352
744345
768339
792332
816326
840319
864313
888307
912300
936294
960287
984281
1008274
1032268
1056261
1080255
1104248
1128242
1152235
1176229
1200222
1224216
-6297
-5630
-4863
-4046
-3229
-2432
-1670
-943
-281
314
858
1337
1756
2110
2404
2639
2818
2968
3082
3177
3247
3307
3367
3417
3446
3481
3516
3541
3561
3586
3601
3621
3636
3656
3666
3691
3701
3711
3726
3741
3751
3766
3771
3786
3796
3811
3821
3826
3840
3845
3806
3771
3741
3706
3686
3661
3631
3601
3571
3546
3516
3486
3466
3437
3412
3387
3357
3332
3302
3267
3237
3202
3167
3122
3082
3038
2988
2933
2868
2793
2713
2609
2499
2359
2180
1955
1686
1337
923
439
-112
-749
-1456
-2253
-3115
-4056
-5072
-6148
-7289
-8489