1200222
1176229
1152235
1128242
1104248
1080255
1056261
1032268
1008274
984281
960287
936294
912300
888307
864313
840319
816326
792332
768339
744345
720352
696358
672365
648371
624378
600384
576391
552397
528404
504410
480417
456423
432430
408436
384443
360449
336456
312462
288469
264475
240481
216488
192494
168501
144507
120514
96520
72527
48533
24540
48533
72527
96520
120514
144507
168501
192494
216488
240481
264475
288469
312462
336456
360449
384443
408436
432430
456423
480417
504410
528404
552397
576391
600384
624378
648371
672365
696358
720352
744345
768339
792332
816326
840319
864313
888307
912300
936294
960287
984281
1008274
1032268
1056261
1080255
1104248
1128242
1152235
1176229
1200222
1224216
-4604
-4405
-3867
-3180
-2467
-1800
-1202
-704
-291
30
280
459
604
703
768
808
833
858
868
878
878
873
883
878
873
873
873
873
863
868
868
863
868
873
858
863
858
858
858
858
863
858
858
858
858
853
863
858
858
858
848
843
838
838
833
828
823
823
818
818
813
813
813
803
798
798
798
793
788
783
783
773
768
763
763
758
743
743
738
728
713
703
684
674
644
604
554
464
344
160
-102
-440
-888
-1481
-2198
-3070
-4101
-5296
-6626
-8095