1200200
1176210
1152219
1128229
1104238
1080248
1056258
1032267
1008277
984286
960296
936306
912315
888325
864334
840344
816354
792363
768373
744382
720392
696402
672411
648421
624430
600440
576450
552459
528469
504478
480488
456498
432507
408517
384526
360536
336546
312555
288565
264574
240584
216594
192603
168613
144622
120632
96642
72651
48661
24670
48661
72651
96642
120632
144622
168613
192603
216594
240584
264574
288565
312555
336546
360536
384526
408517
432507
456498
480488
504478
528469
552459
576450
600440
624430
648421
672411
696402
720392
744382
768373
792363
816354
840344
864334
888325
912315
936306
960296
984286
1008277
1032267
1056258
1080248
1104238
1128229
1152219
1176210
1200200
1224190
-2927
-2703
-2488
-2299
-2100
-1911
-1721
-1537
-1343
-1159
-969
-785
-611
-446
-272
-133
12
127
237
316
386
451
496
531
550
570
580
585
595
600
600
605
610
615
610
615
615
620
620
625
625
625
630
630
625
635
630
635
635
630
625
615
615
605
600
595
595
590
580
575
570
565
565
555
550
550
546
541
531
521
516
501
491
481
461
436
401
361
306
237
167
67
-43
-168
-307
-456
-626
-795
-984
-1169
-1358
-1542
-1736
-1931
-2120
-2314
-2503
-2688
-2882
-3066