1200200
1176210
1152219
1128229
1104238
1080248
1056258
1032267
1008277
984286
960296
936306
912315
888325
864334
840344
816354
792363
768373
744382
720392
696402
672411
648421
624430
600440
576450
552459
528469
504478
480488
456498
432507
408517
384526
360536
336546
312555
288565
264574
240584
216594
192603
168613
144622
120632
96642
72651
48661
24670
48661
72651
96642
120632
144622
168613
192603
216594
240584
264574
288565
312555
336546
360536
384526
408517
432507
456498
480488
504478
528469
552459
576450
600440
624430
648421
672411
696402
720392
744382
768373
792363
816354
840344
864334
888325
912315
936306
960296
984286
1008277
1032267
1056258
1080248
1104238
1128229
1152219
1176210
1200200
1224190
-4804
-3982
-3220
-2503
-1826
-1179
-561
27
575
1094
1587
2035
2439
2803
3107
3381
3605
3780
3919
4024
4098
4153
4193
4213
4223
4223
4218
4203
4193
4173
4158
4148
4128
4108
4098
4079
4059
4034
4024
4009
3999
3979
3964
3954
3944
3929
3914
3909
3899
3894
3824
3785
3765
3745
3730
3715
3705
3685
3670
3660
3640
3625
3615
3595
3580
3560
3540
3515
3496
3476
3451
3426
3396
3371
3336
3306
3266
3221
3192
3142
3077
3002
2898
2753
2574
2344
2065
1731
1348
914
431
-88
-656
-1253
-1886
-2548
-3245
-3953
-4685
-5437