1200222
1176229
1152235
1128242
1104248
1080255
1056261
1032268
1008274
984281
960287
936294
912300
888307
864313
840319
816326
792332
768339
744345
720352
696358
672365
648371
624378
600384
576391
552397
528404
504410
480417
456423
432430
408436
384443
360449
336456
312462
288469
264475
240481
216488
192494
168501
144507
120514
96520
72527
48533
24540
48533
72527
96520
120514
144507
168501
192494
216488
240481
264475
288469
312462
336456
360449
384443
408436
432430
456423
480417
504410
528404
552397
576391
600384
624378
648371
672365
696358
720352
744345
768339
792332
816326
840319
864313
888307
912300
936294
960287
984281
1008274
1032268
1056261
1080255
1104248
1128242
1152235
1176229
1200222
1224216
-4554
-4355
-3827
-3155
-2452
-1785
-1187
-684
-276
45
295
479
604
703
773
818
848
868
878
883
883
888
888
883
878
883
878
878
873
873
878
873
878
878
873
868
868
868
868
858
868
863
868
863
863
868
868
868
863
863
858
853
848
843
838
838
833
828
828
823
823
823
823
813
813
808
808
798
798
793
788
778
783
773
768
763
758
748
743
733
728
713
698
684
654
619
564
484
354
175
-82
-430
-879
-1461
-2193
-3065
-4096
-5286
-6621
-8095