1200222
1176229
1152235
1128242
1104248
1080255
1056261
1032268
1008274
984281
960287
936294
912300
888307
864313
840319
816326
792332
768339
744345
720352
696358
672365
648371
624378
600384
576391
552397
528404
504410
480417
456423
432430
408436
384443
360449
336456
312462
288469
264475
240481
216488
192494
168501
144507
120514
96520
72527
48533
24540
48533
72527
96520
120514
144507
168501
192494
216488
240481
264475
288469
312462
336456
360449
384443
408436
432430
456423
480417
504410
528404
552397
576391
600384
624378
648371
672365
696358
720352
744345
768339
792332
816326
840319
864313
888307
912300
936294
960287
984281
1008274
1032268
1056261
1080255
1104248
1128242
1152235
1176229
1200222
1224216
-7961
-7383
-6616
-5794
-4973
-4176
-3399
-2667
-1974
-1332
-739
-211
250
654
1003
1272
1486
1656
1771
1866
1915
1960
1990
2020
2045
2065
2080
2085
2100
2115
2120
2135
2150
2155
2160
2175
2185
2195
2200
2210
2215
2220
2225
2240
2240
2245
2259
2259
2269
2279
2250
2230
2215
2200
2180
2165
2150
2135
2120
2105
2090
2080
2065
2050
2030
2025
2005
1995
1980
1960
1945
1930
1905
1880
1870
1846
1816
1781
1746
1696
1636
1561
1452
1312
1107
848
519
125
-346
-888
-1516
-2208
-2985
-3847
-4783
-5794
-6875
-8011
-9201
-10197