1200222
1176229
1152235
1128242
1104248
1080255
1056261
1032268
1008274
984281
960287
936294
912300
888307
864313
840319
816326
792332
768339
744345
720352
696358
672365
648371
624378
600384
576391
552397
528404
504410
480417
456423
432430
408436
384443
360449
336456
312462
288469
264475
240481
216488
192494
168501
144507
120514
96520
72527
48533
24540
48533
72527
96520
120514
144507
168501
192494
216488
240481
264475
288469
312462
336456
360449
384443
408436
432430
456423
480417
504410
528404
552397
576391
600384
624378
648371
672365
696358
720352
744345
768339
792332
816326
840319
864313
888307
912300
936294
960287
984281
1008274
1032268
1056261
1080255
1104248
1128242
1152235
1176229
1200222
1224216
-7732
-7189
-6507
-5779
-5042
-4340
-3638
-2975
-2348
-1765
-1222
-739
-311
50
374
654
868
1033
1157
1237
1302
1342
1377
1402
1417
1432
1452
1462
1481
1486
1501
1511
1516
1526
1531
1546
1551
1566
1571
1581
1591
1591
1601
1611
1616
1626
1626
1641
1636
1646
1626
1616
1596
1586
1571
1561
1551
1536
1531
1516
1506
1486
1481
1472
1457
1442
1432
1417
1397
1387
1377
1362
1347
1327
1307
1287
1262
1232
1192
1152
1087
1008
898
753
554
304
-2
-346
-769
-1247
-1805
-2437
-3150
-3967
-4863
-5839
-6895
-8021
-9181
-10197