1200222
1176229
1152235
1128242
1104248
1080255
1056261
1032268
1008274
984281
960287
936294
912300
888307
864313
840319
816326
792332
768339
744345
720352
696358
672365
648371
624378
600384
576391
552397
528404
504410
480417
456423
432430
408436
384443
360449
336456
312462
288469
264475
240481
216488
192494
168501
144507
120514
96520
72527
48533
24540
48533
72527
96520
120514
144507
168501
192494
216488
240481
264475
288469
312462
336456
360449
384443
408436
432430
456423
480417
504410
528404
552397
576391
600384
624378
648371
672365
696358
720352
744345
768339
792332
816326
840319
864313
888307
912300
936294
960287
984281
1008274
1032268
1056261
1080255
1104248
1128242
1152235
1176229
1200222
1224216
-2183
-2129
-1944
-1720
-1471
-1222
-973
-734
-515
-316
-136
20
150
255
339
404
444
469
499
514
524
529
534
539
534
539
539
534
544
539
539
539
539
539
534
539
539
544
544
539
534
534
534
544
539
534
534
539
534
544
534
529
529
519
514
514
514
514
509
504
504
509
504
499
499
494
484
489
489
484
469
474
469
454
459
449
444
434
424
414
399
379
354
324
265
215
125
20
-116
-266
-450
-649
-893
-1152
-1436
-1745
-2079
-2423
-2826
-3344