1200222
1176229
1152235
1128242
1104248
1080255
1056261
1032268
1008274
984281
960287
936294
912300
888307
864313
840319
816326
792332
768339
744345
720352
696358
672365
648371
624378
600384
576391
552397
528404
504410
480417
456423
432430
408436
384443
360449
336456
312462
288469
264475
240481
216488
192494
168501
144507
120514
96520
72527
48533
24540
48533
72527
96520
120514
144507
168501
192494
216488
240481
264475
288469
312462
336456
360449
384443
408436
432430
456423
480417
504410
528404
552397
576391
600384
624378
648371
672365
696358
720352
744345
768339
792332
816326
840319
864313
888307
912300
936294
960287
984281
1008274
1032268
1056261
1080255
1104248
1128242
1152235
1176229
1200222
1224216
-4166
-4295
-3917
-3334
-2696
-2094
-1541
-1063
-649
-316
-47
160
319
424
509
564
604
619
639
644
654
649
654
654
649
649
659
654
654
654
649
654
654
649
649
649
649
644
644
639
644
644
644
644
644
644
644
649
644
639
644
634
629
634
624
619
624
614
614
609
614
609
604
609
599
594
594
589
589
584
579
574
569
569
564
554
549
549
544
529
519
509
479
459
419
369
295
180
25
-186
-460
-814
-1262
-1810
-2487
-3279
-4221
-5301
-6536
-7886