1200222
1176229
1152235
1128242
1104248
1080255
1056261
1032268
1008274
984281
960287
936294
912300
888307
864313
840319
816326
792332
768339
744345
720352
696358
672365
648371
624378
600384
576391
552397
528404
504410
480417
456423
432430
408436
384443
360449
336456
312462
288469
264475
240481
216488
192494
168501
144507
120514
96520
72527
48533
24540
48533
72527
96520
120514
144507
168501
192494
216488
240481
264475
288469
312462
336456
360449
384443
408436
432430
456423
480417
504410
528404
552397
576391
600384
624378
648371
672365
696358
720352
744345
768339
792332
816326
840319
864313
888307
912300
936294
960287
984281
1008274
1032268
1056261
1080255
1104248
1128242
1152235
1176229
1200222
1224216
-5271
-4430
-3543
-2622
-1695
-774
125
998
1836
2639
3367
4015
4579
5027
5397
5691
5915
6095
6234
6364
6469
6559
6638
6703
6758
6808
6858
6898
6928
6963
6992
7007
7027
7047
7057
7077
7092
7102
7102
7122
7137
7142
7142
7157
7157
7162
7167
7177
7172
7192
7172
7142
7127
7097
7077
7062
7037
7022
7002
6987
6968
6938
6913
6893
6863
6828
6803
6768
6728
6693
6643
6593
6539
6464
6384
6294
6199
6070
5935
5771
5581
5357
5092
4788
4434
4045
3601
3117
2579
1990
1357
674
-57
-839
-1665
-2532
-3429
-4365
-5331
-6332