1199804
1174816
1149827
1124839
1099850
1074862
1049873
1024885
999896
974908
949919
924931
899942
874954
849965
824977
799988
775000
750011
725023
700034
675046
650057
625069
600080
575092
550103
525115
500126
475138
450149
425161
400172
375184
350195
325207
300218
275230
250241
225253
200264
175276
150287
125299
100310
75322
50333
25345
356
-24631
356
25345
50333
75322
100310
125299
150287
175276
200264
225253
250241
275230
300218
325207
350195
375184
400172
425161
450149
475138
500126
525115
550103
575092
600080
625069
650057
675046
700034
725023
750011
775000
799988
824977
849965
874954
899942
924931
949919
974908
999896
1024885
1049873
1074862
1099850
1124839
1149827
1174816
1199804
1224793
-6067
-5632
-5033
-4433
-3838
-3238
-2664
-2099
-1589
-1050
-575
-145
241
541
842
1062
1237
1352
1442
1502
1542
1547
1572
1582
1607
1622
1632
1637
1647
1662
1672
1682
1682
1692
1712
1717
1712
1727
1727
1727
1732
1737
1742
1742
1747
1757
1752
1762
1762
1767
1742
1727
1712
1697
1687
1677
1662
1657
1647
1637
1627
1612
1602
1592
1582
1577
1557
1552
1542
1527
1517
1507
1507
1472
1457
1442
1457
1432
1412
1377
1297
1267
1157
1072
907
667
401
56
-305
-780
-1284
-1799
-2404
-3044
-3728
-4453
-5212
-6017
-6797
-7641