1199804
1174816
1149827
1124839
1099850
1074862
1049873
1024885
999896
974908
949919
924931
899942
874954
849965
824977
799988
775000
750011
725023
700034
675046
650057
625069
600080
575092
550103
525115
500126
475138
450149
425161
400172
375184
350195
325207
300218
275230
250241
225253
200264
175276
150287
125299
100310
75322
50333
25345
356
-24631
356
25345
50333
75322
100310
125299
150287
175276
200264
225253
250241
275230
300218
325207
350195
375184
400172
425161
450149
475138
500126
525115
550103
575092
600080
625069
650057
675046
700034
725023
750011
775000
799988
824977
849965
874954
899942
924931
949919
974908
999896
1024885
1049873
1074862
1099850
1124839
1149827
1174816
1199804
1224793
-6182
-5627
-4998
-4348
-3713
-3084
-2469
-1869
-1299
-745
-240
226
657
1022
1332
1582
1782
1932
2037
2117
2167
2212
2242
2262
2282
2302
2317
2332
2342
2357
2362
2372
2387
2382
2397
2397
2402
2412
2417
2432
2432
2442
2442
2447
2457
2457
2467
2467
2477
2482
2447
2432
2422
2392
2377
2367
2352
2337
2327
2312
2297
2282
2277
2257
2242
2237
2227
2207
2197
2187
2167
2152
2137
2122
2107
2077
2057
2027
1992
1952
1897
1822
1727
1587
1397
1142
827
451
26
-455
-995
-1584
-2214
-2889
-3598
-4348
-5127
-5942
-6772
-7616