1199877
1174890
1149903
1124917
1099930
1074943
1049956
1024970
999983
974996
950009
925023
900036
875049
850062
825076
800089
775102
750115
725129
700142
675155
650168
625182
600195
575208
550221
525235
500248
475261
450275
425288
400301
375314
350327
325341
300354
275367
250380
225394
200407
175420
150433
125447
100460
75473
50486
25500
513
-24473
513
25500
50486
75473
100460
125447
150433
175420
200407
225394
250380
275367
300354
325341
350327
375314
400301
425288
450275
475261
500248
525235
550221
575208
600195
625182
650168
675155
700142
725129
750115
775102
800089
825076
850062
875049
900036
925023
950009
974996
999983
1024970
1049956
1074943
1099930
1124917
1149903
1174890
1199877
1224864
-8955
-7280
-5670
-4200
-2855
-1635
-530
435
1291
2016
2626
3117
3507
3812
4047
4227
4367
4478
4573
4643
4698
4743
4778
4803
4818
4833
4838
4848
4848
4848
4848
4843
4843
4833
4823
4813
4803
4793
4788
4783
4773
4768
4753
4748
4743
4728
4723
4718
4713
4708
4643
4608
4588
4568
4548
4543
4523
4513
4503
4488
4478
4463
4448
4427
4422
4407
4382
4372
4357
4342
4322
4302
4277
4252
4232
4207
4172
4137
4097
4047
3982
3902
3797
3662
3497
3287
3002
2646
2206
1656
985
190
-740
-1810
-2995
-4295
-5705
-7210
-8790
-10255