1199804
1174816
1149827
1124839
1099850
1074862
1049873
1024885
999896
974908
949919
924931
899942
874954
849965
824977
799988
775000
750011
725023
700034
675046
650057
625069
600080
575092
550103
525115
500126
475138
450149
425161
400172
375184
350195
325207
300218
275230
250241
225253
200264
175276
150287
125299
100310
75322
50333
25345
356
-24631
356
25345
50333
75322
100310
125299
150287
175276
200264
225253
250241
275230
300218
325207
350195
375184
400172
425161
450149
475138
500126
525115
550103
575092
600080
625069
650057
675046
700034
725023
750011
775000
799988
824977
849965
874954
899942
924931
949919
974908
999896
1024885
1049873
1074862
1099850
1124839
1149827
1174816
1199804
1224793
-5692
-5397
-4858
-4278
-3698
-3119
-2554
-2024
-1514
-1040
-600
-205
131
416
657
832
967
1062
1132
1177
1207
1232
1252
1267
1277
1287
1287
1302
1312
1317
1322
1322
1327
1332
1342
1342
1342
1347
1357
1362
1357
1367
1362
1362
1377
1377
1377
1382
1377
1382
1367
1352
1342
1327
1317
1307
1297
1292
1282
1272
1267
1262
1252
1247
1237
1232
1217
1212
1207
1197
1187
1177
1172
1157
1147
1132
1112
1102
1082
1052
1022
982
917
827
697
521
296
6
-360
-770
-1245
-1769
-2349
-2974
-3623
-4328
-5048
-5807
-6577
-7366