1199804
1174816
1149827
1124839
1099850
1074862
1049873
1024885
999896
974908
949919
924931
899942
874954
849965
824977
799988
775000
750011
725023
700034
675046
650057
625069
600080
575092
550103
525115
500126
475138
450149
425161
400172
375184
350195
325207
300218
275230
250241
225253
200264
175276
150287
125299
100310
75322
50333
25345
356
-24631
356
25345
50333
75322
100310
125299
150287
175276
200264
225253
250241
275230
300218
325207
350195
375184
400172
425161
450149
475138
500126
525115
550103
575092
600080
625069
650057
675046
700034
725023
750011
775000
799988
824977
849965
874954
899942
924931
949919
974908
999896
1024885
1049873
1074862
1099850
1124839
1149827
1174816
1199804
1224793
-4813
-4343
-3763
-3019
-2234
-1484
-830
-290
141
456
692
852
972
1047
1097
1127
1152
1162
1172
1167
1172
1162
1167
1157
1152
1157
1152
1152
1147
1147
1142
1142
1147
1147
1147
1137
1142
1142
1142
1137
1142
1137
1142
1142
1137
1137
1142
1132
1137
1142
1127
1122
1122
1107
1107
1102
1102
1097
1092
1092
1087
1087
1087
1072
1072
1072
1072
1072
1062
1047
1052
1042
1042
1037
1027
1017
1012
1007
992
987
972
967
947
932
907
882
832
767
672
521
306
-13
-465
-1065
-1859
-2854
-4043
-5427
-6972
-8656