1199804
1174816
1149827
1124839
1099850
1074862
1049873
1024885
999896
974908
949919
924931
899942
874954
849965
824977
799988
775000
750011
725023
700034
675046
650057
625069
600080
575092
550103
525115
500126
475138
450149
425161
400172
375184
350195
325207
300218
275230
250241
225253
200264
175276
150287
125299
100310
75322
50333
25345
356
-24631
356
25345
50333
75322
100310
125299
150287
175276
200264
225253
250241
275230
300218
325207
350195
375184
400172
425161
450149
475138
500126
525115
550103
575092
600080
625069
650057
675046
700034
725023
750011
775000
799988
824977
849965
874954
899942
924931
949919
974908
999896
1024885
1049873
1074862
1099850
1124839
1149827
1174816
1199804
1224793
-4883
-4758
-4313
-3793
-3268
-2744
-2234
-1749
-1294
-880
-510
-185
91
316
496
626
732
797
852
887
917
932
952
957
972
977
987
992
997
1007
1012
1012
1027
1022
1022
1032
1032
1037
1032
1042
1042
1047
1047
1052
1052
1047
1057
1057
1067
1067
1042
1032
1022
1017
997
997
997
982
977
972
962
957
952
942
942
937
932
917
912
907
902
887
882
877
862
847
837
827
797
782
757
717
667
601
506
381
201
-30
-315
-670
-1075
-1539
-2054
-2609
-3198
-3833
-4498
-5192
-5902
-6652