1199804
1174816
1149827
1124839
1099850
1074862
1049873
1024885
999896
974908
949919
924931
899942
874954
849965
824977
799988
775000
750011
725023
700034
675046
650057
625069
600080
575092
550103
525115
500126
475138
450149
425161
400172
375184
350195
325207
300218
275230
250241
225253
200264
175276
150287
125299
100310
75322
50333
25345
356
-24631
356
25345
50333
75322
100310
125299
150287
175276
200264
225253
250241
275230
300218
325207
350195
375184
400172
425161
450149
475138
500126
525115
550103
575092
600080
625069
650057
675046
700034
725023
750011
775000
799988
824977
849965
874954
899942
924931
949919
974908
999896
1024885
1049873
1074862
1099850
1124839
1149827
1174816
1199804
1224793
-4608
-3948
-3323
-2734
-2169
-1649
-1175
-750
-390
-85
166
361
501
611
687
742
782
802
827
837
852
857
862
867
867
867
872
872
877
867
877
872
877
867
872
872
872
862
867
872
867
862
872
867
872
872
872
872
867
872
842
822
807
797
787
777
772
767
762
752
742
737
732
722
717
712
707
702
692
687
677
667
657
642
632
621
611
596
581
561
546
521
501
456
406
346
251
131
-35
-240
-500
-820
-1195
-1624
-2099
-2634
-3208
-3823
-4483
-5167