1199804
1174816
1149827
1124839
1099850
1074862
1049873
1024885
999896
974908
949919
924931
899942
874954
849965
824977
799988
775000
750011
725023
700034
675046
650057
625069
600080
575092
550103
525115
500126
475138
450149
425161
400172
375184
350195
325207
300218
275230
250241
225253
200264
175276
150287
125299
100310
75322
50333
25345
356
-24631
356
25345
50333
75322
100310
125299
150287
175276
200264
225253
250241
275230
300218
325207
350195
375184
400172
425161
450149
475138
500126
525115
550103
575092
600080
625069
650057
675046
700034
725023
750011
775000
799988
824977
849965
874954
899942
924931
949919
974908
999896
1024885
1049873
1074862
1099850
1124839
1149827
1174816
1199804
1224793
-4743
-4648
-4213
-3708
-3188
-2679
-2184
-1709
-1269
-865
-505
-190
86
306
471
606
702
767
822
862
882
907
912
932
942
952
957
972
972
977
982
987
987
992
1002
1002
1007
1012
1012
1012
1022
1017
1022
1027
1027
1022
1032
1032
1037
1037
1022
1002
1002
992
977
972
972
962
952
947
942
937
927
917
917
907
902
892
892
882
872
862
857
847
832
822
812
797
777
762
732
697
652
581
491
366
191
-30
-315
-650
-1050
-1504
-1999
-2549
-3129
-3758
-4408
-5093
-5797
-6527