1199804
1174816
1149827
1124839
1099850
1074862
1049873
1024885
999896
974908
949919
924931
899942
874954
849965
824977
799988
775000
750011
725023
700034
675046
650057
625069
600080
575092
550103
525115
500126
475138
450149
425161
400172
375184
350195
325207
300218
275230
250241
225253
200264
175276
150287
125299
100310
75322
50333
25345
356
-24631
356
25345
50333
75322
100310
125299
150287
175276
200264
225253
250241
275230
300218
325207
350195
375184
400172
425161
450149
475138
500126
525115
550103
575092
600080
625069
650057
675046
700034
725023
750011
775000
799988
824977
849965
874954
899942
924931
949919
974908
999896
1024885
1049873
1074862
1099850
1124839
1149827
1174816
1199804
1224793
-7286
-6092
-4743
-3413
-2164
-1045
-75
737
1402
1947
2387
2742
3027
3277
3477
3647
3777
3887
3972
4037
4092
4132
4167
4197
4222
4247
4262
4277
4292
4302
4307
4317
4322
4327
4332
4332
4332
4332
4342
4332
4332
4327
4327
4327
4327
4327
4327
4322
4317
4312
4292
4277
4262
4247
4232
4217
4207
4197
4187
4162
4152
4142
4122
4112
4102
4087
4067
4047
4027
4007
3982
3962
3927
3902
3877
3842
3802
3757
3712
3652
3592
3517
3432
3322
3192
3017
2797
2512
2147
1707
1162
521
-255
-1165
-2234
-3448
-4803
-6292
-7886
-9580