1199804
1174816
1149827
1124839
1099850
1074862
1049873
1024885
999896
974908
949919
924931
899942
874954
849965
824977
799988
775000
750011
725023
700034
675046
650057
625069
600080
575092
550103
525115
500126
475138
450149
425161
400172
375184
350195
325207
300218
275230
250241
225253
200264
175276
150287
125299
100310
75322
50333
25345
356
-24631
356
25345
50333
75322
100310
125299
150287
175276
200264
225253
250241
275230
300218
325207
350195
375184
400172
425161
450149
475138
500126
525115
550103
575092
600080
625069
650057
675046
700034
725023
750011
775000
799988
824977
849965
874954
899942
924931
949919
974908
999896
1024885
1049873
1074862
1099850
1124839
1149827
1174816
1199804
1224793
-6322
-5267
-4068
-2874
-1764
-775
81
787
1372
1857
2242
2562
2822
3042
3222
3382
3507
3592
3662
3722
3762
3792
3822
3852
3862
3877
3897
3912
3912
3917
3927
3927
3932
3932
3932
3932
3937
3932
3932
3932
3932
3927
3922
3922
3922
3917
3922
3917
3922
3912
3897
3872
3862
3847
3837
3827
3812
3807
3792
3782
3767
3757
3742
3732
3712
3697
3687
3672
3652
3632
3612
3587
3567
3537
3512
3477
3447
3407
3372
3327
3272
3212
3137
3047
2957
2822
2642
2412
2112
1732
1262
687
11
-810
-1779
-2889
-4153
-5572
-7111
-8776