1199804
1174816
1149827
1124839
1099850
1074862
1049873
1024885
999896
974908
949919
924931
899942
874954
849965
824977
799988
775000
750011
725023
700034
675046
650057
625069
600080
575092
550103
525115
500126
475138
450149
425161
400172
375184
350195
325207
300218
275230
250241
225253
200264
175276
150287
125299
100310
75322
50333
25345
356
-24631
356
25345
50333
75322
100310
125299
150287
175276
200264
225253
250241
275230
300218
325207
350195
375184
400172
425161
450149
475138
500126
525115
550103
575092
600080
625069
650057
675046
700034
725023
750011
775000
799988
824977
849965
874954
899942
924931
949919
974908
999896
1024885
1049873
1074862
1099850
1124839
1149827
1174816
1199804
1224793
-4638
-3958
-3308
-2694
-2099
-1554
-1055
-615
-240
86
336
541
692
802
887
937
977
1007
1027
1042
1052
1062
1072
1072
1077
1082
1082
1082
1082
1082
1082
1082
1077
1077
1072
1072
1072
1072
1062
1072
1067
1062
1067
1067
1072
1067
1067
1067
1067
1067
1027
1007
987
982
967
962
952
942
932
927
917
907
902
897
887
882
877
862
852
837
837
827
812
797
792
772
752
742
722
702
687
657
621
586
541
486
391
271
116
-95
-360
-680
-1070
-1514
-2014
-2574
-3184
-3838
-4528
-5257