1199804
1174816
1149827
1124839
1099850
1074862
1049873
1024885
999896
974908
949919
924931
899942
874954
849965
824977
799988
775000
750011
725023
700034
675046
650057
625069
600080
575092
550103
525115
500126
475138
450149
425161
400172
375184
350195
325207
300218
275230
250241
225253
200264
175276
150287
125299
100310
75322
50333
25345
356
-24631
356
25345
50333
75322
100310
125299
150287
175276
200264
225253
250241
275230
300218
325207
350195
375184
400172
425161
450149
475138
500126
525115
550103
575092
600080
625069
650057
675046
700034
725023
750011
775000
799988
824977
849965
874954
899942
924931
949919
974908
999896
1024885
1049873
1074862
1099850
1124839
1149827
1174816
1199804
1224793
-4538
-3873
-3253
-2659
-2109
-1589
-1120
-700
-335
-35
221
416
571
672
752
812
852
877
897
912
922
927
942
942
947
947
942
942
942
947
942
947
947
937
947
942
942
942
937
942
942
942
942
937
942
942
942
942
942
942
907
882
867
857
847
842
832
832
822
812
807
797
797
787
782
767
767
752
742
742
727
717
712
702
682
677
667
642
632
611
591
566
536
501
456
391
301
171
21
-195
-455
-770
-1140
-1559
-2039
-2554
-3119
-3738
-4373
-5053