1199804
1174816
1149827
1124839
1099850
1074862
1049873
1024885
999896
974908
949919
924931
899942
874954
849965
824977
799988
775000
750011
725023
700034
675046
650057
625069
600080
575092
550103
525115
500126
475138
450149
425161
400172
375184
350195
325207
300218
275230
250241
225253
200264
175276
150287
125299
100310
75322
50333
25345
356
-24631
356
25345
50333
75322
100310
125299
150287
175276
200264
225253
250241
275230
300218
325207
350195
375184
400172
425161
450149
475138
500126
525115
550103
575092
600080
625069
650057
675046
700034
725023
750011
775000
799988
824977
849965
874954
899942
924931
949919
974908
999896
1024885
1049873
1074862
1099850
1124839
1149827
1174816
1199804
1224793
-6147
-5662
-5063
-4458
-3843
-3233
-2644
-2064
-1514
-985
-500
-50
351
702
1002
1247
1427
1557
1657
1717
1772
1807
1837
1857
1872
1887
1902
1907
1922
1927
1942
1942
1952
1962
1962
1962
1972
1982
1987
1992
1997
1997
2007
2012
2017
2017
2017
2027
2032
2032
2012
1987
1972
1962
1947
1932
1922
1912
1897
1892
1877
1862
1862
1847
1842
1832
1822
1807
1792
1782
1767
1757
1742
1732
1712
1697
1677
1652
1622
1587
1537
1472
1382
1242
1072
832
546
191
-215
-680
-1205
-1769
-2379
-3039
-3738
-4468
-5242
-6037
-6862
-7696