1199804
1174816
1149827
1124839
1099850
1074862
1049873
1024885
999896
974908
949919
924931
899942
874954
849965
824977
799988
775000
750011
725023
700034
675046
650057
625069
600080
575092
550103
525115
500126
475138
450149
425161
400172
375184
350195
325207
300218
275230
250241
225253
200264
175276
150287
125299
100310
75322
50333
25345
356
-24631
356
25345
50333
75322
100310
125299
150287
175276
200264
225253
250241
275230
300218
325207
350195
375184
400172
425161
450149
475138
500126
525115
550103
575092
600080
625069
650057
675046
700034
725023
750011
775000
799988
824977
849965
874954
899942
924931
949919
974908
999896
1024885
1049873
1074862
1099850
1124839
1149827
1174816
1199804
1224793
-5992
-5582
-5013
-4413
-3823
-3233
-2654
-2099
-1564
-1055
-595
-170
206
526
792
1012
1172
1287
1372
1427
1467
1502
1522
1542
1557
1567
1577
1592
1592
1602
1612
1617
1622
1627
1632
1632
1637
1647
1647
1652
1652
1662
1662
1667
1667
1672
1682
1682
1682
1687
1662
1647
1632
1622
1607
1597
1592
1577
1572
1557
1547
1542
1532
1522
1517
1507
1497
1487
1482
1477
1457
1447
1437
1417
1417
1402
1377
1357
1327
1302
1262
1207
1132
1022
857
657
386
66
-320
-760
-1260
-1804
-2404
-3044
-3723
-4448
-5197
-5987
-6777
-7596