1199804
1174816
1149827
1124839
1099850
1074862
1049873
1024885
999896
974908
949919
924931
899942
874954
849965
824977
799988
775000
750011
725023
700034
675046
650057
625069
600080
575092
550103
525115
500126
475138
450149
425161
400172
375184
350195
325207
300218
275230
250241
225253
200264
175276
150287
125299
100310
75322
50333
25345
356
-24631
356
25345
50333
75322
100310
125299
150287
175276
200264
225253
250241
275230
300218
325207
350195
375184
400172
425161
450149
475138
500126
525115
550103
575092
600080
625069
650057
675046
700034
725023
750011
775000
799988
824977
849965
874954
899942
924931
949919
974908
999896
1024885
1049873
1074862
1099850
1124839
1149827
1174816
1199804
1224793
-6167
-5612
-4978
-4328
-3688
-3054
-2439
-1839
-1269
-715
-205
266
692
1062
1372
1627
1822
1967
2077
2147
2207
2242
2272
2297
2317
2337
2357
2372
2382
2392
2402
2412
2422
2427
2427
2442
2447
2457
2462
2472
2482
2482
2487
2492
2497
2502
2507
2517
2517
2527
2492
2472
2452
2442
2417
2407
2392
2377
2372
2352
2342
2322
2317
2297
2287
2272
2262
2252
2237
2222
2212
2192
2177
2157
2137
2112
2102
2067
2032
1997
1932
1857
1762
1622
1427
1177
862
486
56
-435
-970
-1559
-2199
-2869
-3583
-4333
-5122
-5932
-6767
-7621