1199804
1174816
1149827
1124839
1099850
1074862
1049873
1024885
999896
974908
949919
924931
899942
874954
849965
824977
799988
775000
750011
725023
700034
675046
650057
625069
600080
575092
550103
525115
500126
475138
450149
425161
400172
375184
350195
325207
300218
275230
250241
225253
200264
175276
150287
125299
100310
75322
50333
25345
356
-24631
356
25345
50333
75322
100310
125299
150287
175276
200264
225253
250241
275230
300218
325207
350195
375184
400172
425161
450149
475138
500126
525115
550103
575092
600080
625069
650057
675046
700034
725023
750011
775000
799988
824977
849965
874954
899942
924931
949919
974908
999896
1024885
1049873
1074862
1099850
1124839
1149827
1174816
1199804
1224793
-4548
-3933
-3348
-2784
-2259
-1764
-1319
-920
-570
-280
-40
146
291
391
466
521
551
586
601
611
611
632
626
637
637
637
642
642
642
642
642
642
642
647
642
642
647
647
647
647
647
647
652
652
647
652
652
652
657
657
632
616
611
601
591
591
576
576
566
566
561
556
551
541
541
531
526
531
516
511
506
486
486
481
476
456
456
436
426
416
391
376
341
306
261
191
101
-25
-190
-405
-665
-975
-1339
-1754
-2204
-2709
-3253
-3833
-4458
-5098