1199804
1174816
1149827
1124839
1099850
1074862
1049873
1024885
999896
974908
949919
924931
899942
874954
849965
824977
799988
775000
750011
725023
700034
675046
650057
625069
600080
575092
550103
525115
500126
475138
450149
425161
400172
375184
350195
325207
300218
275230
250241
225253
200264
175276
150287
125299
100310
75322
50333
25345
356
-24631
356
25345
50333
75322
100310
125299
150287
175276
200264
225253
250241
275230
300218
325207
350195
375184
400172
425161
450149
475138
500126
525115
550103
575092
600080
625069
650057
675046
700034
725023
750011
775000
799988
824977
849965
874954
899942
924931
949919
974908
999896
1024885
1049873
1074862
1099850
1124839
1149827
1174816
1199804
1224793
-4758
-4713
-4188
-3463
-2704
-1994
-1369
-840
-400
-60
211
401
541
637
697
737
767
782
792
797
802
802
802
802
802
797
797
792
792
792
792
782
782
787
782
782
782
782
777
777
777
782
782
777
782
782
777
772
777
782
772
767
757
757
757
752
747
742
747
737
732
737
732
727
727
717
717
717
707
712
707
707
697
697
687
682
672
672
662
657
647
637
606
591
566
521
461
366
231
36
-235
-595
-1065
-1669
-2399
-3298
-4363
-5592
-6982
-8531