1199804
1174816
1149827
1124839
1099850
1074862
1049873
1024885
999896
974908
949919
924931
899942
874954
849965
824977
799988
775000
750011
725023
700034
675046
650057
625069
600080
575092
550103
525115
500126
475138
450149
425161
400172
375184
350195
325207
300218
275230
250241
225253
200264
175276
150287
125299
100310
75322
50333
25345
356
-24631
356
25345
50333
75322
100310
125299
150287
175276
200264
225253
250241
275230
300218
325207
350195
375184
400172
425161
450149
475138
500126
525115
550103
575092
600080
625069
650057
675046
700034
725023
750011
775000
799988
824977
849965
874954
899942
924931
949919
974908
999896
1024885
1049873
1074862
1099850
1124839
1149827
1174816
1199804
1224793
-6092
-5637
-5053
-4458
-3843
-3253
-2664
-2099
-1554
-1040
-560
-125
261
606
887
1122
1292
1417
1512
1577
1622
1647
1672
1697
1712
1722
1737
1737
1752
1762
1762
1777
1787
1782
1792
1797
1797
1812
1807
1817
1827
1822
1827
1832
1837
1837
1847
1847
1847
1857
1832
1812
1797
1787
1772
1767
1752
1737
1732
1717
1712
1707
1692
1682
1672
1667
1657
1647
1632
1627
1607
1602
1587
1572
1552
1547
1527
1497
1477
1437
1397
1337
1242
1127
957
732
451
111
-285
-735
-1240
-1804
-2399
-3054
-3743
-4473
-5237
-6027
-6837
-7666