1199804
1174816
1149827
1124839
1099850
1074862
1049873
1024885
999896
974908
949919
924931
899942
874954
849965
824977
799988
775000
750011
725023
700034
675046
650057
625069
600080
575092
550103
525115
500126
475138
450149
425161
400172
375184
350195
325207
300218
275230
250241
225253
200264
175276
150287
125299
100310
75322
50333
25345
356
-24631
356
25345
50333
75322
100310
125299
150287
175276
200264
225253
250241
275230
300218
325207
350195
375184
400172
425161
450149
475138
500126
525115
550103
575092
600080
625069
650057
675046
700034
725023
750011
775000
799988
824977
849965
874954
899942
924931
949919
974908
999896
1024885
1049873
1074862
1099850
1124839
1149827
1174816
1199804
1224793
-4463
-3618
-2824
-2059
-1329
-630
36
667
1252
1787
2287
2737
3137
3492
3812
4087
4332
4542
4722
4867
4987
5087
5172
5237
5297
5347
5382
5427
5467
5487
5512
5537
5547
5567
5587
5592
5607
5622
5637
5652
5652
5672
5672
5682
5697
5702
5707
5717
5722
5732
5667
5622
5577
5532
5502
5462
5422
5382
5352
5317
5282
5242
5212
5172
5132
5102
5062
5027
4987
4947
4897
4857
4802
4747
4682
4622
4537
4452
4362
4247
4122
3977
3787
3577
3327
3042
2707
2337
1917
1457
962
421
-170
-790
-1459
-2169
-2914
-3693
-4493
-5332