1199804
1174816
1149827
1124839
1099850
1074862
1049873
1024885
999896
974908
949919
924931
899942
874954
849965
824977
799988
775000
750011
725023
700034
675046
650057
625069
600080
575092
550103
525115
500126
475138
450149
425161
400172
375184
350195
325207
300218
275230
250241
225253
200264
175276
150287
125299
100310
75322
50333
25345
356
-24631
356
25345
50333
75322
100310
125299
150287
175276
200264
225253
250241
275230
300218
325207
350195
375184
400172
425161
450149
475138
500126
525115
550103
575092
600080
625069
650057
675046
700034
725023
750011
775000
799988
824977
849965
874954
899942
924931
949919
974908
999896
1024885
1049873
1074862
1099850
1124839
1149827
1174816
1199804
1224793
-3433
-3598
-3323
-2849
-2329
-1819
-1354
-955
-605
-310
-70
121
266
371
441
491
526
546
556
566
566
576
581
576
581
576
581
586
576
581
576
576
581
576
581
581
581
581
576
576
581
576
576
581
576
576
576
581
581
581
571
571
566
561
556
551
556
551
551
546
546
541
536
546
541
536
531
531
526
521
516
516
501
501
491
486
481
471
461
456
436
426
396
371
326
271
191
81
-60
-250
-490
-795
-1160
-1614
-2154
-2824
-3608
-4538
-5587
-6772