1199804
1174816
1149827
1124839
1099850
1074862
1049873
1024885
999896
974908
949919
924931
899942
874954
849965
824977
799988
775000
750011
725023
700034
675046
650057
625069
600080
575092
550103
525115
500126
475138
450149
425161
400172
375184
350195
325207
300218
275230
250241
225253
200264
175276
150287
125299
100310
75322
50333
25345
356
-24631
356
25345
50333
75322
100310
125299
150287
175276
200264
225253
250241
275230
300218
325207
350195
375184
400172
425161
450149
475138
500126
525115
550103
575092
600080
625069
650057
675046
700034
725023
750011
775000
799988
824977
849965
874954
899942
924931
949919
974908
999896
1024885
1049873
1074862
1099850
1124839
1149827
1174816
1199804
1224793
-6367
-5088
-4143
-3253
-2404
-1609
-855
-165
456
1007
1487
1892
2222
2492
2702
2862
2987
3082
3152
3202
3242
3272
3287
3297
3297
3282
3272
3257
3237
3212
3182
3157
3132
3112
3082
3062
3047
3037
3012
3002
2992
2972
2967
2957
2952
2947
2942
2937
2927
2917
2787
2727
2682
2652
2622
2602
2582
2567
2547
2532
2512
2497
2477
2457
2437
2417
2402
2377
2352
2332
2297
2272
2242
2207
2172
2137
2107
2067
2017
1967
1922
1867
1807
1737
1647
1532
1382
1182
912
581
171
-315
-885
-1519
-2219
-2969
-3768
-4613
-5492
-6402