1199804
1174816
1149827
1124839
1099850
1074862
1049873
1024885
999896
974908
949919
924931
899942
874954
849965
824977
799988
775000
750011
725023
700034
675046
650057
625069
600080
575092
550103
525115
500126
475138
450149
425161
400172
375184
350195
325207
300218
275230
250241
225253
200264
175276
150287
125299
100310
75322
50333
25345
356
-24631
356
25345
50333
75322
100310
125299
150287
175276
200264
225253
250241
275230
300218
325207
350195
375184
400172
425161
450149
475138
500126
525115
550103
575092
600080
625069
650057
675046
700034
725023
750011
775000
799988
824977
849965
874954
899942
924931
949919
974908
999896
1024885
1049873
1074862
1099850
1124839
1149827
1174816
1199804
1224793
-4058
-4238
-3863
-3268
-2634
-2024
-1474
-1000
-600
-265
-8
201
351
451
521
571
601
626
637
647
647
652
647
652
652
647
647
652
647
652
652
652
652
647
652
642
652
652
642
652
647
642
647
647
647
642
647
647
642
647
642
637
632
626
621
621
616
616
611
616
606
611
606
601
596
601
596
591
591
586
581
581
566
566
566
551
546
541
526
516
511
491
471
441
411
351
276
166
16
-185
-450
-795
-1225
-1759
-2414
-3203
-4153
-5262
-6517
-7916