1199804
1174816
1149827
1124839
1099850
1074862
1049873
1024885
999896
974908
949919
924931
899942
874954
849965
824977
799988
775000
750011
725023
700034
675046
650057
625069
600080
575092
550103
525115
500126
475138
450149
425161
400172
375184
350195
325207
300218
275230
250241
225253
200264
175276
150287
125299
100310
75322
50333
25345
356
-24631
356
25345
50333
75322
100310
125299
150287
175276
200264
225253
250241
275230
300218
325207
350195
375184
400172
425161
450149
475138
500126
525115
550103
575092
600080
625069
650057
675046
700034
725023
750011
775000
799988
824977
849965
874954
899942
924931
949919
974908
999896
1024885
1049873
1074862
1099850
1124839
1149827
1174816
1199804
1224793
-4713
-4253
-3693
-2949
-2139
-1359
-685
-135
291
606
842
1002
1112
1187
1242
1272
1292
1307
1307
1302
1307
1302
1302
1297
1292
1287
1292
1297
1282
1292
1282
1287
1287
1282
1287
1287
1287
1282
1282
1277
1277
1282
1282
1282
1277
1277
1282
1282
1277
1282
1272
1262
1252
1252
1247
1242
1242
1232
1232
1227
1222
1217
1217
1212
1207
1207
1202
1197
1192
1187
1182
1177
1172
1157
1157
1152
1142
1127
1127
1112
1102
1082
1067
1047
1027
992
947
882
792
652
436
126
-305
-930
-1734
-2759
-3993
-5437
-7031
-8771