1199804
1174816
1149827
1124839
1099850
1074862
1049873
1024885
999896
974908
949919
924931
899942
874954
849965
824977
799988
775000
750011
725023
700034
675046
650057
625069
600080
575092
550103
525115
500126
475138
450149
425161
400172
375184
350195
325207
300218
275230
250241
225253
200264
175276
150287
125299
100310
75322
50333
25345
356
-24631
356
25345
50333
75322
100310
125299
150287
175276
200264
225253
250241
275230
300218
325207
350195
375184
400172
425161
450149
475138
500126
525115
550103
575092
600080
625069
650057
675046
700034
725023
750011
775000
799988
824977
849965
874954
899942
924931
949919
974908
999896
1024885
1049873
1074862
1099850
1124839
1149827
1174816
1199804
1224793
-4853
-4398
-3793
-3074
-2294
-1549
-900
-365
61
381
621
777
907
982
1032
1067
1087
1097
1107
1102
1102
1102
1107
1097
1092
1092
1087
1092
1087
1082
1082
1087
1082
1087
1082
1077
1077
1072
1077
1077
1077
1077
1077
1072
1077
1077
1072
1072
1072
1077
1067
1057
1052
1052
1047
1042
1037
1037
1032
1027
1027
1022
1022
1017
1012
1017
1007
1002
992
992
997
982
982
977
967
967
957
947
937
932
922
907
892
877
847
817
777
707
601
451
226
-100
-550
-1155
-1944
-2919
-4083
-5432
-6952
-8616