1199804
1174816
1149827
1124839
1099850
1074862
1049873
1024885
999896
974908
949919
924931
899942
874954
849965
824977
799988
775000
750011
725023
700034
675046
650057
625069
600080
575092
550103
525115
500126
475138
450149
425161
400172
375184
350195
325207
300218
275230
250241
225253
200264
175276
150287
125299
100310
75322
50333
25345
356
-24631
356
25345
50333
75322
100310
125299
150287
175276
200264
225253
250241
275230
300218
325207
350195
375184
400172
425161
450149
475138
500126
525115
550103
575092
600080
625069
650057
675046
700034
725023
750011
775000
799988
824977
849965
874954
899942
924931
949919
974908
999896
1024885
1049873
1074862
1099850
1124839
1149827
1174816
1199804
1224793
-4673
-3993
-3343
-2714
-2119
-1554
-1045
-595
-210
111
376
576
732
837
917
972
1017
1042
1062
1077
1092
1097
1102
1107
1107
1112
1112
1112
1112
1112
1112
1112
1107
1112
1112
1107
1102
1107
1102
1102
1097
1102
1102
1097
1097
1102
1102
1102
1097
1102
1057
1037
1027
1017
1002
997
982
977
967
952
947
937
937
927
917
907
902
892
887
872
867
847
842
827
812
802
787
772
747
732
707
687
652
616
566
506
421
301
146
-65
-335
-655
-1050
-1504
-2024
-2589
-3213
-3888
-4593
-5347