1199804
1174816
1149827
1124839
1099850
1074862
1049873
1024885
999896
974908
949919
924931
899942
874954
849965
824977
799988
775000
750011
725023
700034
675046
650057
625069
600080
575092
550103
525115
500126
475138
450149
425161
400172
375184
350195
325207
300218
275230
250241
225253
200264
175276
150287
125299
100310
75322
50333
25345
356
-24631
356
25345
50333
75322
100310
125299
150287
175276
200264
225253
250241
275230
300218
325207
350195
375184
400172
425161
450149
475138
500126
525115
550103
575092
600080
625069
650057
675046
700034
725023
750011
775000
799988
824977
849965
874954
899942
924931
949919
974908
999896
1024885
1049873
1074862
1099850
1124839
1149827
1174816
1199804
1224793
-5702
-5402
-4863
-4273
-3693
-3119
-2549
-2014
-1499
-1030
-600
-205
131
421
647
827
957
1047
1112
1157
1187
1207
1227
1247
1257
1267
1277
1287
1292
1292
1302
1307
1312
1317
1322
1322
1327
1332
1332
1337
1337
1342
1347
1352
1352
1352
1352
1357
1357
1362
1342
1332
1312
1307
1297
1287
1277
1272
1262
1257
1242
1237
1237
1227
1212
1212
1197
1192
1187
1177
1167
1157
1142
1137
1127
1117
1102
1082
1062
1037
1007
962
897
812
682
496
286
-3
-350
-760
-1235
-1759
-2334
-2964
-3608
-4303
-5028
-5782
-6542
-7336