1199804
1174816
1149827
1124839
1099850
1074862
1049873
1024885
999896
974908
949919
924931
899942
874954
849965
824977
799988
775000
750011
725023
700034
675046
650057
625069
600080
575092
550103
525115
500126
475138
450149
425161
400172
375184
350195
325207
300218
275230
250241
225253
200264
175276
150287
125299
100310
75322
50333
25345
356
-24631
356
25345
50333
75322
100310
125299
150287
175276
200264
225253
250241
275230
300218
325207
350195
375184
400172
425161
450149
475138
500126
525115
550103
575092
600080
625069
650057
675046
700034
725023
750011
775000
799988
824977
849965
874954
899942
924931
949919
974908
999896
1024885
1049873
1074862
1099850
1124839
1149827
1174816
1199804
1224793
-5008
-4148
-3388
-2664
-1959
-1299
-690
-140
341
757
1107
1382
1592
1752
1867
1952
2002
2047
2077
2097
2117
2117
2117
2117
2117
2102
2097
2087
2082
2072
2067
2052
2052
2042
2037
2027
2017
2017
2012
2002
1997
1997
1992
1992
1992
1982
1982
1982
1977
1977
1907
1867
1842
1827
1807
1797
1787
1772
1757
1747
1737
1727
1717
1707
1697
1687
1672
1657
1647
1622
1612
1597
1577
1552
1537
1512
1487
1467
1432
1407
1377
1342
1302
1257
1202
1127
1017
882
697
456
136
-255
-720
-1269
-1874
-2549
-3273
-4043
-4853
-5687