1199877
1174890
1149903
1124917
1099930
1074943
1049956
1024970
999983
974996
950009
925023
900036
875049
850062
825076
800089
775102
750115
725129
700142
675155
650168
625182
600195
575208
550221
525235
500248
475261
450275
425288
400301
375314
350327
325341
300354
275367
250380
225394
200407
175420
150433
125447
100460
75473
50486
25500
513
-24473
513
25500
50486
75473
100460
125447
150433
175420
200407
225394
250380
275367
300354
325341
350327
375314
400301
425288
450275
475261
500248
525235
550221
575208
600195
625182
650168
675155
700142
725129
750115
775102
800089
825076
850062
875049
900036
925023
950009
974996
999983
1024970
1049956
1074943
1099930
1124917
1149903
1174890
1199877
1224864
-4980
-4345
-3685
-3025
-2385
-1775
-1185
-645
-140
310
720
1080
1381
1641
1851
2011
2141
2236
2316
2371
2406
2441
2466
2471
2491
2491
2501
2501
2506
2501
2501
2501
2501
2496
2496
2496
2501
2491
2491
2486
2486
2486
2476
2476
2471
2471
2466
2466
2471
2466
2426
2416
2401
2386
2381
2366
2366
2361
2351
2331
2336
2326
2316
2301
2301
2291
2286
2276
2256
2246
2236
2221
2201
2186
2161
2146
2121
2096
2066
2031
1986
1931
1866
1776
1651
1501
1301
1040
735
355
-75
-565
-1115
-1710
-2360
-3045
-3765
-4525
-5310
-6120