1199804
1174816
1149827
1124839
1099850
1074862
1049873
1024885
999896
974908
949919
924931
899942
874954
849965
824977
799988
775000
750011
725023
700034
675046
650057
625069
600080
575092
550103
525115
500126
475138
450149
425161
400172
375184
350195
325207
300218
275230
250241
225253
200264
175276
150287
125299
100310
75322
50333
25345
356
-24631
356
25345
50333
75322
100310
125299
150287
175276
200264
225253
250241
275230
300218
325207
350195
375184
400172
425161
450149
475138
500126
525115
550103
575092
600080
625069
650057
675046
700034
725023
750011
775000
799988
824977
849965
874954
899942
924931
949919
974908
999896
1024885
1049873
1074862
1099850
1124839
1149827
1174816
1199804
1224793
-4603
-3943
-3308
-2719
-2149
-1619
-1140
-715
-345
-35
211
411
556
662
742
787
837
862
882
892
907
907
917
917
922
922
927
922
927
932
927
927
922
922
922
922
922
922
922
917
922
922
922
922
917
922
922
927
922
927
892
872
857
847
837
827
827
812
807
797
792
782
777
777
767
762
752
742
737
727
717
702
692
682
677
662
652
632
616
601
586
556
531
491
451
381
296
171
11
-195
-460
-780
-1150
-1579
-2074
-2604
-3188
-3818
-4483
-5177