1199804
1174816
1149827
1124839
1099850
1074862
1049873
1024885
999896
974908
949919
924931
899942
874954
849965
824977
799988
775000
750011
725023
700034
675046
650057
625069
600080
575092
550103
525115
500126
475138
450149
425161
400172
375184
350195
325207
300218
275230
250241
225253
200264
175276
150287
125299
100310
75322
50333
25345
356
-24631
356
25345
50333
75322
100310
125299
150287
175276
200264
225253
250241
275230
300218
325207
350195
375184
400172
425161
450149
475138
500126
525115
550103
575092
600080
625069
650057
675046
700034
725023
750011
775000
799988
824977
849965
874954
899942
924931
949919
974908
999896
1024885
1049873
1074862
1099850
1124839
1149827
1174816
1199804
1224793
-7681
-6997
-6022
-4918
-3808
-2734
-1699
-725
186
1037
1827
2562
3212
3782
4262
4672
4997
5247
5452
5612
5732
5832
5922
5992
6052
6112
6162
6202
6232
6267
6287
6297
6302
6307
6302
6297
6287
6277
6267
6262
6242
6232
6222
6202
6187
6177
6157
6137
6122
6112
5972
5882
5812
5762
5717
5677
5632
5597
5572
5527
5492
5457
5417
5377
5332
5292
5242
5197
5147
5092
5037
4982
4927
4857
4787
4707
4622
4522
4402
4257
4077
3862
3607
3287
2937
2527
2072
1557
1002
391
-255
-960
-1724
-2519
-3363
-4243
-5162
-6107
-7081
-8076