1199804
1174816
1149827
1124839
1099850
1074862
1049873
1024885
999896
974908
949919
924931
899942
874954
849965
824977
799988
775000
750011
725023
700034
675046
650057
625069
600080
575092
550103
525115
500126
475138
450149
425161
400172
375184
350195
325207
300218
275230
250241
225253
200264
175276
150287
125299
100310
75322
50333
25345
356
-24631
356
25345
50333
75322
100310
125299
150287
175276
200264
225253
250241
275230
300218
325207
350195
375184
400172
425161
450149
475138
500126
525115
550103
575092
600080
625069
650057
675046
700034
725023
750011
775000
799988
824977
849965
874954
899942
924931
949919
974908
999896
1024885
1049873
1074862
1099850
1124839
1149827
1174816
1199804
1224793
-4078
-4243
-3878
-3273
-2634
-2014
-1469
-980
-580
-245
16
216
366
466
536
586
616
632
642
657
662
662
657
662
662
662
657
657
662
662
657
662
662
657
652
657
657
657
657
652
657
657
652
657
652
657
657
652
657
652
652
647
642
637
632
626
632
626
621
621
621
611
616
611
611
606
606
601
601
596
591
591
581
571
571
561
561
546
541
531
516
506
486
461
421
366
291
191
36
-165
-430
-780
-1215
-1754
-2414
-3208
-4173
-5292
-6572
-7986