1199804
1174816
1149827
1124839
1099850
1074862
1049873
1024885
999896
974908
949919
924931
899942
874954
849965
824977
799988
775000
750011
725023
700034
675046
650057
625069
600080
575092
550103
525115
500126
475138
450149
425161
400172
375184
350195
325207
300218
275230
250241
225253
200264
175276
150287
125299
100310
75322
50333
25345
356
-24631
356
25345
50333
75322
100310
125299
150287
175276
200264
225253
250241
275230
300218
325207
350195
375184
400172
425161
450149
475138
500126
525115
550103
575092
600080
625069
650057
675046
700034
725023
750011
775000
799988
824977
849965
874954
899942
924931
949919
974908
999896
1024885
1049873
1074862
1099850
1124839
1149827
1174816
1199804
1224793
-6142
-5667
-5078
-4463
-3858
-3253
-2664
-2094
-1539
-1020
-530
-85
306
657
942
1172
1352
1492
1582
1647
1697
1732
1752
1777
1797
1802
1817
1827
1837
1842
1847
1857
1862
1867
1877
1887
1887
1897
1897
1902
1902
1912
1912
1922
1922
1927
1932
1937
1937
1942
1922
1902
1882
1872
1862
1852
1832
1827
1817
1807
1792
1782
1777
1767
1757
1742
1737
1727
1712
1707
1692
1677
1667
1652
1632
1617
1597
1577
1547
1512
1467
1402
1317
1182
1012
787
491
151
-255
-710
-1225
-1794
-2394
-3059
-3748
-4488
-5252
-6057
-6872
-7706