1199804
1174816
1149827
1124839
1099850
1074862
1049873
1024885
999896
974908
949919
924931
899942
874954
849965
824977
799988
775000
750011
725023
700034
675046
650057
625069
600080
575092
550103
525115
500126
475138
450149
425161
400172
375184
350195
325207
300218
275230
250241
225253
200264
175276
150287
125299
100310
75322
50333
25345
356
-24631
356
25345
50333
75322
100310
125299
150287
175276
200264
225253
250241
275230
300218
325207
350195
375184
400172
425161
450149
475138
500126
525115
550103
575092
600080
625069
650057
675046
700034
725023
750011
775000
799988
824977
849965
874954
899942
924931
949919
974908
999896
1024885
1049873
1074862
1099850
1124839
1149827
1174816
1199804
1224793
-3179
-3328
-3094
-2669
-2199
-1734
-1304
-920
-595
-315
-85
101
241
341
411
466
501
526
531
546
546
551
551
551
551
551
556
556
556
556
561
556
561
556
561
551
556
556
551
556
556
556
556
556
556
561
556
556
556
556
551
546
546
536
541
536
531
531
531
526
521
521
526
516
516
516
511
506
511
501
496
491
491
481
466
461
461
451
436
426
411
401
366
341
301
236
156
51
-90
-270
-500
-780
-1130
-1549
-2054
-2669
-3388
-4238
-5217
-6302