1199804
1174816
1149827
1124839
1099850
1074862
1049873
1024885
999896
974908
949919
924931
899942
874954
849965
824977
799988
775000
750011
725023
700034
675046
650057
625069
600080
575092
550103
525115
500126
475138
450149
425161
400172
375184
350195
325207
300218
275230
250241
225253
200264
175276
150287
125299
100310
75322
50333
25345
356
-24631
356
25345
50333
75322
100310
125299
150287
175276
200264
225253
250241
275230
300218
325207
350195
375184
400172
425161
450149
475138
500126
525115
550103
575092
600080
625069
650057
675046
700034
725023
750011
775000
799988
824977
849965
874954
899942
924931
949919
974908
999896
1024885
1049873
1074862
1099850
1124839
1149827
1174816
1199804
1224793
-4458
-3868
-3293
-2754
-2244
-1774
-1334
-950
-610
-325
-85
106
241
351
416
466
501
536
551
561
571
576
586
591
586
591
591
591
596
591
596
586
596
591
596
596
601
601
596
596
601
601
601
601
601
606
611
606
611
611
591
576
566
561
546
546
536
536
531
521
521
516
511
506
501
501
496
486
481
476
476
461
456
446
441
426
416
406
396
381
361
341
316
271
226
166
71
-60
-225
-430
-695
-1000
-1354
-1759
-2204
-2694
-3213
-3783
-4373
-5003