1199877
1174890
1149903
1124917
1099930
1074943
1049956
1024970
999983
974996
950009
925023
900036
875049
850062
825076
800089
775102
750115
725129
700142
675155
650168
625182
600195
575208
550221
525235
500248
475261
450275
425288
400301
375314
350327
325341
300354
275367
250380
225394
200407
175420
150433
125447
100460
75473
50486
25500
513
-24473
513
25500
50486
75473
100460
125447
150433
175420
200407
225394
250380
275367
300354
325341
350327
375314
400301
425288
450275
475261
500248
525235
550221
575208
600195
625182
650168
675155
700142
725129
750115
775102
800089
825076
850062
875049
900036
925023
950009
974996
999983
1024970
1049956
1074943
1099930
1124917
1149903
1174890
1199877
1224864
-9000
-7380
-5845
-4435
-3145
-1955
-875
85
920
1646
2251
2761
3162
3477
3717
3902
4037
4147
4227
4292
4342
4382
4407
4427
4442
4453
4463
4463
4468
4453
4458
4448
4442
4448
4437
4432
4427
4422
4402
4392
4392
4382
4377
4372
4367
4367
4352
4352
4342
4332
4277
4247
4227
4207
4197
4182
4172
4162
4147
4132
4122
4112
4092
4087
4077
4062
4047
4037
4017
4002
3982
3967
3952
3927
3907
3887
3857
3827
3792
3742
3697
3622
3542
3427
3282
3082
2826
2491
2051
1501
825
25
-920
-2005
-3205
-4515
-5930
-7440
-9015
-10255