1199804
1174816
1149827
1124839
1099850
1074862
1049873
1024885
999896
974908
949919
924931
899942
874954
849965
824977
799988
775000
750011
725023
700034
675046
650057
625069
600080
575092
550103
525115
500126
475138
450149
425161
400172
375184
350195
325207
300218
275230
250241
225253
200264
175276
150287
125299
100310
75322
50333
25345
356
-24631
356
25345
50333
75322
100310
125299
150287
175276
200264
225253
250241
275230
300218
325207
350195
375184
400172
425161
450149
475138
500126
525115
550103
575092
600080
625069
650057
675046
700034
725023
750011
775000
799988
824977
849965
874954
899942
924931
949919
974908
999896
1024885
1049873
1074862
1099850
1124839
1149827
1174816
1199804
1224793
-4668
-3978
-3328
-2704
-2094
-1539
-1025
-570
-175
141
401
611
767
882
962
1012
1057
1087
1107
1122
1137
1142
1147
1152
1152
1157
1162
1162
1157
1157
1157
1152
1157
1152
1152
1152
1147
1152
1147
1142
1142
1142
1142
1142
1142
1142
1142
1147
1142
1142
1107
1082
1067
1052
1037
1022
1022
1012
1002
997
992
982
972
962
952
947
937
927
917
907
892
887
877
862
847
832
817
807
787
762
737
717
682
647
596
536
451
326
166
-45
-305
-635
-1030
-1489
-2009
-2584
-3213
-3873
-4598
-5342