1199804
1174816
1149827
1124839
1099850
1074862
1049873
1024885
999896
974908
949919
924931
899942
874954
849965
824977
799988
775000
750011
725023
700034
675046
650057
625069
600080
575092
550103
525115
500126
475138
450149
425161
400172
375184
350195
325207
300218
275230
250241
225253
200264
175276
150287
125299
100310
75322
50333
25345
356
-24631
356
25345
50333
75322
100310
125299
150287
175276
200264
225253
250241
275230
300218
325207
350195
375184
400172
425161
450149
475138
500126
525115
550103
575092
600080
625069
650057
675046
700034
725023
750011
775000
799988
824977
849965
874954
899942
924931
949919
974908
999896
1024885
1049873
1074862
1099850
1124839
1149827
1174816
1199804
1224793
-5552
-4978
-4313
-3643
-2964
-2309
-1664
-1045
-445
106
626
1117
1572
1962
2297
2572
2797
2967
3092
3192
3267
3327
3387
3422
3462
3497
3517
3552
3572
3582
3597
3617
3642
3647
3662
3682
3697
3702
3712
3722
3737
3752
3757
3767
3782
3782
3797
3802
3812
3817
3777
3747
3717
3697
3667
3647
3617
3602
3567
3547
3522
3502
3477
3457
3437
3417
3392
3367
3347
3322
3292
3277
3242
3217
3187
3147
3112
3062
3012
2947
2872
2777
2662
2502
2292
2017
1682
1287
817
316
-240
-850
-1494
-2174
-2889
-3648
-4438
-5252
-6087
-6942