1199804
1174816
1149827
1124839
1099850
1074862
1049873
1024885
999896
974908
949919
924931
899942
874954
849965
824977
799988
775000
750011
725023
700034
675046
650057
625069
600080
575092
550103
525115
500126
475138
450149
425161
400172
375184
350195
325207
300218
275230
250241
225253
200264
175276
150287
125299
100310
75322
50333
25345
356
-24631
356
25345
50333
75322
100310
125299
150287
175276
200264
225253
250241
275230
300218
325207
350195
375184
400172
425161
450149
475138
500126
525115
550103
575092
600080
625069
650057
675046
700034
725023
750011
775000
799988
824977
849965
874954
899942
924931
949919
974908
999896
1024885
1049873
1074862
1099850
1124839
1149827
1174816
1199804
1224793
-5302
-5112
-4613
-4058
-3493
-2934
-2394
-1874
-1394
-950
-545
-190
116
366
556
707
822
897
952
987
1022
1037
1057
1067
1072
1087
1097
1097
1107
1107
1117
1117
1127
1127
1132
1137
1142
1142
1147
1147
1152
1152
1157
1157
1157
1162
1172
1167
1172
1172
1147
1142
1127
1122
1112
1097
1092
1087
1082
1072
1067
1057
1052
1052
1042
1032
1027
1022
1017
997
997
987
982
972
962
942
937
922
902
877
847
812
757
682
581
441
246
-8
-330
-705
-1155
-1649
-2199
-2799
-3428
-4088
-4793
-5527
-6277
-7046