1199804
1174816
1149827
1124839
1099850
1074862
1049873
1024885
999896
974908
949919
924931
899942
874954
849965
824977
799988
775000
750011
725023
700034
675046
650057
625069
600080
575092
550103
525115
500126
475138
450149
425161
400172
375184
350195
325207
300218
275230
250241
225253
200264
175276
150287
125299
100310
75322
50333
25345
356
-24631
356
25345
50333
75322
100310
125299
150287
175276
200264
225253
250241
275230
300218
325207
350195
375184
400172
425161
450149
475138
500126
525115
550103
575092
600080
625069
650057
675046
700034
725023
750011
775000
799988
824977
849965
874954
899942
924931
949919
974908
999896
1024885
1049873
1074862
1099850
1124839
1149827
1174816
1199804
1224793
-5777
-5197
-4533
-3853
-3179
-2514
-1869
-1245
-650
-90
431
932
1372
1762
2087
2352
2562
2722
2847
2937
3012
3067
3112
3142
3177
3207
3227
3247
3272
3287
3297
3317
3327
3337
3357
3367
3372
3392
3392
3402
3417
3427
3432
3442
3452
3462
3472
3477
3482
3492
3452
3427
3397
3372
3352
3327
3312
3292
3267
3247
3227
3202
3182
3167
3142
3132
3112
3092
3072
3047
3027
3007
2977
2952
2927
2897
2862
2827
2782
2722
2652
2567
2457
2302
2107
1842
1507
1112
657
146
-410
-1020
-1674
-2364
-3089
-3848
-4643
-5472
-6307
-7166