1199804
1174816
1149827
1124839
1099850
1074862
1049873
1024885
999896
974908
949919
924931
899942
874954
849965
824977
799988
775000
750011
725023
700034
675046
650057
625069
600080
575092
550103
525115
500126
475138
450149
425161
400172
375184
350195
325207
300218
275230
250241
225253
200264
175276
150287
125299
100310
75322
50333
25345
356
-24631
356
25345
50333
75322
100310
125299
150287
175276
200264
225253
250241
275230
300218
325207
350195
375184
400172
425161
450149
475138
500126
525115
550103
575092
600080
625069
650057
675046
700034
725023
750011
775000
799988
824977
849965
874954
899942
924931
949919
974908
999896
1024885
1049873
1074862
1099850
1124839
1149827
1174816
1199804
1224793
-5722
-5147
-4488
-3803
-3129
-2464
-1819
-1200
-600
-35
486
977
1427
1812
2142
2412
2617
2782
2907
2997
3067
3127
3177
3212
3247
3267
3297
3312
3332
3352
3367
3392
3397
3412
3427
3437
3442
3457
3467
3477
3492
3507
3507
3517
3522
3532
3537
3552
3552
3562
3527
3502
3472
3447
3422
3392
3377
3352
3327
3312
3297
3272
3257
3237
3217
3197
3172
3152
3137
3117
3092
3067
3047
3022
2987
2962
2917
2882
2842
2782
2712
2622
2512
2357
2157
1887
1562
1157
702
196
-365
-975
-1629
-2314
-3044
-3803
-4598
-5417
-6267
-7131