1199804
1174816
1149827
1124839
1099850
1074862
1049873
1024885
999896
974908
949919
924931
899942
874954
849965
824977
799988
775000
750011
725023
700034
675046
650057
625069
600080
575092
550103
525115
500126
475138
450149
425161
400172
375184
350195
325207
300218
275230
250241
225253
200264
175276
150287
125299
100310
75322
50333
25345
356
-24631
356
25345
50333
75322
100310
125299
150287
175276
200264
225253
250241
275230
300218
325207
350195
375184
400172
425161
450149
475138
500126
525115
550103
575092
600080
625069
650057
675046
700034
725023
750011
775000
799988
824977
849965
874954
899942
924931
949919
974908
999896
1024885
1049873
1074862
1099850
1124839
1149827
1174816
1199804
1224793
-4623
-3913
-3263
-2634
-2034
-1469
-945
-485
-80
251
526
742
907
1022
1117
1172
1212
1257
1272
1287
1302
1307
1312
1317
1317
1322
1322
1317
1317
1322
1322
1312
1317
1312
1307
1307
1302
1297
1302
1302
1297
1297
1292
1297
1292
1292
1292
1292
1292
1292
1247
1217
1207
1187
1172
1167
1157
1147
1137
1127
1117
1112
1107
1092
1087
1077
1062
1052
1047
1037
1027
1012
1002
982
967
952
942
917
897
877
847
822
792
752
697
637
546
421
256
46
-225
-570
-965
-1434
-1949
-2529
-3159
-3828
-4533
-5272