1199877
1174890
1149903
1124917
1099930
1074943
1049956
1024970
999983
974996
950009
925023
900036
875049
850062
825076
800089
775102
750115
725129
700142
675155
650168
625182
600195
575208
550221
525235
500248
475261
450275
425288
400301
375314
350327
325341
300354
275367
250380
225394
200407
175420
150433
125447
100460
75473
50486
25500
513
-24473
513
25500
50486
75473
100460
125447
150433
175420
200407
225394
250380
275367
300354
325341
350327
375314
400301
425288
450275
475261
500248
525235
550221
575208
600195
625182
650168
675155
700142
725129
750115
775102
800089
825076
850062
875049
900036
925023
950009
974996
999983
1024970
1049956
1074943
1099930
1124917
1149903
1174890
1199877
1224864
-4235
-3710
-3140
-2575
-2025
-1495
-990
-520
-90
290
630
925
1180
1381
1551
1686
1786
1866
1916
1966
1996
2026
2041
2046
2061
2071
2071
2071
2076
2076
2081
2071
2076
2076
2076
2071
2066
2071
2066
2061
2056
2061
2061
2051
2056
2056
2051
2051
2051
2051
2021
2011
2001
1996
1981
1981
1971
1966
1961
1951
1946
1941
1936
1926
1921
1916
1906
1896
1891
1876
1871
1851
1846
1831
1806
1796
1776
1756
1726
1696
1656
1606
1556
1481
1386
1261
1100
890
640
325
-35
-455
-920
-1435
-1995
-2580
-3215
-3870
-4555
-5270