1199804
1174816
1149827
1124839
1099850
1074862
1049873
1024885
999896
974908
949919
924931
899942
874954
849965
824977
799988
775000
750011
725023
700034
675046
650057
625069
600080
575092
550103
525115
500126
475138
450149
425161
400172
375184
350195
325207
300218
275230
250241
225253
200264
175276
150287
125299
100310
75322
50333
25345
356
-24631
356
25345
50333
75322
100310
125299
150287
175276
200264
225253
250241
275230
300218
325207
350195
375184
400172
425161
450149
475138
500126
525115
550103
575092
600080
625069
650057
675046
700034
725023
750011
775000
799988
824977
849965
874954
899942
924931
949919
974908
999896
1024885
1049873
1074862
1099850
1124839
1149827
1174816
1199804
1224793
-4668
-3988
-3338
-2714
-2119
-1564
-1055
-610
-220
101
351
556
707
822
897
952
997
1017
1042
1057
1072
1077
1087
1092
1092
1097
1092
1097
1092
1092
1092
1097
1087
1092
1092
1087
1087
1082
1082
1082
1077
1082
1077
1077
1082
1087
1082
1087
1087
1082
1042
1022
1007
992
982
972
962
957
947
937
932
927
917
907
902
892
887
877
872
852
852
832
827
812
802
792
772
757
737
722
702
672
647
601
551
496
411
286
126
-80
-350
-670
-1065
-1509
-2019
-2589
-3213
-3888
-4593
-5327