1199804
1174816
1149827
1124839
1099850
1074862
1049873
1024885
999896
974908
949919
924931
899942
874954
849965
824977
799988
775000
750011
725023
700034
675046
650057
625069
600080
575092
550103
525115
500126
475138
450149
425161
400172
375184
350195
325207
300218
275230
250241
225253
200264
175276
150287
125299
100310
75322
50333
25345
356
-24631
356
25345
50333
75322
100310
125299
150287
175276
200264
225253
250241
275230
300218
325207
350195
375184
400172
425161
450149
475138
500126
525115
550103
575092
600080
625069
650057
675046
700034
725023
750011
775000
799988
824977
849965
874954
899942
924931
949919
974908
999896
1024885
1049873
1074862
1099850
1124839
1149827
1174816
1199804
1224793
-5517
-5272
-4758
-4183
-3603
-3034
-2479
-1954
-1454
-990
-575
-205
116
381
601
762
877
957
1017
1067
1092
1112
1132
1142
1152
1162
1172
1182
1182
1192
1197
1207
1212
1212
1217
1222
1222
1227
1227
1232
1232
1237
1242
1242
1242
1247
1247
1247
1252
1257
1237
1222
1207
1202
1192
1187
1172
1167
1162
1152
1137
1132
1132
1122
1117
1112
1102
1097
1087
1082
1072
1062
1052
1042
1027
1022
1007
987
967
942
917
877
817
737
626
466
266
-8
-345
-745
-1200
-1714
-2289
-2889
-3538
-4223
-4933
-5682
-6447
-7226