1199804
1174816
1149827
1124839
1099850
1074862
1049873
1024885
999896
974908
949919
924931
899942
874954
849965
824977
799988
775000
750011
725023
700034
675046
650057
625069
600080
575092
550103
525115
500126
475138
450149
425161
400172
375184
350195
325207
300218
275230
250241
225253
200264
175276
150287
125299
100310
75322
50333
25345
356
-24631
356
25345
50333
75322
100310
125299
150287
175276
200264
225253
250241
275230
300218
325207
350195
375184
400172
425161
450149
475138
500126
525115
550103
575092
600080
625069
650057
675046
700034
725023
750011
775000
799988
824977
849965
874954
899942
924931
949919
974908
999896
1024885
1049873
1074862
1099850
1124839
1149827
1174816
1199804
1224793
-4813
-4698
-4263
-3753
-3223
-2709
-2204
-1724
-1279
-875
-505
-180
96
311
491
621
717
792
837
872
902
917
932
947
952
967
977
982
987
992
997
997
1007
1007
1012
1017
1017
1027
1027
1032
1032
1027
1032
1037
1047
1042
1042
1042
1047
1057
1032
1022
1012
1002
997
987
972
967
967
957
952
942
937
932
932
922
922
912
897
892
887
877
872
857
852
842
822
812
792
772
747
712
662
596
506
376
196
-25
-310
-655
-1060
-1509
-2019
-2579
-3164
-3793
-4458
-5137
-5852
-6582