1199804
1174816
1149827
1124839
1099850
1074862
1049873
1024885
999896
974908
949919
924931
899942
874954
849965
824977
799988
775000
750011
725023
700034
675046
650057
625069
600080
575092
550103
525115
500126
475138
450149
425161
400172
375184
350195
325207
300218
275230
250241
225253
200264
175276
150287
125299
100310
75322
50333
25345
356
-24631
356
25345
50333
75322
100310
125299
150287
175276
200264
225253
250241
275230
300218
325207
350195
375184
400172
425161
450149
475138
500126
525115
550103
575092
600080
625069
650057
675046
700034
725023
750011
775000
799988
824977
849965
874954
899942
924931
949919
974908
999896
1024885
1049873
1074862
1099850
1124839
1149827
1174816
1199804
1224793
-4773
-4013
-3313
-2629
-1969
-1349
-785
-275
171
541
842
1077
1262
1392
1482
1542
1597
1627
1657
1672
1682
1692
1692
1687
1692
1687
1682
1677
1677
1672
1672
1662
1662
1652
1647
1647
1647
1642
1637
1632
1632
1627
1627
1627
1627
1622
1622
1612
1612
1622
1567
1532
1512
1497
1487
1467
1457
1452
1442
1427
1422
1412
1402
1397
1377
1372
1362
1357
1337
1332
1312
1297
1287
1272
1247
1232
1212
1192
1167
1147
1117
1087
1052
1012
962
892
797
677
511
281
-3
-365
-805
-1319
-1894
-2534
-3233
-3978
-4753
-5567