1199804
1174816
1149827
1124839
1099850
1074862
1049873
1024885
999896
974908
949919
924931
899942
874954
849965
824977
799988
775000
750011
725023
700034
675046
650057
625069
600080
575092
550103
525115
500126
475138
450149
425161
400172
375184
350195
325207
300218
275230
250241
225253
200264
175276
150287
125299
100310
75322
50333
25345
356
-24631
356
25345
50333
75322
100310
125299
150287
175276
200264
225253
250241
275230
300218
325207
350195
375184
400172
425161
450149
475138
500126
525115
550103
575092
600080
625069
650057
675046
700034
725023
750011
775000
799988
824977
849965
874954
899942
924931
949919
974908
999896
1024885
1049873
1074862
1099850
1124839
1149827
1174816
1199804
1224793
-4723
-4548
-4008
-3283
-2524
-1819
-1185
-660
-240
96
346
526
642
727
787
832
847
862
872
877
877
877
872
872
872
877
867
862
867
867
862
857
862
857
852
857
857
852
857
852
857
857
852
857
852
852
847
857
852
852
847
837
832
837
827
822
827
817
812
812
812
802
807
797
802
792
792
797
787
777
782
772
767
767
757
752
747
742
737
732
712
702
692
672
647
611
556
471
341
166
-90
-435
-905
-1509
-2259
-3179
-4263
-5532
-6957
-8536