1199804
1174816
1149827
1124839
1099850
1074862
1049873
1024885
999896
974908
949919
924931
899942
874954
849965
824977
799988
775000
750011
725023
700034
675046
650057
625069
600080
575092
550103
525115
500126
475138
450149
425161
400172
375184
350195
325207
300218
275230
250241
225253
200264
175276
150287
125299
100310
75322
50333
25345
356
-24631
356
25345
50333
75322
100310
125299
150287
175276
200264
225253
250241
275230
300218
325207
350195
375184
400172
425161
450149
475138
500126
525115
550103
575092
600080
625069
650057
675046
700034
725023
750011
775000
799988
824977
849965
874954
899942
924931
949919
974908
999896
1024885
1049873
1074862
1099850
1124839
1149827
1174816
1199804
1224793
-3109
-3248
-3029
-2619
-2149
-1699
-1284
-910
-590
-310
-80
96
236
341
411
461
496
511
531
531
546
546
546
551
546
546
551
546
551
546
556
556
551
551
546
546
546
551
551
546
546
551
551
551
551
551
551
546
551
551
546
541
531
536
531
526
531
531
521
521
516
521
516
511
511
511
511
501
496
496
486
486
481
476
471
461
451
446
436
426
406
391
366
331
291
236
151
46
-95
-275
-505
-780
-1115
-1534
-2024
-2619
-3338
-4183
-5132
-6202