1199804
1174816
1149827
1124839
1099850
1074862
1049873
1024885
999896
974908
949919
924931
899942
874954
849965
824977
799988
775000
750011
725023
700034
675046
650057
625069
600080
575092
550103
525115
500126
475138
450149
425161
400172
375184
350195
325207
300218
275230
250241
225253
200264
175276
150287
125299
100310
75322
50333
25345
356
-24631
356
25345
50333
75322
100310
125299
150287
175276
200264
225253
250241
275230
300218
325207
350195
375184
400172
425161
450149
475138
500126
525115
550103
575092
600080
625069
650057
675046
700034
725023
750011
775000
799988
824977
849965
874954
899942
924931
949919
974908
999896
1024885
1049873
1074862
1099850
1124839
1149827
1174816
1199804
1224793
-4798
-4333
-3768
-3009
-2194
-1404
-730
-175
261
571
807
967
1082
1157
1207
1242
1262
1272
1277
1277
1272
1272
1272
1262
1262
1262
1257
1257
1257
1257
1257
1257
1252
1252
1247
1247
1247
1257
1242
1252
1247
1247
1252
1247
1242
1247
1247
1247
1247
1247
1232
1227
1222
1217
1212
1207
1212
1202
1202
1202
1192
1187
1187
1177
1182
1172
1167
1162
1162
1157
1152
1147
1137
1132
1127
1117
1112
1102
1097
1082
1067
1057
1042
1022
997
972
922
862
762
621
411
101
-340
-950
-1754
-2779
-4003
-5417
-7012
-8731