1199804
1174816
1149827
1124839
1099850
1074862
1049873
1024885
999896
974908
949919
924931
899942
874954
849965
824977
799988
775000
750011
725023
700034
675046
650057
625069
600080
575092
550103
525115
500126
475138
450149
425161
400172
375184
350195
325207
300218
275230
250241
225253
200264
175276
150287
125299
100310
75322
50333
25345
356
-24631
356
25345
50333
75322
100310
125299
150287
175276
200264
225253
250241
275230
300218
325207
350195
375184
400172
425161
450149
475138
500126
525115
550103
575092
600080
625069
650057
675046
700034
725023
750011
775000
799988
824977
849965
874954
899942
924931
949919
974908
999896
1024885
1049873
1074862
1099850
1124839
1149827
1174816
1199804
1224793
-5527
-4463
-3643
-2849
-2094
-1379
-730
-125
406
882
1287
1622
1892
2102
2257
2367
2452
2517
2562
2592
2607
2617
2632
2627
2622
2612
2602
2587
2572
2552
2547
2532
2512
2497
2482
2482
2472
2452
2452
2442
2432
2427
2422
2422
2412
2402
2402
2392
2397
2392
2302
2252
2217
2197
2177
2162
2142
2132
2112
2102
2087
2072
2062
2042
2032
2017
2007
1987
1967
1947
1922
1902
1882
1852
1827
1797
1767
1742
1707
1667
1632
1587
1537
1482
1407
1317
1197
1027
807
516
161
-265
-775
-1354
-1994
-2679
-3423
-4208
-5028
-5882