1199804
1174816
1149827
1124839
1099850
1074862
1049873
1024885
999896
974908
949919
924931
899942
874954
849965
824977
799988
775000
750011
725023
700034
675046
650057
625069
600080
575092
550103
525115
500126
475138
450149
425161
400172
375184
350195
325207
300218
275230
250241
225253
200264
175276
150287
125299
100310
75322
50333
25345
356
-24631
356
25345
50333
75322
100310
125299
150287
175276
200264
225253
250241
275230
300218
325207
350195
375184
400172
425161
450149
475138
500126
525115
550103
575092
600080
625069
650057
675046
700034
725023
750011
775000
799988
824977
849965
874954
899942
924931
949919
974908
999896
1024885
1049873
1074862
1099850
1124839
1149827
1174816
1199804
1224793
-4688
-3968
-3298
-2654
-2029
-1439
-890
-415
6
356
637
862
1027
1152
1242
1302
1347
1382
1407
1422
1432
1442
1447
1442
1447
1447
1447
1447
1447
1437
1437
1437
1437
1427
1427
1427
1422
1417
1412
1417
1417
1417
1407
1412
1407
1407
1412
1402
1402
1402
1352
1327
1317
1297
1282
1277
1262
1257
1247
1232
1232
1222
1212
1202
1197
1182
1177
1162
1152
1137
1132
1122
1102
1087
1077
1057
1037
1017
1002
972
947
922
882
842
802
737
642
516
361
136
-140
-485
-905
-1389
-1939
-2544
-3203
-3903
-4638
-5407