1199804
1174816
1149827
1124839
1099850
1074862
1049873
1024885
999896
974908
949919
924931
899942
874954
849965
824977
799988
775000
750011
725023
700034
675046
650057
625069
600080
575092
550103
525115
500126
475138
450149
425161
400172
375184
350195
325207
300218
275230
250241
225253
200264
175276
150287
125299
100310
75322
50333
25345
356
-24631
356
25345
50333
75322
100310
125299
150287
175276
200264
225253
250241
275230
300218
325207
350195
375184
400172
425161
450149
475138
500126
525115
550103
575092
600080
625069
650057
675046
700034
725023
750011
775000
799988
824977
849965
874954
899942
924931
949919
974908
999896
1024885
1049873
1074862
1099850
1124839
1149827
1174816
1199804
1224793
-4443
-4518
-4073
-3403
-2689
-2024
-1429
-915
-495
-145
111
311
466
556
621
667
697
717
717
727
732
732
737
732
732
727
722
722
732
727
722
722
727
722
722
722
722
717
722
717
722
717
722
717
722
722
722
712
727
712
707
702
702
702
692
692
692
687
682
682
677
677
667
672
672
667
667
662
652
657
652
647
647
637
637
626
621
611
601
596
586
571
556
531
496
451
386
286
141
-60
-330
-695
-1155
-1729
-2439
-3303
-4323
-5507
-6862
-8351