1199877
1174890
1149903
1124917
1099930
1074943
1049956
1024970
999983
974996
950009
925023
900036
875049
850062
825076
800089
775102
750115
725129
700142
675155
650168
625182
600195
575208
550221
525235
500248
475261
450275
425288
400301
375314
350327
325341
300354
275367
250380
225394
200407
175420
150433
125447
100460
75473
50486
25500
513
-24473
513
25500
50486
75473
100460
125447
150433
175420
200407
225394
250380
275367
300354
325341
350327
375314
400301
425288
450275
475261
500248
525235
550221
575208
600195
625182
650168
675155
700142
725129
750115
775102
800089
825076
850062
875049
900036
925023
950009
974996
999983
1024970
1049956
1074943
1099930
1124917
1149903
1174890
1199877
1224864
-8940
-7395
-5925
-4565
-3300
-2140
-1080
-130
690
1411
2026
2526
2937
3252
3492
3677
3817
3912
3992
4057
4102
4132
4167
4187
4192
4207
4212
4212
4212
4212
4207
4207
4202
4202
4192
4192
4182
4177
4172
4162
4162
4157
4152
4147
4147
4132
4132
4127
4117
4117
4057
4027
4017
4002
3987
3977
3962
3952
3942
3932
3922
3907
3897
3887
3872
3857
3852
3837
3817
3802
3792
3772
3757
3737
3712
3692
3667
3632
3607
3567
3512
3452
3367
3262
3117
2927
2681
2341
1911
1361
680
-115
-1065
-2140
-3335
-4630
-6025
-7510
-9060
-10255