1199804
1174816
1149827
1124839
1099850
1074862
1049873
1024885
999896
974908
949919
924931
899942
874954
849965
824977
799988
775000
750011
725023
700034
675046
650057
625069
600080
575092
550103
525115
500126
475138
450149
425161
400172
375184
350195
325207
300218
275230
250241
225253
200264
175276
150287
125299
100310
75322
50333
25345
356
-24631
356
25345
50333
75322
100310
125299
150287
175276
200264
225253
250241
275230
300218
325207
350195
375184
400172
425161
450149
475138
500126
525115
550103
575092
600080
625069
650057
675046
700034
725023
750011
775000
799988
824977
849965
874954
899942
924931
949919
974908
999896
1024885
1049873
1074862
1099850
1124839
1149827
1174816
1199804
1224793
-7866
-6717
-5562
-4458
-3393
-2384
-1419
-510
316
1087
1782
2407
2957
3427
3822
4152
4407
4622
4782
4917
5012
5087
5152
5202
5237
5262
5277
5292
5292
5292
5277
5272
5247
5222
5207
5187
5157
5132
5107
5087
5057
5032
5012
4992
4977
4962
4932
4922
4907
4897
4712
4612
4542
4487
4447
4407
4367
4337
4302
4272
4237
4197
4172
4132
4097
4057
4017
3972
3922
3882
3827
3777
3717
3662
3602
3542
3472
3402
3332
3242
3147
3032
2892
2727
2507
2242
1917
1522
1067
551
-20
-660
-1359
-2114
-2909
-3743
-4618
-5522
-6457
-7421