1199804
1174816
1149827
1124839
1099850
1074862
1049873
1024885
999896
974908
949919
924931
899942
874954
849965
824977
799988
775000
750011
725023
700034
675046
650057
625069
600080
575092
550103
525115
500126
475138
450149
425161
400172
375184
350195
325207
300218
275230
250241
225253
200264
175276
150287
125299
100310
75322
50333
25345
356
-24631
356
25345
50333
75322
100310
125299
150287
175276
200264
225253
250241
275230
300218
325207
350195
375184
400172
425161
450149
475138
500126
525115
550103
575092
600080
625069
650057
675046
700034
725023
750011
775000
799988
824977
849965
874954
899942
924931
949919
974908
999896
1024885
1049873
1074862
1099850
1124839
1149827
1174816
1199804
1224793
-4708
-3988
-3313
-2654
-2019
-1419
-875
-380
41
396
682
912
1072
1202
1282
1347
1392
1427
1447
1472
1482
1487
1492
1487
1492
1497
1487
1487
1492
1482
1482
1477
1477
1472
1472
1467
1462
1462
1467
1452
1452
1452
1452
1447
1447
1447
1447
1442
1452
1442
1397
1362
1347
1337
1327
1307
1302
1292
1282
1272
1262
1252
1252
1242
1232
1217
1207
1202
1187
1177
1167
1152
1137
1122
1102
1092
1072
1057
1027
1002
977
952
922
877
827
762
672
551
391
176
-115
-460
-885
-1379
-1929
-2549
-3223
-3938
-4693
-5477