1199804
1174816
1149827
1124839
1099850
1074862
1049873
1024885
999896
974908
949919
924931
899942
874954
849965
824977
799988
775000
750011
725023
700034
675046
650057
625069
600080
575092
550103
525115
500126
475138
450149
425161
400172
375184
350195
325207
300218
275230
250241
225253
200264
175276
150287
125299
100310
75322
50333
25345
356
-24631
356
25345
50333
75322
100310
125299
150287
175276
200264
225253
250241
275230
300218
325207
350195
375184
400172
425161
450149
475138
500126
525115
550103
575092
600080
625069
650057
675046
700034
725023
750011
775000
799988
824977
849965
874954
899942
924931
949919
974908
999896
1024885
1049873
1074862
1099850
1124839
1149827
1174816
1199804
1224793
-7306
-5602
-3958
-2414
-1015
226
1297
2197
2927
3482
3907
4212
4447
4632
4767
4877
4967
5027
5082
5117
5162
5187
5212
5242
5262
5272
5292
5292
5302
5312
5317
5327
5332
5342
5337
5337
5342
5347
5337
5342
5347
5342
5347
5347
5342
5342
5347
5347
5337
5337
5317
5307
5297
5292
5282
5267
5262
5257
5242
5232
5227
5222
5207
5197
5187
5177
5167
5147
5137
5117
5107
5082
5062
5047
5017
4987
4957
4917
4872
4822
4772
4702
4637
4547
4442
4302
4137
3912
3617
3227
2727
2087
1307
371
-685
-1914
-3268
-4738
-6312
-7981