1199804
1174816
1149827
1124839
1099850
1074862
1049873
1024885
999896
974908
949919
924931
899942
874954
849965
824977
799988
775000
750011
725023
700034
675046
650057
625069
600080
575092
550103
525115
500126
475138
450149
425161
400172
375184
350195
325207
300218
275230
250241
225253
200264
175276
150287
125299
100310
75322
50333
25345
356
-24631
356
25345
50333
75322
100310
125299
150287
175276
200264
225253
250241
275230
300218
325207
350195
375184
400172
425161
450149
475138
500126
525115
550103
575092
600080
625069
650057
675046
700034
725023
750011
775000
799988
824977
849965
874954
899942
924931
949919
974908
999896
1024885
1049873
1074862
1099850
1124839
1149827
1174816
1199804
1224793
-3288
-3448
-3198
-2754
-2254
-1769
-1324
-935
-585
-305
-75
116
256
361
436
476
511
541
546
551
566
566
566
566
571
566
566
571
566
571
566
566
571
571
566
571
566
571
571
566
566
566
561
571
571
566
566
571
571
571
566
561
556
556
546
546
546
546
536
536
536
531
531
526
531
526
526
516
521
511
511
506
496
496
481
476
466
461
451
441
431
411
386
356
316
256
171
71
-70
-255
-495
-785
-1140
-1579
-2109
-2749
-3508
-4403
-5412
-6547