1199804
1174816
1149827
1124839
1099850
1074862
1049873
1024885
999896
974908
949919
924931
899942
874954
849965
824977
799988
775000
750011
725023
700034
675046
650057
625069
600080
575092
550103
525115
500126
475138
450149
425161
400172
375184
350195
325207
300218
275230
250241
225253
200264
175276
150287
125299
100310
75322
50333
25345
356
-24631
356
25345
50333
75322
100310
125299
150287
175276
200264
225253
250241
275230
300218
325207
350195
375184
400172
425161
450149
475138
500126
525115
550103
575092
600080
625069
650057
675046
700034
725023
750011
775000
799988
824977
849965
874954
899942
924931
949919
974908
999896
1024885
1049873
1074862
1099850
1124839
1149827
1174816
1199804
1224793
-7391
-6897
-5997
-4918
-3808
-2714
-1664
-665
266
1147
1972
2717
3392
3967
4457
4857
5177
5422
5612
5752
5867
5957
6037
6107
6167
6227
6282
6332
6377
6412
6442
6467
6477
6482
6482
6482
6477
6477
6472
6467
6457
6447
6437
6417
6407
6402
6382
6377
6372
6352
6237
6167
6112
6057
6017
5987
5957
5922
5892
5857
5817
5782
5742
5702
5657
5617
5577
5527
5477
5427
5372
5317
5252
5182
5112
5037
4937
4832
4697
4537
4332
4092
3797
3462
3077
2647
2167
1637
1052
436
-235
-955
-1734
-2544
-3403
-4293
-5227
-6187
-7181
-8201