1199804
1174816
1149827
1124839
1099850
1074862
1049873
1024885
999896
974908
949919
924931
899942
874954
849965
824977
799988
775000
750011
725023
700034
675046
650057
625069
600080
575092
550103
525115
500126
475138
450149
425161
400172
375184
350195
325207
300218
275230
250241
225253
200264
175276
150287
125299
100310
75322
50333
25345
356
-24631
356
25345
50333
75322
100310
125299
150287
175276
200264
225253
250241
275230
300218
325207
350195
375184
400172
425161
450149
475138
500126
525115
550103
575092
600080
625069
650057
675046
700034
725023
750011
775000
799988
824977
849965
874954
899942
924931
949919
974908
999896
1024885
1049873
1074862
1099850
1124839
1149827
1174816
1199804
1224793
-4018
-4193
-3843
-3253
-2619
-2019
-1459
-990
-585
-255
6
211
356
456
536
571
606
637
647
647
652
657
657
652
657
657
657
657
652
652
657
652
657
652
652
652
647
647
647
652
652
652
657
647
652
652
652
647
652
657
647
637
632
632
621
632
621
621
616
616
616
611
606
606
601
596
601
596
591
591
591
581
576
571
561
556
551
541
536
526
511
501
481
446
416
361
286
176
31
-175
-440
-790
-1220
-1759
-2409
-3208
-4163
-5277
-6552
-7961