1199804
1174816
1149827
1124839
1099850
1074862
1049873
1024885
999896
974908
949919
924931
899942
874954
849965
824977
799988
775000
750011
725023
700034
675046
650057
625069
600080
575092
550103
525115
500126
475138
450149
425161
400172
375184
350195
325207
300218
275230
250241
225253
200264
175276
150287
125299
100310
75322
50333
25345
356
-24631
356
25345
50333
75322
100310
125299
150287
175276
200264
225253
250241
275230
300218
325207
350195
375184
400172
425161
450149
475138
500126
525115
550103
575092
600080
625069
650057
675046
700034
725023
750011
775000
799988
824977
849965
874954
899942
924931
949919
974908
999896
1024885
1049873
1074862
1099850
1124839
1149827
1174816
1199804
1224793
-6087
-5522
-4873
-4218
-3568
-2924
-2304
-1694
-1115
-565
-45
421
852
1227
1537
1792
1982
2132
2237
2312
2372
2412
2452
2477
2492
2512
2537
2547
2557
2567
2582
2592
2602
2607
2617
2622
2637
2642
2647
2657
2662
2672
2672
2682
2687
2697
2702
2707
2712
2722
2692
2667
2647
2622
2612
2592
2577
2562
2547
2532
2522
2512
2492
2482
2462
2452
2437
2427
2417
2397
2382
2362
2342
2327
2307
2282
2262
2232
2192
2147
2097
2012
1917
1777
1587
1332
1017
637
201
-290
-840
-1434
-2079
-2764
-3483
-4228
-5023
-5832
-6667
-7516