1199804
1174816
1149827
1124839
1099850
1074862
1049873
1024885
999896
974908
949919
924931
899942
874954
849965
824977
799988
775000
750011
725023
700034
675046
650057
625069
600080
575092
550103
525115
500126
475138
450149
425161
400172
375184
350195
325207
300218
275230
250241
225253
200264
175276
150287
125299
100310
75322
50333
25345
356
-24631
356
25345
50333
75322
100310
125299
150287
175276
200264
225253
250241
275230
300218
325207
350195
375184
400172
425161
450149
475138
500126
525115
550103
575092
600080
625069
650057
675046
700034
725023
750011
775000
799988
824977
849965
874954
899942
924931
949919
974908
999896
1024885
1049873
1074862
1099850
1124839
1149827
1174816
1199804
1224793
-3253
-3418
-3169
-2734
-2239
-1764
-1329
-940
-600
-315
-80
111
246
351
426
471
501
526
541
551
556
556
556
561
556
561
566
561
566
561
561
566
561
566
566
561
561
561
566
556
566
561
566
566
561
561
561
561
566
566
561
551
551
546
546
536
536
536
541
531
531
526
526
526
521
521
516
521
506
501
501
501
491
486
486
476
466
451
446
431
421
401
381
346
306
241
161
61
-90
-270
-500
-785
-1140
-1579
-2099
-2724
-3473
-4353
-5362
-6477