1199804
1174816
1149827
1124839
1099850
1074862
1049873
1024885
999896
974908
949919
924931
899942
874954
849965
824977
799988
775000
750011
725023
700034
675046
650057
625069
600080
575092
550103
525115
500126
475138
450149
425161
400172
375184
350195
325207
300218
275230
250241
225253
200264
175276
150287
125299
100310
75322
50333
25345
356
-24631
356
25345
50333
75322
100310
125299
150287
175276
200264
225253
250241
275230
300218
325207
350195
375184
400172
425161
450149
475138
500126
525115
550103
575092
600080
625069
650057
675046
700034
725023
750011
775000
799988
824977
849965
874954
899942
924931
949919
974908
999896
1024885
1049873
1074862
1099850
1124839
1149827
1174816
1199804
1224793
-7761
-6502
-5337
-4248
-3223
-2239
-1299
-425
381
1117
1792
2397
2917
3352
3717
4017
4267
4457
4607
4722
4812
4882
4937
4972
5002
5022
5037
5037
5042
5032
5017
5002
4977
4947
4922
4887
4862
4827
4802
4772
4747
4722
4697
4677
4652
4632
4617
4597
4582
4577
4387
4282
4207
4152
4102
4067
4042
4002
3972
3942
3912
3877
3847
3812
3782
3732
3692
3652
3607
3562
3517
3472
3417
3357
3297
3237
3167
3107
3032
2957
2867
2777
2657
2517
2332
2102
1817
1457
1042
556
21
-600
-1274
-2004
-2779
-3603
-4468
-5372
-6297
-7256