1199804
1174816
1149827
1124839
1099850
1074862
1049873
1024885
999896
974908
949919
924931
899942
874954
849965
824977
799988
775000
750011
725023
700034
675046
650057
625069
600080
575092
550103
525115
500126
475138
450149
425161
400172
375184
350195
325207
300218
275230
250241
225253
200264
175276
150287
125299
100310
75322
50333
25345
356
-24631
356
25345
50333
75322
100310
125299
150287
175276
200264
225253
250241
275230
300218
325207
350195
375184
400172
425161
450149
475138
500126
525115
550103
575092
600080
625069
650057
675046
700034
725023
750011
775000
799988
824977
849965
874954
899942
924931
949919
974908
999896
1024885
1049873
1074862
1099850
1124839
1149827
1174816
1199804
1224793
-6142
-5657
-5068
-4463
-3848
-3248
-2654
-2084
-1529
-1010
-515
-70
336
677
967
1207
1387
1527
1627
1682
1737
1772
1802
1817
1827
1847
1857
1867
1872
1887
1902
1907
1907
1917
1927
1922
1927
1937
1947
1952
1947
1962
1962
1967
1967
1977
1982
1977
1987
1987
1967
1952
1932
1917
1907
1887
1877
1867
1857
1847
1837
1832
1822
1797
1797
1787
1772
1767
1752
1742
1727
1727
1707
1697
1677
1657
1637
1612
1587
1542
1502
1437
1342
1217
1042
812
516
166
-230
-700
-1210
-1769
-2384
-3039
-3733
-4473
-5242
-6037
-6857
-7691