1199804
1174816
1149827
1124839
1099850
1074862
1049873
1024885
999896
974908
949919
924931
899942
874954
849965
824977
799988
775000
750011
725023
700034
675046
650057
625069
600080
575092
550103
525115
500126
475138
450149
425161
400172
375184
350195
325207
300218
275230
250241
225253
200264
175276
150287
125299
100310
75322
50333
25345
356
-24631
356
25345
50333
75322
100310
125299
150287
175276
200264
225253
250241
275230
300218
325207
350195
375184
400172
425161
450149
475138
500126
525115
550103
575092
600080
625069
650057
675046
700034
725023
750011
775000
799988
824977
849965
874954
899942
924931
949919
974908
999896
1024885
1049873
1074862
1099850
1124839
1149827
1174816
1199804
1224793
-6157
-5597
-4958
-4308
-3658
-3029
-2409
-1809
-1235
-680
-170
306
732
1102
1417
1662
1857
2002
2117
2187
2247
2292
2317
2347
2362
2387
2397
2407
2422
2437
2442
2457
2462
2482
2477
2487
2492
2502
2507
2517
2522
2532
2537
2537
2542
2552
2552
2562
2557
2572
2542
2527
2502
2487
2467
2447
2432
2422
2412
2397
2387
2372
2352
2347
2337
2317
2307
2292
2282
2267
2247
2232
2217
2197
2182
2157
2132
2102
2072
2027
1977
1897
1792
1652
1462
1217
902
516
91
-395
-940
-1529
-2164
-2844
-3558
-4313
-5093
-5912
-6747
-7586