1199804
1174816
1149827
1124839
1099850
1074862
1049873
1024885
999896
974908
949919
924931
899942
874954
849965
824977
799988
775000
750011
725023
700034
675046
650057
625069
600080
575092
550103
525115
500126
475138
450149
425161
400172
375184
350195
325207
300218
275230
250241
225253
200264
175276
150287
125299
100310
75322
50333
25345
356
-24631
356
25345
50333
75322
100310
125299
150287
175276
200264
225253
250241
275230
300218
325207
350195
375184
400172
425161
450149
475138
500126
525115
550103
575092
600080
625069
650057
675046
700034
725023
750011
775000
799988
824977
849965
874954
899942
924931
949919
974908
999896
1024885
1049873
1074862
1099850
1124839
1149827
1174816
1199804
1224793
-5202
-5033
-4558
-3998
-3443
-2894
-2364
-1849
-1369
-930
-540
-185
111
351
541
692
797
872
922
962
992
1012
1027
1042
1052
1052
1057
1072
1077
1082
1087
1092
1097
1102
1107
1112
1107
1112
1122
1122
1122
1127
1122
1127
1132
1137
1137
1137
1137
1142
1122
1112
1102
1092
1087
1077
1067
1057
1057
1047
1037
1032
1022
1017
1017
1007
1002
997
987
977
972
967
952
942
937
927
907
892
877
852
822
787
732
657
566
421
236
-13
-325
-705
-1135
-1624
-2174
-2764
-3383
-4043
-4733
-5452
-6202
-6967