1199804
1174816
1149827
1124839
1099850
1074862
1049873
1024885
999896
974908
949919
924931
899942
874954
849965
824977
799988
775000
750011
725023
700034
675046
650057
625069
600080
575092
550103
525115
500126
475138
450149
425161
400172
375184
350195
325207
300218
275230
250241
225253
200264
175276
150287
125299
100310
75322
50333
25345
356
-24631
356
25345
50333
75322
100310
125299
150287
175276
200264
225253
250241
275230
300218
325207
350195
375184
400172
425161
450149
475138
500126
525115
550103
575092
600080
625069
650057
675046
700034
725023
750011
775000
799988
824977
849965
874954
899942
924931
949919
974908
999896
1024885
1049873
1074862
1099850
1124839
1149827
1174816
1199804
1224793
-4773
-4348
-3758
-2974
-2124
-1329
-630
-75
361
692
917
1087
1197
1272
1332
1362
1377
1392
1397
1397
1402
1397
1392
1387
1392
1387
1382
1387
1382
1377
1387
1387
1382
1377
1377
1372
1377
1372
1367
1372
1372
1377
1372
1367
1377
1377
1367
1372
1367
1372
1357
1347
1342
1337
1337
1327
1322
1322
1312
1312
1312
1307
1302
1297
1297
1287
1292
1282
1282
1267
1267
1257
1252
1242
1237
1227
1217
1212
1197
1187
1172
1157
1137
1117
1092
1057
1007
947
852
712
501
196
-245
-870
-1684
-2719
-3978
-5427
-7041
-8791