1199804
1174816
1149827
1124839
1099850
1074862
1049873
1024885
999896
974908
949919
924931
899942
874954
849965
824977
799988
775000
750011
725023
700034
675046
650057
625069
600080
575092
550103
525115
500126
475138
450149
425161
400172
375184
350195
325207
300218
275230
250241
225253
200264
175276
150287
125299
100310
75322
50333
25345
356
-24631
356
25345
50333
75322
100310
125299
150287
175276
200264
225253
250241
275230
300218
325207
350195
375184
400172
425161
450149
475138
500126
525115
550103
575092
600080
625069
650057
675046
700034
725023
750011
775000
799988
824977
849965
874954
899942
924931
949919
974908
999896
1024885
1049873
1074862
1099850
1124839
1149827
1174816
1199804
1224793
-5682
-4903
-3888
-2799
-1764
-845
-50
596
1127
1542
1872
2132
2337
2492
2617
2707
2772
2817
2862
2887
2907
2922
2942
2952
2957
2962
2972
2972
2972
2972
2972
2977
2972
2967
2972
2972
2967
2967
2972
2967
2967
2962
2962
2957
2957
2952
2962
2957
2962
2952
2932
2922
2907
2897
2887
2872
2872
2862
2847
2837
2827
2822
2812
2802
2797
2782
2767
2757
2742
2722
2712
2702
2682
2662
2647
2622
2592
2572
2547
2502
2472
2432
2382
2332
2267
2187
2082
1932
1727
1462
1097
621
26
-725
-1639
-2739
-4008
-5442
-7022
-8731