1199804
1174816
1149827
1124839
1099850
1074862
1049873
1024885
999896
974908
949919
924931
899942
874954
849965
824977
799988
775000
750011
725023
700034
675046
650057
625069
600080
575092
550103
525115
500126
475138
450149
425161
400172
375184
350195
325207
300218
275230
250241
225253
200264
175276
150287
125299
100310
75322
50333
25345
356
-24631
356
25345
50333
75322
100310
125299
150287
175276
200264
225253
250241
275230
300218
325207
350195
375184
400172
425161
450149
475138
500126
525115
550103
575092
600080
625069
650057
675046
700034
725023
750011
775000
799988
824977
849965
874954
899942
924931
949919
974908
999896
1024885
1049873
1074862
1099850
1124839
1149827
1174816
1199804
1224793
-4818
-4353
-3763
-3024
-2229
-1474
-805
-260
166
486
707
882
997
1072
1122
1157
1177
1182
1192
1192
1187
1182
1182
1182
1177
1177
1172
1177
1172
1172
1167
1167
1167
1172
1162
1162
1162
1162
1162
1162
1167
1162
1162
1162
1162
1162
1162
1162
1162
1162
1152
1147
1137
1137
1132
1127
1122
1122
1117
1107
1112
1107
1102
1102
1097
1097
1087
1087
1077
1082
1072
1067
1062
1057
1052
1037
1032
1027
1017
1007
1002
982
967
952
927
897
852
787
692
546
331
21
-430
-1035
-1829
-2829
-4028
-5417
-6977
-8671