1199804
1174816
1149827
1124839
1099850
1074862
1049873
1024885
999896
974908
949919
924931
899942
874954
849965
824977
799988
775000
750011
725023
700034
675046
650057
625069
600080
575092
550103
525115
500126
475138
450149
425161
400172
375184
350195
325207
300218
275230
250241
225253
200264
175276
150287
125299
100310
75322
50333
25345
356
-24631
356
25345
50333
75322
100310
125299
150287
175276
200264
225253
250241
275230
300218
325207
350195
375184
400172
425161
450149
475138
500126
525115
550103
575092
600080
625069
650057
675046
700034
725023
750011
775000
799988
824977
849965
874954
899942
924931
949919
974908
999896
1024885
1049873
1074862
1099850
1124839
1149827
1174816
1199804
1224793
-4248
-4383
-3983
-3343
-2674
-2034
-1464
-960
-545
-205
61
256
401
506
576
616
652
672
682
692
687
687
687
692
692
687
687
692
687
692
687
687
687
687
682
682
682
682
682
682
682
682
687
682
687
682
682
687
682
687
677
672
662
662
657
657
652
652
647
647
642
642
642
632
637
632
632
626
621
616
621
611
611
601
596
591
586
571
566
556
546
536
516
491
451
401
331
226
81
-125
-390
-750
-1195
-1749
-2444
-3268
-4263
-5417
-6722
-8176