1199804
1174816
1149827
1124839
1099850
1074862
1049873
1024885
999896
974908
949919
924931
899942
874954
849965
824977
799988
775000
750011
725023
700034
675046
650057
625069
600080
575092
550103
525115
500126
475138
450149
425161
400172
375184
350195
325207
300218
275230
250241
225253
200264
175276
150287
125299
100310
75322
50333
25345
356
-24631
356
25345
50333
75322
100310
125299
150287
175276
200264
225253
250241
275230
300218
325207
350195
375184
400172
425161
450149
475138
500126
525115
550103
575092
600080
625069
650057
675046
700034
725023
750011
775000
799988
824977
849965
874954
899942
924931
949919
974908
999896
1024885
1049873
1074862
1099850
1124839
1149827
1174816
1199804
1224793
-2399
-2394
-2219
-1939
-1619
-1304
-1005
-730
-475
-260
-70
81
201
296
371
416
451
471
486
496
501
506
511
516
516
511
511
511
511
511
516
516
511
516
511
516
516
516
521
516
516
516
511
516
521
516
516
511
516
516
511
511
506
501
506
496
491
496
491
491
486
486
481
481
476
476
471
471
466
466
461
451
446
441
431
431
416
406
396
381
366
351
321
286
251
191
111
16
-105
-260
-445
-665
-910
-1210
-1554
-1954
-2414
-2934
-3498
-4138