1199804
1174816
1149827
1124839
1099850
1074862
1049873
1024885
999896
974908
949919
924931
899942
874954
849965
824977
799988
775000
750011
725023
700034
675046
650057
625069
600080
575092
550103
525115
500126
475138
450149
425161
400172
375184
350195
325207
300218
275230
250241
225253
200264
175276
150287
125299
100310
75322
50333
25345
356
-24631
356
25345
50333
75322
100310
125299
150287
175276
200264
225253
250241
275230
300218
325207
350195
375184
400172
425161
450149
475138
500126
525115
550103
575092
600080
625069
650057
675046
700034
725023
750011
775000
799988
824977
849965
874954
899942
924931
949919
974908
999896
1024885
1049873
1074862
1099850
1124839
1149827
1174816
1199804
1224793
-4598
-3948
-3333
-2744
-2189
-1674
-1210
-780
-420
-115
126
326
466
581
652
707
747
772
787
807
812
822
832
827
832
837
837
842
842
842
837
837
832
832
837
837
837
837
837
832
832
837
837
837
837
837
842
837
842
847
817
792
782
772
762
757
747
737
732
732
722
712
707
697
692
687
682
672
672
657
652
642
637
621
611
601
586
576
561
536
516
496
466
436
386
321
231
111
-55
-265
-525
-845
-1215
-1644
-2114
-2644
-3208
-3828
-4483
-5162