1199804
1174816
1149827
1124839
1099850
1074862
1049873
1024885
999896
974908
949919
924931
899942
874954
849965
824977
799988
775000
750011
725023
700034
675046
650057
625069
600080
575092
550103
525115
500126
475138
450149
425161
400172
375184
350195
325207
300218
275230
250241
225253
200264
175276
150287
125299
100310
75322
50333
25345
356
-24631
356
25345
50333
75322
100310
125299
150287
175276
200264
225253
250241
275230
300218
325207
350195
375184
400172
425161
450149
475138
500126
525115
550103
575092
600080
625069
650057
675046
700034
725023
750011
775000
799988
824977
849965
874954
899942
924931
949919
974908
999896
1024885
1049873
1074862
1099850
1124839
1149827
1174816
1199804
1224793
-3119
-3258
-3029
-2614
-2154
-1699
-1284
-910
-590
-315
-90
86
231
336
406
461
491
511
526
536
536
546
546
546
551
546
551
546
556
546
551
551
551
551
551
551
551
546
551
551
551
546
546
551
551
551
551
551
546
556
546
541
536
536
531
526
526
526
526
521
516
521
516
511
511
506
506
496
501
491
496
491
476
476
466
461
446
446
431
421
411
386
361
331
286
236
156
46
-100
-275
-505
-780
-1110
-1524
-2019
-2609
-3323
-4148
-5098
-6162