1199804
1174816
1149827
1124839
1099850
1074862
1049873
1024885
999896
974908
949919
924931
899942
874954
849965
824977
799988
775000
750011
725023
700034
675046
650057
625069
600080
575092
550103
525115
500126
475138
450149
425161
400172
375184
350195
325207
300218
275230
250241
225253
200264
175276
150287
125299
100310
75322
50333
25345
356
-24631
356
25345
50333
75322
100310
125299
150287
175276
200264
225253
250241
275230
300218
325207
350195
375184
400172
425161
450149
475138
500126
525115
550103
575092
600080
625069
650057
675046
700034
725023
750011
775000
799988
824977
849965
874954
899942
924931
949919
974908
999896
1024885
1049873
1074862
1099850
1124839
1149827
1174816
1199804
1224793
-5657
-5367
-4833
-4248
-3663
-3084
-2529
-1989
-1484
-1015
-585
-205
126
401
621
797
927
1017
1082
1122
1152
1172
1192
1207
1217
1227
1232
1242
1242
1257
1257
1262
1267
1267
1272
1282
1282
1287
1287
1292
1302
1302
1302
1302
1307
1307
1312
1312
1317
1322
1297
1287
1272
1262
1247
1242
1237
1227
1217
1212
1202
1197
1192
1182
1177
1167
1162
1152
1147
1137
1132
1127
1112
1102
1092
1077
1062
1042
1027
1002
967
927
857
777
662
496
276
1
-345
-755
-1225
-1744
-2319
-2934
-3583
-4273
-5003
-5747
-6517
-7306