1199804
1174816
1149827
1124839
1099850
1074862
1049873
1024885
999896
974908
949919
924931
899942
874954
849965
824977
799988
775000
750011
725023
700034
675046
650057
625069
600080
575092
550103
525115
500126
475138
450149
425161
400172
375184
350195
325207
300218
275230
250241
225253
200264
175276
150287
125299
100310
75322
50333
25345
356
-24631
356
25345
50333
75322
100310
125299
150287
175276
200264
225253
250241
275230
300218
325207
350195
375184
400172
425161
450149
475138
500126
525115
550103
575092
600080
625069
650057
675046
700034
725023
750011
775000
799988
824977
849965
874954
899942
924931
949919
974908
999896
1024885
1049873
1074862
1099850
1124839
1149827
1174816
1199804
1224793
-4833
-4528
-3948
-3218
-2449
-1729
-1100
-570
-145
181
426
596
717
802
857
897
917
932
937
937
937
937
937
932
932
927
927
927
927
922
917
917
917
912
912
912
907
917
912
912
912
912
912
912
912
907
912
912
912
912
902
897
892
892
882
877
877
872
872
872
862
862
857
862
857
852
847
842
847
837
832
832
822
817
812
807
807
792
787
777
772
757
747
732
702
667
611
536
421
246
6
-340
-800
-1404
-2154
-3079
-4178
-5457
-6897
-8491