1199804
1174816
1149827
1124839
1099850
1074862
1049873
1024885
999896
974908
949919
924931
899942
874954
849965
824977
799988
775000
750011
725023
700034
675046
650057
625069
600080
575092
550103
525115
500126
475138
450149
425161
400172
375184
350195
325207
300218
275230
250241
225253
200264
175276
150287
125299
100310
75322
50333
25345
356
-24631
356
25345
50333
75322
100310
125299
150287
175276
200264
225253
250241
275230
300218
325207
350195
375184
400172
425161
450149
475138
500126
525115
550103
575092
600080
625069
650057
675046
700034
725023
750011
775000
799988
824977
849965
874954
899942
924931
949919
974908
999896
1024885
1049873
1074862
1099850
1124839
1149827
1174816
1199804
1224793
-4633
-3728
-2879
-2064
-1284
-550
151
817
1427
1987
2492
2962
3372
3727
4047
4317
4552
4762
4937
5082
5197
5302
5382
5447
5502
5552
5592
5637
5667
5692
5717
5737
5752
5767
5787
5797
5807
5827
5837
5847
5852
5872
5872
5882
5887
5897
5902
5912
5922
5922
5862
5817
5767
5727
5682
5642
5607
5572
5542
5502
5462
5427
5397
5357
5317
5282
5237
5202
5167
5127
5072
5027
4972
4917
4857
4787
4702
4617
4522
4407
4272
4122
3937
3717
3467
3177
2842
2462
2042
1577
1057
501
-95
-745
-1434
-2164
-2934
-3733
-4568
-5427