1199804
1174816
1149827
1124839
1099850
1074862
1049873
1024885
999896
974908
949919
924931
899942
874954
849965
824977
799988
775000
750011
725023
700034
675046
650057
625069
600080
575092
550103
525115
500126
475138
450149
425161
400172
375184
350195
325207
300218
275230
250241
225253
200264
175276
150287
125299
100310
75322
50333
25345
356
-24631
356
25345
50333
75322
100310
125299
150287
175276
200264
225253
250241
275230
300218
325207
350195
375184
400172
425161
450149
475138
500126
525115
550103
575092
600080
625069
650057
675046
700034
725023
750011
775000
799988
824977
849965
874954
899942
924931
949919
974908
999896
1024885
1049873
1074862
1099850
1124839
1149827
1174816
1199804
1224793
-3883
-4068
-3728
-3169
-2564
-1974
-1454
-995
-605
-285
-25
181
321
426
501
546
581
601
611
621
621
626
632
626
632
632
626
632
632
632
632
632
632
626
632
626
626
621
626
626
626
626
626
621
626
621
626
626
626
626
621
611
611
606
601
601
601
596
596
586
591
591
586
586
576
586
576
571
571
566
561
556
551
556
541
536
531
521
511
496
491
476
451
421
391
331
246
141
-3
-210
-470
-805
-1220
-1734
-2359
-3129
-4033
-5108
-6322
-7676