1199804
1174816
1149827
1124839
1099850
1074862
1049873
1024885
999896
974908
949919
924931
899942
874954
849965
824977
799988
775000
750011
725023
700034
675046
650057
625069
600080
575092
550103
525115
500126
475138
450149
425161
400172
375184
350195
325207
300218
275230
250241
225253
200264
175276
150287
125299
100310
75322
50333
25345
356
-24631
356
25345
50333
75322
100310
125299
150287
175276
200264
225253
250241
275230
300218
325207
350195
375184
400172
425161
450149
475138
500126
525115
550103
575092
600080
625069
650057
675046
700034
725023
750011
775000
799988
824977
849965
874954
899942
924931
949919
974908
999896
1024885
1049873
1074862
1099850
1124839
1149827
1174816
1199804
1224793
-4598
-3938
-3318
-2719
-2159
-1634
-1155
-735
-365
-65
186
376
526
637
707
767
802
827
847
867
872
882
892
897
892
892
897
897
897
897
907
897
897
892
897
892
892
892
892
892
892
892
892
897
892
897
892
897
897
902
867
842
832
817
812
807
792
782
777
777
767
767
752
752
742
737
732
717
712
702
692
682
677
662
647
642
626
616
596
581
556
536
506
471
426
366
276
151
-3
-220
-485
-800
-1170
-1594
-2079
-2604
-3188
-3808
-4463
-5152