1199804
1174816
1149827
1124839
1099850
1074862
1049873
1024885
999896
974908
949919
924931
899942
874954
849965
824977
799988
775000
750011
725023
700034
675046
650057
625069
600080
575092
550103
525115
500126
475138
450149
425161
400172
375184
350195
325207
300218
275230
250241
225253
200264
175276
150287
125299
100310
75322
50333
25345
356
-24631
356
25345
50333
75322
100310
125299
150287
175276
200264
225253
250241
275230
300218
325207
350195
375184
400172
425161
450149
475138
500126
525115
550103
575092
600080
625069
650057
675046
700034
725023
750011
775000
799988
824977
849965
874954
899942
924931
949919
974908
999896
1024885
1049873
1074862
1099850
1124839
1149827
1174816
1199804
1224793
-4563
-3883
-3258
-2649
-2084
-1549
-1065
-630
-255
56
311
516
667
782
862
917
962
992
1017
1022
1037
1052
1052
1057
1062
1062
1062
1067
1062
1067
1062
1067
1062
1062
1057
1057
1057
1052
1057
1057
1052
1052
1052
1052
1052
1052
1057
1052
1057
1057
1012
997
977
962
952
942
932
927
922
912
902
892
892
882
872
867
857
847
837
832
817
812
792
787
772
757
747
727
702
692
677
642
611
571
526
466
366
251
91
-120
-385
-705
-1080
-1519
-2004
-2539
-3129
-3753
-4408
-5112