1199804
1174816
1149827
1124839
1099850
1074862
1049873
1024885
999896
974908
949919
924931
899942
874954
849965
824977
799988
775000
750011
725023
700034
675046
650057
625069
600080
575092
550103
525115
500126
475138
450149
425161
400172
375184
350195
325207
300218
275230
250241
225253
200264
175276
150287
125299
100310
75322
50333
25345
356
-24631
356
25345
50333
75322
100310
125299
150287
175276
200264
225253
250241
275230
300218
325207
350195
375184
400172
425161
450149
475138
500126
525115
550103
575092
600080
625069
650057
675046
700034
725023
750011
775000
799988
824977
849965
874954
899942
924931
949919
974908
999896
1024885
1049873
1074862
1099850
1124839
1149827
1174816
1199804
1224793
-5862
-5507
-4958
-4368
-3773
-3188
-2619
-2064
-1544
-1055
-605
-195
166
471
722
927
1067
1172
1247
1297
1337
1362
1387
1397
1412
1422
1432
1442
1452
1452
1462
1467
1472
1477
1482
1482
1492
1497
1497
1502
1507
1517
1507
1512
1522
1517
1522
1527
1532
1527
1507
1492
1482
1472
1457
1457
1437
1437
1427
1417
1407
1397
1392
1382
1372
1367
1357
1347
1342
1332
1322
1307
1302
1292
1277
1267
1247
1227
1212
1177
1142
1092
1022
917
777
586
331
26
-340
-770
-1255
-1799
-2389
-3024
-3688
-4398
-5142
-5907
-6692
-7506