1199877
1174890
1149903
1124917
1099930
1074943
1049956
1024970
999983
974996
950009
925023
900036
875049
850062
825076
800089
775102
750115
725129
700142
675155
650168
625182
600195
575208
550221
525235
500248
475261
450275
425288
400301
375314
350327
325341
300354
275367
250380
225394
200407
175420
150433
125447
100460
75473
50486
25500
513
-24473
513
25500
50486
75473
100460
125447
150433
175420
200407
225394
250380
275367
300354
325341
350327
375314
400301
425288
450275
475261
500248
525235
550221
575208
600195
625182
650168
675155
700142
725129
750115
775102
800089
825076
850062
875049
900036
925023
950009
974996
999983
1024970
1049956
1074943
1099930
1124917
1149903
1174890
1199877
1224864
-8775
-7295
-5875
-4555
-3345
-2220
-1185
-255
545
1261
1861
2366
2766
3082
3322
3507
3647
3747
3832
3887
3932
3967
3987
4007
4022
4027
4037
4032
4042
4037
4032
4027
4027
4027
4017
4017
4007
4007
4002
3997
3992
3987
3982
3967
3972
3972
3967
3957
3957
3952
3892
3867
3847
3837
3822
3807
3797
3792
3777
3762
3757
3737
3732
3717
3707
3702
3682
3667
3657
3637
3627
3607
3592
3567
3552
3532
3502
3472
3442
3402
3357
3292
3212
3107
2967
2781
2531
2201
1776
1226
560
-225
-1160
-2205
-3365
-4630
-5980
-7415
-8915
-10255