1199804
1174816
1149827
1124839
1099850
1074862
1049873
1024885
999896
974908
949919
924931
899942
874954
849965
824977
799988
775000
750011
725023
700034
675046
650057
625069
600080
575092
550103
525115
500126
475138
450149
425161
400172
375184
350195
325207
300218
275230
250241
225253
200264
175276
150287
125299
100310
75322
50333
25345
356
-24631
356
25345
50333
75322
100310
125299
150287
175276
200264
225253
250241
275230
300218
325207
350195
375184
400172
425161
450149
475138
500126
525115
550103
575092
600080
625069
650057
675046
700034
725023
750011
775000
799988
824977
849965
874954
899942
924931
949919
974908
999896
1024885
1049873
1074862
1099850
1124839
1149827
1174816
1199804
1224793
-4438
-3858
-3303
-2769
-2274
-1809
-1374
-1000
-660
-375
-135
41
191
291
366
421
451
476
496
506
511
526
531
531
531
531
541
536
536
541
536
541
541
541
536
546
546
546
541
546
546
556
546
551
551
556
551
556
551
556
531
531
521
516
506
501
496
491
491
476
481
476
471
466
461
456
451
451
446
436
431
431
421
411
401
391
381
371
361
346
331
311
281
246
196
131
31
-95
-265
-475
-735
-1045
-1394
-1799
-2229
-2709
-3218
-3778
-4353
-4963