1199804
1174816
1149827
1124839
1099850
1074862
1049873
1024885
999896
974908
949919
924931
899942
874954
849965
824977
799988
775000
750011
725023
700034
675046
650057
625069
600080
575092
550103
525115
500126
475138
450149
425161
400172
375184
350195
325207
300218
275230
250241
225253
200264
175276
150287
125299
100310
75322
50333
25345
356
-24631
356
25345
50333
75322
100310
125299
150287
175276
200264
225253
250241
275230
300218
325207
350195
375184
400172
425161
450149
475138
500126
525115
550103
575092
600080
625069
650057
675046
700034
725023
750011
775000
799988
824977
849965
874954
899942
924931
949919
974908
999896
1024885
1049873
1074862
1099850
1124839
1149827
1174816
1199804
1224793
-5217
-4498
-3748
-2969
-2169
-1369
-575
196
937
1667
2342
2992
3582
4112
4577
4982
5337
5632
5882
6097
6272
6432
6562
6677
6757
6842
6907
6962
7017
7062
7102
7137
7167
7192
7207
7227
7257
7267
7292
7312
7322
7342
7352
7357
7372
7382
7387
7397
7412
7427
7347
7277
7222
7167
7107
7072
7012
6967
6927
6877
6822
6777
6732
6677
6622
6567
6512
6447
6392
6332
6257
6177
6092
5997
5882
5767
5627
5482
5312
5122
4907
4662
4387
4072
3722
3317
2872
2377
1847
1272
652
-3
-695
-1424
-2174
-2964
-3768
-4608
-5452
-6327