1199804
1174816
1149827
1124839
1099850
1074862
1049873
1024885
999896
974908
949919
924931
899942
874954
849965
824977
799988
775000
750011
725023
700034
675046
650057
625069
600080
575092
550103
525115
500126
475138
450149
425161
400172
375184
350195
325207
300218
275230
250241
225253
200264
175276
150287
125299
100310
75322
50333
25345
356
-24631
356
25345
50333
75322
100310
125299
150287
175276
200264
225253
250241
275230
300218
325207
350195
375184
400172
425161
450149
475138
500126
525115
550103
575092
600080
625069
650057
675046
700034
725023
750011
775000
799988
824977
849965
874954
899942
924931
949919
974908
999896
1024885
1049873
1074862
1099850
1124839
1149827
1174816
1199804
1224793
-3149
-3293
-3064
-2644
-2174
-1719
-1289
-915
-590
-315
-85
96
241
341
411
461
496
521
531
541
541
546
551
551
551
556
556
551
551
556
556
551
561
556
556
551
551
556
556
556
551
551
556
556
556
546
551
546
556
556
546
546
541
536
531
531
531
526
526
521
521
521
516
511
511
511
511
506
506
496
496
486
486
476
466
466
456
446
431
426
416
396
366
341
291
236
151
51
-90
-275
-495
-775
-1125
-1534
-2039
-2649
-3363
-4208
-5172
-6247