1199804
1174816
1149827
1124839
1099850
1074862
1049873
1024885
999896
974908
949919
924931
899942
874954
849965
824977
799988
775000
750011
725023
700034
675046
650057
625069
600080
575092
550103
525115
500126
475138
450149
425161
400172
375184
350195
325207
300218
275230
250241
225253
200264
175276
150287
125299
100310
75322
50333
25345
356
-24631
356
25345
50333
75322
100310
125299
150287
175276
200264
225253
250241
275230
300218
325207
350195
375184
400172
425161
450149
475138
500126
525115
550103
575092
600080
625069
650057
675046
700034
725023
750011
775000
799988
824977
849965
874954
899942
924931
949919
974908
999896
1024885
1049873
1074862
1099850
1124839
1149827
1174816
1199804
1224793
-6122
-5652
-5068
-4458
-3853
-3253
-2664
-2089
-1544
-1025
-550
-105
281
632
917
1147
1322
1447
1547
1607
1657
1687
1717
1727
1752
1767
1777
1787
1797
1807
1812
1822
1822
1827
1832
1837
1842
1852
1857
1862
1862
1867
1877
1877
1877
1882
1887
1887
1892
1897
1872
1857
1842
1832
1817
1802
1797
1782
1772
1757
1757
1747
1732
1722
1717
1702
1697
1682
1672
1672
1652
1642
1627
1612
1597
1587
1557
1537
1512
1482
1432
1367
1282
1152
987
762
481
141
-265
-725
-1230
-1784
-2399
-3049
-3748
-4478
-5242
-6042
-6857
-7686