1199877
1174890
1149903
1124917
1099930
1074943
1049956
1024970
999983
974996
950009
925023
900036
875049
850062
825076
800089
775102
750115
725129
700142
675155
650168
625182
600195
575208
550221
525235
500248
475261
450275
425288
400301
375314
350327
325341
300354
275367
250380
225394
200407
175420
150433
125447
100460
75473
50486
25500
513
-24473
513
25500
50486
75473
100460
125447
150433
175420
200407
225394
250380
275367
300354
325341
350327
375314
400301
425288
450275
475261
500248
525235
550221
575208
600195
625182
650168
675155
700142
725129
750115
775102
800089
825076
850062
875049
900036
925023
950009
974996
999983
1024970
1049956
1074943
1099930
1124917
1149903
1174890
1199877
1224864
-3840
-3390
-2900
-2405
-1910
-1445
-995
-585
-205
145
445
710
945
1130
1286
1416
1511
1581
1641
1681
1716
1741
1756
1766
1781
1786
1791
1791
1791
1801
1801
1801
1801
1801
1796
1801
1796
1801
1796
1796
1786
1791
1786
1786
1781
1786
1781
1791
1781
1781
1771
1751
1746
1736
1726
1726
1716
1711
1706
1706
1696
1691
1686
1681
1676
1671
1661
1651
1641
1631
1626
1611
1596
1581
1571
1546
1531
1511
1486
1451
1416
1371
1316
1246
1150
1030
880
690
455
170
-150
-520
-945
-1395
-1885
-2410
-2955
-3540
-4155
-4790