1199804
1174816
1149827
1124839
1099850
1074862
1049873
1024885
999896
974908
949919
924931
899942
874954
849965
824977
799988
775000
750011
725023
700034
675046
650057
625069
600080
575092
550103
525115
500126
475138
450149
425161
400172
375184
350195
325207
300218
275230
250241
225253
200264
175276
150287
125299
100310
75322
50333
25345
356
-24631
356
25345
50333
75322
100310
125299
150287
175276
200264
225253
250241
275230
300218
325207
350195
375184
400172
425161
450149
475138
500126
525115
550103
575092
600080
625069
650057
675046
700034
725023
750011
775000
799988
824977
849965
874954
899942
924931
949919
974908
999896
1024885
1049873
1074862
1099850
1124839
1149827
1174816
1199804
1224793
-6017
-5592
-5018
-4423
-3828
-3228
-2654
-2089
-1554
-1055
-585
-155
221
546
822
1037
1192
1322
1407
1462
1502
1537
1557
1582
1587
1607
1612
1622
1632
1642
1642
1652
1662
1662
1667
1677
1672
1682
1677
1687
1692
1697
1702
1707
1702
1707
1717
1717
1717
1722
1702
1687
1662
1662
1652
1632
1627
1612
1602
1597
1582
1577
1572
1562
1557
1547
1532
1522
1517
1502
1497
1482
1472
1462
1442
1427
1407
1392
1372
1337
1287
1242
1152
1042
887
672
401
76
-315
-760
-1255
-1804
-2399
-3044
-3723
-4443
-5202
-5982
-6787
-7606