1199804
1174816
1149827
1124839
1099850
1074862
1049873
1024885
999896
974908
949919
924931
899942
874954
849965
824977
799988
775000
750011
725023
700034
675046
650057
625069
600080
575092
550103
525115
500126
475138
450149
425161
400172
375184
350195
325207
300218
275230
250241
225253
200264
175276
150287
125299
100310
75322
50333
25345
356
-24631
356
25345
50333
75322
100310
125299
150287
175276
200264
225253
250241
275230
300218
325207
350195
375184
400172
425161
450149
475138
500126
525115
550103
575092
600080
625069
650057
675046
700034
725023
750011
775000
799988
824977
849965
874954
899942
924931
949919
974908
999896
1024885
1049873
1074862
1099850
1124839
1149827
1174816
1199804
1224793
-4608
-3943
-3308
-2709
-2134
-1604
-1120
-690
-320
-13
241
436
586
697
772
827
862
892
912
932
942
947
957
957
957
962
962
962
962
962
962
962
962
957
962
952
957
957
952
957
957
957
957
952
952
952
957
957
952
957
922
907
887
877
862
857
852
842
832
827
817
812
797
802
787
782
777
767
762
747
747
732
722
707
697
687
672
652
647
621
601
576
546
511
466
396
311
196
31
-175
-440
-755
-1135
-1564
-2054
-2594
-3179
-3813
-4473
-5177