1199804
1174816
1149827
1124839
1099850
1074862
1049873
1024885
999896
974908
949919
924931
899942
874954
849965
824977
799988
775000
750011
725023
700034
675046
650057
625069
600080
575092
550103
525115
500126
475138
450149
425161
400172
375184
350195
325207
300218
275230
250241
225253
200264
175276
150287
125299
100310
75322
50333
25345
356
-24631
356
25345
50333
75322
100310
125299
150287
175276
200264
225253
250241
275230
300218
325207
350195
375184
400172
425161
450149
475138
500126
525115
550103
575092
600080
625069
650057
675046
700034
725023
750011
775000
799988
824977
849965
874954
899942
924931
949919
974908
999896
1024885
1049873
1074862
1099850
1124839
1149827
1174816
1199804
1224793
-7431
-6777
-5797
-4683
-3538
-2419
-1334
-310
642
1547
2377
3132
3797
4362
4827
5187
5472
5672
5827
5942
6037
6112
6177
6237
6287
6337
6387
6422
6462
6497
6537
6557
6577
6592
6602
6607
6602
6607
6602
6607
6592
6587
6582
6582
6567
6562
6552
6542
6527
6517
6427
6362
6307
6272
6237
6207
6167
6142
6102
6067
6037
6007
5962
5927
5882
5837
5792
5737
5682
5627
5567
5507
5437
5372
5297
5212
5117
5012
4887
4727
4537
4312
4042
3722
3352
2932
2457
1927
1347
722
46
-685
-1469
-2294
-3159
-4068
-5008
-5977
-6972
-7991