1199804
1174816
1149827
1124839
1099850
1074862
1049873
1024885
999896
974908
949919
924931
899942
874954
849965
824977
799988
775000
750011
725023
700034
675046
650057
625069
600080
575092
550103
525115
500126
475138
450149
425161
400172
375184
350195
325207
300218
275230
250241
225253
200264
175276
150287
125299
100310
75322
50333
25345
356
-24631
356
25345
50333
75322
100310
125299
150287
175276
200264
225253
250241
275230
300218
325207
350195
375184
400172
425161
450149
475138
500126
525115
550103
575092
600080
625069
650057
675046
700034
725023
750011
775000
799988
824977
849965
874954
899942
924931
949919
974908
999896
1024885
1049873
1074862
1099850
1124839
1149827
1174816
1199804
1224793
-4603
-4613
-4123
-3423
-2679
-1989
-1379
-850
-420
-80
186
381
521
616
682
722
747
762
772
782
782
782
782
782
777
777
777
777
772
772
767
767
767
767
767
767
762
767
767
767
762
762
767
757
767
762
762
762
757
762
752
747
742
742
737
732
737
732
722
722
717
717
717
712
707
707
707
707
702
697
687
687
682
677
672
667
662
657
647
642
632
616
601
581
546
506
441
351
206
11
-260
-620
-1090
-1684
-2409
-3303
-4358
-5572
-6962
-8491