1199804
1174816
1149827
1124839
1099850
1074862
1049873
1024885
999896
974908
949919
924931
899942
874954
849965
824977
799988
775000
750011
725023
700034
675046
650057
625069
600080
575092
550103
525115
500126
475138
450149
425161
400172
375184
350195
325207
300218
275230
250241
225253
200264
175276
150287
125299
100310
75322
50333
25345
356
-24631
356
25345
50333
75322
100310
125299
150287
175276
200264
225253
250241
275230
300218
325207
350195
375184
400172
425161
450149
475138
500126
525115
550103
575092
600080
625069
650057
675046
700034
725023
750011
775000
799988
824977
849965
874954
899942
924931
949919
974908
999896
1024885
1049873
1074862
1099850
1124839
1149827
1174816
1199804
1224793
-4823
-4413
-3823
-3099
-2339
-1614
-985
-455
-35
286
521
692
802
887
942
982
997
1012
1017
1022
1022
1017
1017
1007
1012
1007
1007
1002
997
1002
1007
992
997
997
992
987
992
992
997
997
987
992
992
987
992
987
992
992
992
992
977
972
972
967
962
957
957
947
952
947
947
942
937
932
927
927
922
922
917
912
912
912
902
897
892
887
877
872
862
852
842
832
822
802
782
742
697
621
516
356
116
-215
-675
-1279
-2049
-2989
-4118
-5432
-6907
-8526