1199804
1174816
1149827
1124839
1099850
1074862
1049873
1024885
999896
974908
949919
924931
899942
874954
849965
824977
799988
775000
750011
725023
700034
675046
650057
625069
600080
575092
550103
525115
500126
475138
450149
425161
400172
375184
350195
325207
300218
275230
250241
225253
200264
175276
150287
125299
100310
75322
50333
25345
356
-24631
356
25345
50333
75322
100310
125299
150287
175276
200264
225253
250241
275230
300218
325207
350195
375184
400172
425161
450149
475138
500126
525115
550103
575092
600080
625069
650057
675046
700034
725023
750011
775000
799988
824977
849965
874954
899942
924931
949919
974908
999896
1024885
1049873
1074862
1099850
1124839
1149827
1174816
1199804
1224793
-4443
-3853
-3293
-2759
-2259
-1794
-1364
-970
-640
-350
-120
66
211
311
386
436
471
496
516
531
536
541
551
551
556
561
561
561
561
566
566
561
561
566
566
566
561
566
561
571
571
566
571
571
566
571
576
576
581
581
556
551
541
526
531
516
516
511
506
501
501
486
491
481
476
471
471
461
461
451
441
436
436
431
416
411
396
381
376
361
341
321
296
256
211
141
46
-85
-250
-465
-715
-1030
-1379
-1789
-2219
-2699
-3218
-3778
-4358
-4978