1199804
1174816
1149827
1124839
1099850
1074862
1049873
1024885
999896
974908
949919
924931
899942
874954
849965
824977
799988
775000
750011
725023
700034
675046
650057
625069
600080
575092
550103
525115
500126
475138
450149
425161
400172
375184
350195
325207
300218
275230
250241
225253
200264
175276
150287
125299
100310
75322
50333
25345
356
-24631
356
25345
50333
75322
100310
125299
150287
175276
200264
225253
250241
275230
300218
325207
350195
375184
400172
425161
450149
475138
500126
525115
550103
575092
600080
625069
650057
675046
700034
725023
750011
775000
799988
824977
849965
874954
899942
924931
949919
974908
999896
1024885
1049873
1074862
1099850
1124839
1149827
1174816
1199804
1224793
-4883
-4438
-3783
-2929
-2019
-1180
-455
136
596
942
1197
1377
1512
1607
1667
1712
1737
1752
1767
1767
1772
1772
1777
1777
1767
1767
1767
1762
1767
1772
1767
1767
1762
1762
1757
1762
1757
1757
1757
1752
1752
1752
1757
1757
1752
1757
1752
1747
1752
1752
1737
1722
1717
1707
1702
1697
1692
1692
1677
1672
1672
1667
1657
1647
1642
1642
1632
1627
1622
1612
1607
1592
1587
1572
1562
1552
1537
1527
1512
1492
1477
1447
1427
1397
1362
1317
1262
1187
1072
912
677
331
-150
-810
-1664
-2734
-4018
-5482
-7116
-8881