1199804
1174816
1149827
1124839
1099850
1074862
1049873
1024885
999896
974908
949919
924931
899942
874954
849965
824977
799988
775000
750011
725023
700034
675046
650057
625069
600080
575092
550103
525115
500126
475138
450149
425161
400172
375184
350195
325207
300218
275230
250241
225253
200264
175276
150287
125299
100310
75322
50333
25345
356
-24631
356
25345
50333
75322
100310
125299
150287
175276
200264
225253
250241
275230
300218
325207
350195
375184
400172
425161
450149
475138
500126
525115
550103
575092
600080
625069
650057
675046
700034
725023
750011
775000
799988
824977
849965
874954
899942
924931
949919
974908
999896
1024885
1049873
1074862
1099850
1124839
1149827
1174816
1199804
1224793
-4418
-3838
-3298
-2764
-2269
-1804
-1384
-1010
-670
-385
-160
26
171
271
346
401
436
461
481
486
491
501
506
511
511
516
516
516
516
521
521
526
526
521
526
521
526
526
531
526
531
531
531
531
541
531
536
541
541
546
526
511
501
496
491
486
481
471
466
466
461
456
451
456
446
441
441
431
426
421
421
406
401
396
381
376
371
361
351
336
316
301
266
236
186
111
21
-110
-280
-495
-755
-1055
-1404
-1799
-2234
-2709
-3218
-3763
-4338
-4943