1199804
1174816
1149827
1124839
1099850
1074862
1049873
1024885
999896
974908
949919
924931
899942
874954
849965
824977
799988
775000
750011
725023
700034
675046
650057
625069
600080
575092
550103
525115
500126
475138
450149
425161
400172
375184
350195
325207
300218
275230
250241
225253
200264
175276
150287
125299
100310
75322
50333
25345
356
-24631
356
25345
50333
75322
100310
125299
150287
175276
200264
225253
250241
275230
300218
325207
350195
375184
400172
425161
450149
475138
500126
525115
550103
575092
600080
625069
650057
675046
700034
725023
750011
775000
799988
824977
849965
874954
899942
924931
949919
974908
999896
1024885
1049873
1074862
1099850
1124839
1149827
1174816
1199804
1224793
-5282
-4643
-3963
-3278
-2594
-1919
-1274
-650
-50
491
1032
1512
1957
2352
2702
2992
3227
3417
3567
3687
3772
3847
3917
3972
4017
4052
4087
4117
4137
4162
4182
4207
4222
4237
4257
4272
4287
4307
4312
4322
4337
4347
4362
4372
4387
4402
4407
4417
4427
4432
4382
4347
4307
4282
4252
4222
4182
4157
4137
4102
4067
4047
4017
3992
3972
3937
3907
3887
3857
3822
3787
3762
3722
3682
3647
3607
3547
3492
3432
3347
3257
3152
3012
2832
2612
2332
1982
1582
1127
616
71
-520
-1165
-1844
-2554
-3308
-4093
-4918
-5757
-6622