1199804
1174816
1149827
1124839
1099850
1074862
1049873
1024885
999896
974908
949919
924931
899942
874954
849965
824977
799988
775000
750011
725023
700034
675046
650057
625069
600080
575092
550103
525115
500126
475138
450149
425161
400172
375184
350195
325207
300218
275230
250241
225253
200264
175276
150287
125299
100310
75322
50333
25345
356
-24631
356
25345
50333
75322
100310
125299
150287
175276
200264
225253
250241
275230
300218
325207
350195
375184
400172
425161
450149
475138
500126
525115
550103
575092
600080
625069
650057
675046
700034
725023
750011
775000
799988
824977
849965
874954
899942
924931
949919
974908
999896
1024885
1049873
1074862
1099850
1124839
1149827
1174816
1199804
1224793
-6177
-5637
-5028
-4398
-3773
-3159
-2554
-1964
-1404
-860
-365
96
506
872
1187
1437
1627
1777
1882
1962
2007
2047
2077
2102
2122
2137
2152
2162
2172
2187
2197
2197
2202
2217
2222
2232
2237
2247
2247
2252
2257
2267
2267
2277
2282
2282
2292
2292
2297
2307
2272
2262
2242
2227
2212
2197
2177
2167
2152
2142
2127
2117
2107
2102
2082
2077
2062
2057
2042
2027
2017
1997
1982
1967
1942
1927
1902
1877
1847
1802
1752
1682
1577
1442
1252
1002
702
336
-95
-565
-1095
-1669
-2294
-2959
-3658
-4398
-5177
-5982
-6797
-7641