1199804
1174816
1149827
1124839
1099850
1074862
1049873
1024885
999896
974908
949919
924931
899942
874954
849965
824977
799988
775000
750011
725023
700034
675046
650057
625069
600080
575092
550103
525115
500126
475138
450149
425161
400172
375184
350195
325207
300218
275230
250241
225253
200264
175276
150287
125299
100310
75322
50333
25345
356
-24631
356
25345
50333
75322
100310
125299
150287
175276
200264
225253
250241
275230
300218
325207
350195
375184
400172
425161
450149
475138
500126
525115
550103
575092
600080
625069
650057
675046
700034
725023
750011
775000
799988
824977
849965
874954
899942
924931
949919
974908
999896
1024885
1049873
1074862
1099850
1124839
1149827
1174816
1199804
1224793
-4503
-3878
-3288
-2729
-2194
-1709
-1255
-860
-510
-210
36
221
366
471
546
601
642
667
687
702
707
717
722
722
732
732
732
727
732
732
737
737
727
732
732
732
732
732
732
732
732
732
737
737
732
737
737
742
742
742
712
702
682
677
672
667
657
647
642
637
637
616
616
616
611
601
596
591
581
576
576
561
551
541
531
521
511
506
486
466
451
431
396
366
316
246
151
31
-140
-350
-600
-910
-1274
-1689
-2144
-2649
-3184
-3768
-4378
-5033