1199804
1174816
1149827
1124839
1099850
1074862
1049873
1024885
999896
974908
949919
924931
899942
874954
849965
824977
799988
775000
750011
725023
700034
675046
650057
625069
600080
575092
550103
525115
500126
475138
450149
425161
400172
375184
350195
325207
300218
275230
250241
225253
200264
175276
150287
125299
100310
75322
50333
25345
356
-24631
356
25345
50333
75322
100310
125299
150287
175276
200264
225253
250241
275230
300218
325207
350195
375184
400172
425161
450149
475138
500126
525115
550103
575092
600080
625069
650057
675046
700034
725023
750011
775000
799988
824977
849965
874954
899942
924931
949919
974908
999896
1024885
1049873
1074862
1099850
1124839
1149827
1174816
1199804
1224793
-7051
-5917
-4623
-3328
-2119
-1035
-90
702
1367
1897
2327
2677
2957
3207
3402
3577
3712
3827
3912
3972
4027
4072
4097
4127
4157
4172
4192
4212
4222
4232
4237
4242
4252
4252
4257
4257
4257
4257
4257
4252
4257
4257
4252
4252
4242
4242
4242
4242
4242
4237
4217
4192
4182
4162
4152
4142
4132
4117
4102
4097
4077
4067
4047
4037
4022
4012
3992
3967
3957
3932
3912
3887
3852
3832
3797
3757
3722
3677
3632
3577
3517
3447
3362
3252
3127
2957
2737
2457
2107
1672
1137
506
-245
-1140
-2174
-3368
-4698
-6167
-7746
-9430