1199804
1174816
1149827
1124839
1099850
1074862
1049873
1024885
999896
974908
949919
924931
899942
874954
849965
824977
799988
775000
750011
725023
700034
675046
650057
625069
600080
575092
550103
525115
500126
475138
450149
425161
400172
375184
350195
325207
300218
275230
250241
225253
200264
175276
150287
125299
100310
75322
50333
25345
356
-24631
356
25345
50333
75322
100310
125299
150287
175276
200264
225253
250241
275230
300218
325207
350195
375184
400172
425161
450149
475138
500126
525115
550103
575092
600080
625069
650057
675046
700034
725023
750011
775000
799988
824977
849965
874954
899942
924931
949919
974908
999896
1024885
1049873
1074862
1099850
1124839
1149827
1174816
1199804
1224793
-4858
-4063
-3343
-2639
-1964
-1324
-740
-210
256
647
967
1217
1412
1552
1652
1727
1782
1817
1847
1862
1872
1882
1882
1877
1867
1872
1867
1862
1852
1847
1842
1842
1837
1832
1817
1822
1817
1807
1802
1802
1802
1792
1787
1787
1792
1782
1782
1777
1777
1777
1712
1677
1662
1647
1637
1617
1602
1597
1587
1582
1562
1557
1547
1537
1527
1522
1507
1492
1482
1467
1452
1437
1417
1402
1387
1362
1342
1317
1292
1262
1237
1202
1167
1127
1077
1007
907
777
606
371
71
-300
-755
-1289
-1874
-2534
-3243
-4008
-4798
-5627