1199804
1174816
1149827
1124839
1099850
1074862
1049873
1024885
999896
974908
949919
924931
899942
874954
849965
824977
799988
775000
750011
725023
700034
675046
650057
625069
600080
575092
550103
525115
500126
475138
450149
425161
400172
375184
350195
325207
300218
275230
250241
225253
200264
175276
150287
125299
100310
75322
50333
25345
356
-24631
356
25345
50333
75322
100310
125299
150287
175276
200264
225253
250241
275230
300218
325207
350195
375184
400172
425161
450149
475138
500126
525115
550103
575092
600080
625069
650057
675046
700034
725023
750011
775000
799988
824977
849965
874954
899942
924931
949919
974908
999896
1024885
1049873
1074862
1099850
1124839
1149827
1174816
1199804
1224793
-4753
-4018
-3318
-2639
-1984
-1369
-805
-300
136
501
802
1037
1212
1342
1432
1497
1542
1577
1597
1617
1627
1637
1637
1642
1632
1637
1632
1632
1637
1627
1622
1612
1612
1612
1602
1602
1602
1597
1587
1592
1587
1582
1577
1582
1582
1577
1577
1572
1572
1577
1517
1487
1467
1452
1442
1432
1422
1412
1402
1392
1377
1372
1367
1352
1347
1337
1322
1312
1302
1287
1277
1257
1242
1227
1207
1197
1177
1152
1127
1107
1082
1052
1017
977
922
857
772
647
471
251
-30
-390
-825
-1329
-1904
-2544
-3228
-3978
-4753
-5552