1199877
1174890
1149903
1124917
1099930
1074943
1049956
1024970
999983
974996
950009
925023
900036
875049
850062
825076
800089
775102
750115
725129
700142
675155
650168
625182
600195
575208
550221
525235
500248
475261
450275
425288
400301
375314
350327
325341
300354
275367
250380
225394
200407
175420
150433
125447
100460
75473
50486
25500
513
-24473
513
25500
50486
75473
100460
125447
150433
175420
200407
225394
250380
275367
300354
325341
350327
375314
400301
425288
450275
475261
500248
525235
550221
575208
600195
625182
650168
675155
700142
725129
750115
775102
800089
825076
850062
875049
900036
925023
950009
974996
999983
1024970
1049956
1074943
1099930
1124917
1149903
1174890
1199877
1224864
-7500
-6325
-5195
-4135
-3130
-2185
-1300
-500
220
860
1416
1886
2281
2596
2847
3032
3182
3287
3372
3437
3472
3512
3542
3552
3557
3567
3572
3572
3572
3567
3562
3562
3567
3562
3557
3547
3542
3537
3532
3532
3522
3517
3512
3507
3507
3497
3497
3487
3492
3492
3427
3407
3392
3372
3357
3347
3342
3332
3322
3302
3297
3282
3277
3267
3252
3237
3232
3207
3197
3187
3167
3157
3132
3117
3097
3072
3052
3022
2982
2952
2897
2842
2761
2661
2526
2341
2096
1786
1381
885
285
-415
-1225
-2130
-3115
-4180
-5315
-6510
-7750
-9035