1199804
1174816
1149827
1124839
1099850
1074862
1049873
1024885
999896
974908
949919
924931
899942
874954
849965
824977
799988
775000
750011
725023
700034
675046
650057
625069
600080
575092
550103
525115
500126
475138
450149
425161
400172
375184
350195
325207
300218
275230
250241
225253
200264
175276
150287
125299
100310
75322
50333
25345
356
-24631
356
25345
50333
75322
100310
125299
150287
175276
200264
225253
250241
275230
300218
325207
350195
375184
400172
425161
450149
475138
500126
525115
550103
575092
600080
625069
650057
675046
700034
725023
750011
775000
799988
824977
849965
874954
899942
924931
949919
974908
999896
1024885
1049873
1074862
1099850
1124839
1149827
1174816
1199804
1224793
-4448
-3683
-2909
-2109
-1314
-525
256
1027
1767
2497
3187
3837
4437
4987
5467
5887
6242
6537
6782
6987
7162
7307
7427
7542
7652
7732
7808
7883
7933
7983
8023
8058
8078
8113
8138
8153
8178
8203
8218
8233
8238
8243
8263
8273
8278
8288
8303
8313
8318
8323
8283
8243
8213
8183
8153
8123
8093
8063
8023
7993
7958
7913
7873
7833
7793
7737
7692
7637
7577
7512
7437
7352
7257
7157
7027
6907
6757
6592
6397
6182
5937
5657
5337
4992
4602
4177
3717
3202
2662
2082
1472
822
151
-545
-1279
-2034
-2804
-3613
-4433
-5262