1199804
1174816
1149827
1124839
1099850
1074862
1049873
1024885
999896
974908
949919
924931
899942
874954
849965
824977
799988
775000
750011
725023
700034
675046
650057
625069
600080
575092
550103
525115
500126
475138
450149
425161
400172
375184
350195
325207
300218
275230
250241
225253
200264
175276
150287
125299
100310
75322
50333
25345
356
-24631
356
25345
50333
75322
100310
125299
150287
175276
200264
225253
250241
275230
300218
325207
350195
375184
400172
425161
450149
475138
500126
525115
550103
575092
600080
625069
650057
675046
700034
725023
750011
775000
799988
824977
849965
874954
899942
924931
949919
974908
999896
1024885
1049873
1074862
1099850
1124839
1149827
1174816
1199804
1224793
-5252
-4313
-3518
-2744
-1999
-1314
-665
-80
421
877
1247
1552
1792
1972
2102
2192
2267
2312
2352
2372
2392
2397
2397
2392
2392
2382
2367
2367
2352
2337
2322
2317
2302
2297
2282
2277
2267
2257
2257
2252
2242
2237
2227
2232
2222
2222
2217
2217
2212
2207
2127
2082
2052
2032
2017
2002
1987
1977
1967
1952
1937
1922
1917
1897
1887
1872
1857
1847
1832
1817
1802
1772
1747
1732
1707
1682
1657
1627
1597
1567
1527
1487
1452
1397
1332
1252
1142
992
792
531
201
-210
-705
-1269
-1894
-2599
-3338
-4133
-4968
-5822