1199804
1174816
1149827
1124839
1099850
1074862
1049873
1024885
999896
974908
949919
924931
899942
874954
849965
824977
799988
775000
750011
725023
700034
675046
650057
625069
600080
575092
550103
525115
500126
475138
450149
425161
400172
375184
350195
325207
300218
275230
250241
225253
200264
175276
150287
125299
100310
75322
50333
25345
356
-24631
356
25345
50333
75322
100310
125299
150287
175276
200264
225253
250241
275230
300218
325207
350195
375184
400172
425161
450149
475138
500126
525115
550103
575092
600080
625069
650057
675046
700034
725023
750011
775000
799988
824977
849965
874954
899942
924931
949919
974908
999896
1024885
1049873
1074862
1099850
1124839
1149827
1174816
1199804
1224793
-5108
-4438
-3753
-3059
-2379
-1709
-1065
-450
131
682
1202
1687
2127
2517
2867
3162
3407
3607
3752
3882
3987
4072
4137
4192
4237
4282
4317
4357
4382
4402
4427
4452
4472
4492
4507
4517
4532
4552
4562
4572
4592
4597
4607
4622
4637
4642
4652
4662
4672
4677
4632
4592
4552
4522
4482
4447
4417
4387
4357
4327
4297
4272
4242
4212
4177
4147
4112
4087
4052
4022
3992
3952
3922
3877
3832
3777
3722
3662
3587
3507
3412
3292
3142
2952
2722
2437
2092
1687
1242
747
206
-375
-1000
-1664
-2364
-3109
-3883
-4688
-5527
-6387