1199804
1174816
1149827
1124839
1099850
1074862
1049873
1024885
999896
974908
949919
924931
899942
874954
849965
824977
799988
775000
750011
725023
700034
675046
650057
625069
600080
575092
550103
525115
500126
475138
450149
425161
400172
375184
350195
325207
300218
275230
250241
225253
200264
175276
150287
125299
100310
75322
50333
25345
356
-24631
356
25345
50333
75322
100310
125299
150287
175276
200264
225253
250241
275230
300218
325207
350195
375184
400172
425161
450149
475138
500126
525115
550103
575092
600080
625069
650057
675046
700034
725023
750011
775000
799988
824977
849965
874954
899942
924931
949919
974908
999896
1024885
1049873
1074862
1099850
1124839
1149827
1174816
1199804
1224793
-4568
-4113
-3558
-2839
-2049
-1289
-630
-80
336
652
872
1037
1152
1227
1282
1312
1327
1337
1342
1337
1342
1342
1337
1337
1332
1332
1332
1327
1322
1327
1322
1322
1317
1322
1322
1322
1322
1317
1317
1317
1317
1317
1322
1322
1322
1317
1317
1317
1322
1317
1307
1297
1292
1287
1287
1277
1277
1272
1267
1262
1262
1257
1252
1247
1242
1242
1237
1232
1227
1227
1217
1207
1202
1197
1187
1187
1177
1167
1152
1137
1127
1117
1097
1072
1052
1017
972
917
817
682
471
171
-275
-880
-1684
-2719
-3963
-5407
-7007
-8751