1199804
1174816
1149827
1124839
1099850
1074862
1049873
1024885
999896
974908
949919
924931
899942
874954
849965
824977
799988
775000
750011
725023
700034
675046
650057
625069
600080
575092
550103
525115
500126
475138
450149
425161
400172
375184
350195
325207
300218
275230
250241
225253
200264
175276
150287
125299
100310
75322
50333
25345
356
-24631
356
25345
50333
75322
100310
125299
150287
175276
200264
225253
250241
275230
300218
325207
350195
375184
400172
425161
450149
475138
500126
525115
550103
575092
600080
625069
650057
675046
700034
725023
750011
775000
799988
824977
849965
874954
899942
924931
949919
974908
999896
1024885
1049873
1074862
1099850
1124839
1149827
1174816
1199804
1224793
-6012
-5437
-4783
-4108
-3443
-2799
-2164
-1544
-965
-410
106
586
1017
1402
1707
1972
2162
2312
2417
2502
2562
2612
2647
2677
2697
2722
2742
2757
2767
2782
2797
2807
2817
2827
2832
2847
2852
2867
2872
2877
2887
2887
2902
2907
2907
2922
2927
2932
2937
2942
2912
2887
2877
2852
2827
2812
2792
2772
2757
2737
2727
2717
2692
2682
2672
2657
2632
2622
2597
2587
2572
2552
2537
2512
2487
2467
2442
2412
2367
2322
2267
2192
2087
1947
1757
1507
1177
797
341
-155
-700
-1304
-1949
-2639
-3353
-4108
-4903
-5712
-6552
-7411