1199804
1174816
1149827
1124839
1099850
1074862
1049873
1024885
999896
974908
949919
924931
899942
874954
849965
824977
799988
775000
750011
725023
700034
675046
650057
625069
600080
575092
550103
525115
500126
475138
450149
425161
400172
375184
350195
325207
300218
275230
250241
225253
200264
175276
150287
125299
100310
75322
50333
25345
356
-24631
356
25345
50333
75322
100310
125299
150287
175276
200264
225253
250241
275230
300218
325207
350195
375184
400172
425161
450149
475138
500126
525115
550103
575092
600080
625069
650057
675046
700034
725023
750011
775000
799988
824977
849965
874954
899942
924931
949919
974908
999896
1024885
1049873
1074862
1099850
1124839
1149827
1174816
1199804
1224793
-7606
-6292
-5127
-4093
-3099
-2149
-1245
-395
386
1102
1752
2322
2812
3227
3572
3857
4077
4257
4392
4502
4577
4637
4687
4727
4742
4767
4777
4772
4767
4752
4732
4707
4682
4647
4627
4587
4557
4517
4492
4457
4427
4402
4377
4362
4337
4327
4307
4292
4282
4262
4077
3967
3892
3847
3812
3772
3742
3717
3682
3657
3622
3592
3562
3527
3497
3462
3427
3387
3342
3302
3257
3207
3157
3107
3047
2997
2937
2882
2807
2737
2657
2572
2467
2342
2192
1987
1727
1402
1022
561
46
-545
-1205
-1919
-2684
-3498
-4358
-5252
-6172
-7126