1199804
1174816
1149827
1124839
1099850
1074862
1049873
1024885
999896
974908
949919
924931
899942
874954
849965
824977
799988
775000
750011
725023
700034
675046
650057
625069
600080
575092
550103
525115
500126
475138
450149
425161
400172
375184
350195
325207
300218
275230
250241
225253
200264
175276
150287
125299
100310
75322
50333
25345
356
-24631
356
25345
50333
75322
100310
125299
150287
175276
200264
225253
250241
275230
300218
325207
350195
375184
400172
425161
450149
475138
500126
525115
550103
575092
600080
625069
650057
675046
700034
725023
750011
775000
799988
824977
849965
874954
899942
924931
949919
974908
999896
1024885
1049873
1074862
1099850
1124839
1149827
1174816
1199804
1224793
-6172
-5632
-5013
-4378
-3748
-3124
-2514
-1919
-1349
-805
-300
161
581
947
1257
1507
1702
1857
1957
2022
2082
2127
2152
2182
2197
2217
2232
2242
2257
2262
2277
2277
2292
2297
2302
2312
2317
2327
2327
2332
2337
2347
2347
2357
2362
2367
2372
2372
2382
2392
2357
2342
2322
2307
2287
2277
2267
2252
2242
2227
2217
2197
2192
2172
2167
2147
2137
2132
2117
2102
2087
2077
2062
2042
2027
2002
1982
1952
1927
1882
1812
1752
1647
1507
1322
1077
762
391
-40
-515
-1050
-1634
-2259
-2929
-3648
-4393
-5177
-5982
-6807
-7656