1199804
1174816
1149827
1124839
1099850
1074862
1049873
1024885
999896
974908
949919
924931
899942
874954
849965
824977
799988
775000
750011
725023
700034
675046
650057
625069
600080
575092
550103
525115
500126
475138
450149
425161
400172
375184
350195
325207
300218
275230
250241
225253
200264
175276
150287
125299
100310
75322
50333
25345
356
-24631
356
25345
50333
75322
100310
125299
150287
175276
200264
225253
250241
275230
300218
325207
350195
375184
400172
425161
450149
475138
500126
525115
550103
575092
600080
625069
650057
675046
700034
725023
750011
775000
799988
824977
849965
874954
899942
924931
949919
974908
999896
1024885
1049873
1074862
1099850
1124839
1149827
1174816
1199804
1224793
-7641
-6837
-5797
-4703
-3628
-2589
-1609
-675
196
997
1752
2442
3042
3577
4027
4402
4707
4957
5157
5312
5437
5537
5617
5682
5737
5797
5827
5857
5882
5887
5892
5892
5887
5877
5867
5847
5832
5807
5787
5767
5747
5722
5702
5682
5667
5652
5632
5617
5602
5582
5412
5307
5237
5187
5152
5102
5067
5037
5002
4967
4927
4892
4862
4822
4787
4742
4697
4657
4612
4557
4507
4457
4397
4337
4277
4212
4137
4057
3957
3837
3702
3522
3312
3057
2757
2397
1992
1527
1012
446
-175
-850
-1584
-2354
-3169
-4023
-4918
-5842
-6792
-7766