1199804
1174816
1149827
1124839
1099850
1074862
1049873
1024885
999896
974908
949919
924931
899942
874954
849965
824977
799988
775000
750011
725023
700034
675046
650057
625069
600080
575092
550103
525115
500126
475138
450149
425161
400172
375184
350195
325207
300218
275230
250241
225253
200264
175276
150287
125299
100310
75322
50333
25345
356
-24631
356
25345
50333
75322
100310
125299
150287
175276
200264
225253
250241
275230
300218
325207
350195
375184
400172
425161
450149
475138
500126
525115
550103
575092
600080
625069
650057
675046
700034
725023
750011
775000
799988
824977
849965
874954
899942
924931
949919
974908
999896
1024885
1049873
1074862
1099850
1124839
1149827
1174816
1199804
1224793
-5837
-5252
-4598
-3918
-3243
-2579
-1944
-1324
-730
-170
346
832
1277
1662
1977
2247
2452
2607
2722
2812
2882
2937
2977
3012
3042
3072
3092
3112
3127
3142
3162
3167
3182
3192
3212
3222
3227
3242
3247
3257
3267
3277
3287
3287
3302
3317
3317
3327
3332
3342
3307
3277
3252
3227
3212
3187
3167
3147
3127
3107
3087
3067
3052
3032
3017
2997
2982
2957
2937
2922
2897
2877
2862
2832
2807
2777
2742
2702
2667
2607
2547
2462
2357
2212
2017
1752
1422
1027
571
71
-485
-1085
-1739
-2424
-3154
-3913
-4708
-5522
-6357
-7221