1199804
1174816
1149827
1124839
1099850
1074862
1049873
1024885
999896
974908
949919
924931
899942
874954
849965
824977
799988
775000
750011
725023
700034
675046
650057
625069
600080
575092
550103
525115
500126
475138
450149
425161
400172
375184
350195
325207
300218
275230
250241
225253
200264
175276
150287
125299
100310
75322
50333
25345
356
-24631
356
25345
50333
75322
100310
125299
150287
175276
200264
225253
250241
275230
300218
325207
350195
375184
400172
425161
450149
475138
500126
525115
550103
575092
600080
625069
650057
675046
700034
725023
750011
775000
799988
824977
849965
874954
899942
924931
949919
974908
999896
1024885
1049873
1074862
1099850
1124839
1149827
1174816
1199804
1224793
-4593
-3948
-3338
-2764
-2219
-1714
-1250
-840
-475
-175
71
261
406
516
586
642
677
702
727
737
742
757
762
767
772
767
772
772
767
777
767
772
767
772
777
767
772
772
767
772
772
772
767
772
772
777
777
772
777
782
747
732
722
712
702
692
687
682
682
672
667
657
652
652
642
637
626
621
616
601
596
591
581
571
561
551
541
526
511
496
476
451
421
386
336
276
181
61
-105
-320
-575
-895
-1260
-1679
-2149
-2669
-3223
-3828
-4473
-5142