1199804
1174816
1149827
1124839
1099850
1074862
1049873
1024885
999896
974908
949919
924931
899942
874954
849965
824977
799988
775000
750011
725023
700034
675046
650057
625069
600080
575092
550103
525115
500126
475138
450149
425161
400172
375184
350195
325207
300218
275230
250241
225253
200264
175276
150287
125299
100310
75322
50333
25345
356
-24631
356
25345
50333
75322
100310
125299
150287
175276
200264
225253
250241
275230
300218
325207
350195
375184
400172
425161
450149
475138
500126
525115
550103
575092
600080
625069
650057
675046
700034
725023
750011
775000
799988
824977
849965
874954
899942
924931
949919
974908
999896
1024885
1049873
1074862
1099850
1124839
1149827
1174816
1199804
1224793
-4993
-4303
-3613
-2919
-2244
-1584
-940
-325
246
792
1302
1782
2222
2612
2952
3242
3492
3692
3852
3987
4092
4177
4247
4307
4352
4392
4432
4467
4497
4527
4547
4572
4587
4612
4627
4637
4657
4672
4677
4697
4712
4722
4737
4742
4752
4762
4772
4782
4792
4807
4752
4712
4677
4632
4602
4567
4537
4502
4467
4442
4412
4382
4347
4322
4287
4252
4222
4192
4162
4132
4097
4057
4017
3977
3922
3877
3812
3747
3667
3587
3492
3357
3212
3017
2777
2492
2147
1757
1307
822
286
-285
-900
-1564
-2259
-2984
-3758
-4558
-5382
-6232