1199804
1174816
1149827
1124839
1099850
1074862
1049873
1024885
999896
974908
949919
924931
899942
874954
849965
824977
799988
775000
750011
725023
700034
675046
650057
625069
600080
575092
550103
525115
500126
475138
450149
425161
400172
375184
350195
325207
300218
275230
250241
225253
200264
175276
150287
125299
100310
75322
50333
25345
356
-24631
356
25345
50333
75322
100310
125299
150287
175276
200264
225253
250241
275230
300218
325207
350195
375184
400172
425161
450149
475138
500126
525115
550103
575092
600080
625069
650057
675046
700034
725023
750011
775000
799988
824977
849965
874954
899942
924931
949919
974908
999896
1024885
1049873
1074862
1099850
1124839
1149827
1174816
1199804
1224793
-4483
-3858
-3278
-2719
-2194
-1709
-1269
-865
-520
-220
21
211
356
461
536
591
626
657
672
687
697
702
707
712
717
717
722
722
727
717
722
722
717
722
722
722
722
727
722
727
727
727
722
727
727
727
727
727
727
727
707
692
677
667
662
657
647
642
632
632
626
616
606
601
596
591
586
581
571
571
561
551
546
531
521
511
501
491
476
461
436
416
386
351
306
236
146
21
-155
-370
-620
-935
-1284
-1689
-2139
-2634
-3169
-3743
-4348
-4983