1199804
1174816
1149827
1124839
1099850
1074862
1049873
1024885
999896
974908
949919
924931
899942
874954
849965
824977
799988
775000
750011
725023
700034
675046
650057
625069
600080
575092
550103
525115
500126
475138
450149
425161
400172
375184
350195
325207
300218
275230
250241
225253
200264
175276
150287
125299
100310
75322
50333
25345
356
-24631
356
25345
50333
75322
100310
125299
150287
175276
200264
225253
250241
275230
300218
325207
350195
375184
400172
425161
450149
475138
500126
525115
550103
575092
600080
625069
650057
675046
700034
725023
750011
775000
799988
824977
849965
874954
899942
924931
949919
974908
999896
1024885
1049873
1074862
1099850
1124839
1149827
1174816
1199804
1224793
-5787
-5212
-4553
-3878
-3203
-2544
-1899
-1279
-685
-115
396
892
1332
1717
2037
2302
2507
2662
2787
2872
2942
2997
3037
3077
3102
3127
3152
3172
3192
3207
3222
3237
3252
3262
3272
3277
3297
3307
3317
3332
3337
3342
3352
3362
3372
3382
3382
3392
3407
3412
3377
3347
3322
3297
3272
3252
3232
3212
3187
3172
3152
3137
3117
3097
3082
3057
3042
3022
3002
2987
2962
2942
2922
2892
2867
2837
2802
2762
2717
2667
2602
2517
2412
2257
2062
1802
1472
1072
611
106
-450
-1060
-1709
-2399
-3124
-3883
-4683
-5502
-6342
-7206