1199804
1174816
1149827
1124839
1099850
1074862
1049873
1024885
999896
974908
949919
924931
899942
874954
849965
824977
799988
775000
750011
725023
700034
675046
650057
625069
600080
575092
550103
525115
500126
475138
450149
425161
400172
375184
350195
325207
300218
275230
250241
225253
200264
175276
150287
125299
100310
75322
50333
25345
356
-24631
356
25345
50333
75322
100310
125299
150287
175276
200264
225253
250241
275230
300218
325207
350195
375184
400172
425161
450149
475138
500126
525115
550103
575092
600080
625069
650057
675046
700034
725023
750011
775000
799988
824977
849965
874954
899942
924931
949919
974908
999896
1024885
1049873
1074862
1099850
1124839
1149827
1174816
1199804
1224793
-4658
-4563
-4058
-3348
-2599
-1894
-1274
-740
-310
26
281
466
596
682
742
782
812
822
832
837
837
837
837
837
832
832
832
832
822
827
822
827
822
822
817
817
817
817
817
817
817
822
817
812
817
812
817
812
812
812
802
802
797
797
797
782
787
782
777
777
772
767
772
772
767
757
757
752
757
747
742
732
732
727
722
722
717
702
697
687
677
672
652
637
606
571
511
421
291
101
-160
-515
-985
-1589
-2339
-3253
-4328
-5582
-7002
-8561