1199877
1174890
1149903
1124917
1099930
1074943
1049956
1024970
999983
974996
950009
925023
900036
875049
850062
825076
800089
775102
750115
725129
700142
675155
650168
625182
600195
575208
550221
525235
500248
475261
450275
425288
400301
375314
350327
325341
300354
275367
250380
225394
200407
175420
150433
125447
100460
75473
50486
25500
513
-24473
513
25500
50486
75473
100460
125447
150433
175420
200407
225394
250380
275367
300354
325341
350327
375314
400301
425288
450275
475261
500248
525235
550221
575208
600195
625182
650168
675155
700142
725129
750115
775102
800089
825076
850062
875049
900036
925023
950009
974996
999983
1024970
1049956
1074943
1099930
1124917
1149903
1174890
1199877
1224864
-5955
-5110
-4285
-3480
-2705
-1960
-1265
-605
-9
530
1015
1431
1796
2101
2341
2536
2681
2801
2887
2952
2997
3032
3057
3082
3082
3092
3102
3102
3102
3107
3107
3102
3097
3097
3092
3087
3087
3082
3082
3072
3072
3067
3062
3057
3057
3052
3052
3052
3047
3042
3002
2972
2962
2947
2937
2927
2917
2907
2897
2892
2882
2872
2862
2857
2837
2826
2821
2801
2791
2781
2761
2746
2736
2706
2686
2671
2641
2616
2581
2541
2486
2431
2356
2241
2101
1921
1681
1391
1020
580
65
-525
-1185
-1905
-2680
-3505
-4380
-5290
-6235
-7210