1199877
1174890
1149903
1124917
1099930
1074943
1049956
1024970
999983
974996
950009
925023
900036
875049
850062
825076
800089
775102
750115
725129
700142
675155
650168
625182
600195
575208
550221
525235
500248
475261
450275
425288
400301
375314
350327
325341
300354
275367
250380
225394
200407
175420
150433
125447
100460
75473
50486
25500
513
-24473
513
25500
50486
75473
100460
125447
150433
175420
200407
225394
250380
275367
300354
325341
350327
375314
400301
425288
450275
475261
500248
525235
550221
575208
600195
625182
650168
675155
700142
725129
750115
775102
800089
825076
850062
875049
900036
925023
950009
974996
999983
1024970
1049956
1074943
1099930
1124917
1149903
1174890
1199877
1224864
-8990
-7350
-5775
-4335
-3015
-1810
-720
240
1090
1821
2421
2922
3327
3637
3877
4062
4207
4312
4387
4458
4513
4553
4588
4608
4628
4638
4643
4638
4643
4643
4638
4633
4628
4623
4618
4603
4603
4588
4588
4578
4568
4558
4558
4543
4538
4528
4523
4518
4508
4503
4437
4407
4392
4372
4357
4352
4332
4312
4307
4292
4277
4267
4252
4237
4227
4217
4202
4187
4172
4147
4132
4112
4097
4077
4047
4022
3997
3962
3927
3882
3822
3757
3662
3552
3392
3187
2922
2581
2141
1601
920
125
-820
-1900
-3095
-4415
-5825
-7335
-8910
-10255