1199804
1174816
1149827
1124839
1099850
1074862
1049873
1024885
999896
974908
949919
924931
899942
874954
849965
824977
799988
775000
750011
725023
700034
675046
650057
625069
600080
575092
550103
525115
500126
475138
450149
425161
400172
375184
350195
325207
300218
275230
250241
225253
200264
175276
150287
125299
100310
75322
50333
25345
356
-24631
356
25345
50333
75322
100310
125299
150287
175276
200264
225253
250241
275230
300218
325207
350195
375184
400172
425161
450149
475138
500126
525115
550103
575092
600080
625069
650057
675046
700034
725023
750011
775000
799988
824977
849965
874954
899942
924931
949919
974908
999896
1024885
1049873
1074862
1099850
1124839
1149827
1174816
1199804
1224793
-3638
-3818
-3523
-3009
-2444
-1894
-1404
-975
-600
-290
-45
151
301
396
471
521
546
576
581
591
596
596
601
601
606
606
601
601
601
606
606
601
601
601
606
606
601
606
601
601
601
606
601
601
601
601
601
601
606
601
596
596
591
586
581
576
576
576
566
571
566
566
561
566
561
556
551
551
546
546
531
531
531
526
516
511
501
496
481
476
461
441
421
396
346
296
221
111
-35
-225
-475
-800
-1195
-1674
-2259
-2974
-3833
-4828
-5967
-7246