1199804
1174816
1149827
1124839
1099850
1074862
1049873
1024885
999896
974908
949919
924931
899942
874954
849965
824977
799988
775000
750011
725023
700034
675046
650057
625069
600080
575092
550103
525115
500126
475138
450149
425161
400172
375184
350195
325207
300218
275230
250241
225253
200264
175276
150287
125299
100310
75322
50333
25345
356
-24631
356
25345
50333
75322
100310
125299
150287
175276
200264
225253
250241
275230
300218
325207
350195
375184
400172
425161
450149
475138
500126
525115
550103
575092
600080
625069
650057
675046
700034
725023
750011
775000
799988
824977
849965
874954
899942
924931
949919
974908
999896
1024885
1049873
1074862
1099850
1124839
1149827
1174816
1199804
1224793
-6172
-5602
-4943
-4283
-3633
-2989
-2359
-1749
-1170
-615
-100
376
802
1182
1502
1752
1947
2092
2197
2282
2337
2377
2407
2437
2462
2477
2497
2507
2522
2532
2542
2552
2562
2567
2577
2582
2592
2597
2612
2617
2622
2627
2632
2642
2647
2647
2652
2662
2667
2672
2642
2617
2592
2582
2567
2552
2537
2522
2507
2487
2477
2462
2447
2437
2422
2407
2392
2377
2367
2352
2332
2322
2302
2282
2267
2247
2217
2187
2157
2117
2052
1977
1872
1737
1542
1297
982
596
156
-340
-885
-1479
-2114
-2804
-3528
-4283
-5068
-5887
-6727
-7576