1199804
1174816
1149827
1124839
1099850
1074862
1049873
1024885
999896
974908
949919
924931
899942
874954
849965
824977
799988
775000
750011
725023
700034
675046
650057
625069
600080
575092
550103
525115
500126
475138
450149
425161
400172
375184
350195
325207
300218
275230
250241
225253
200264
175276
150287
125299
100310
75322
50333
25345
356
-24631
356
25345
50333
75322
100310
125299
150287
175276
200264
225253
250241
275230
300218
325207
350195
375184
400172
425161
450149
475138
500126
525115
550103
575092
600080
625069
650057
675046
700034
725023
750011
775000
799988
824977
849965
874954
899942
924931
949919
974908
999896
1024885
1049873
1074862
1099850
1124839
1149827
1174816
1199804
1224793
-4358
-4468
-4038
-3383
-2694
-2039
-1454
-950
-520
-180
86
291
426
531
596
642
672
687
697
702
712
707
707
717
712
712
712
707
707
707
702
707
702
702
702
707
697
702
702
702
707
692
702
697
697
702
702
692
702
697
692
687
682
687
672
677
677
667
667
662
667
657
657
652
657
647
647
647
647
637
637
632
621
626
616
606
601
596
586
581
566
551
536
511
471
431
361
256
116
-95
-360
-725
-1175
-1749
-2444
-3288
-4298
-5467
-6797
-8266