1199804
1174816
1149827
1124839
1099850
1074862
1049873
1024885
999896
974908
949919
924931
899942
874954
849965
824977
799988
775000
750011
725023
700034
675046
650057
625069
600080
575092
550103
525115
500126
475138
450149
425161
400172
375184
350195
325207
300218
275230
250241
225253
200264
175276
150287
125299
100310
75322
50333
25345
356
-24631
356
25345
50333
75322
100310
125299
150287
175276
200264
225253
250241
275230
300218
325207
350195
375184
400172
425161
450149
475138
500126
525115
550103
575092
600080
625069
650057
675046
700034
725023
750011
775000
799988
824977
849965
874954
899942
924931
949919
974908
999896
1024885
1049873
1074862
1099850
1124839
1149827
1174816
1199804
1224793
-3858
-4043
-3728
-3169
-2559
-1979
-1449
-990
-600
-280
-20
186
326
436
511
551
581
601
616
626
626
632
637
637
632
632
632
637
637
632
632
632
632
632
632
626
632
626
632
632
626
626
632
626
626
632
632
626
637
632
621
616
616
606
611
606
606
596
601
601
591
591
591
591
586
581
586
581
576
571
571
561
556
551
551
536
531
531
516
506
496
476
461
431
391
336
261
151
-3
-200
-460
-805
-1220
-1744
-2379
-3144
-4058
-5142
-6372
-7746