1199804
1174816
1149827
1124839
1099850
1074862
1049873
1024885
999896
974908
949919
924931
899942
874954
849965
824977
799988
775000
750011
725023
700034
675046
650057
625069
600080
575092
550103
525115
500126
475138
450149
425161
400172
375184
350195
325207
300218
275230
250241
225253
200264
175276
150287
125299
100310
75322
50333
25345
356
-24631
356
25345
50333
75322
100310
125299
150287
175276
200264
225253
250241
275230
300218
325207
350195
375184
400172
425161
450149
475138
500126
525115
550103
575092
600080
625069
650057
675046
700034
725023
750011
775000
799988
824977
849965
874954
899942
924931
949919
974908
999896
1024885
1049873
1074862
1099850
1124839
1149827
1174816
1199804
1224793
-4663
-3958
-3298
-2654
-2034
-1449
-915
-440
-30
306
591
807
977
1097
1177
1247
1297
1322
1352
1362
1377
1387
1387
1392
1387
1392
1397
1392
1387
1392
1387
1377
1377
1382
1372
1372
1377
1367
1367
1372
1367
1362
1367
1362
1362
1362
1357
1357
1357
1357
1312
1287
1262
1257
1242
1232
1222
1212
1197
1197
1177
1177
1167
1157
1147
1142
1132
1122
1112
1097
1087
1067
1062
1047
1027
1012
997
977
952
932
907
877
847
802
757
687
596
476
311
91
-180
-525
-935
-1409
-1954
-2544
-3193
-3893
-4623
-5387