1199804
1174816
1149827
1124839
1099850
1074862
1049873
1024885
999896
974908
949919
924931
899942
874954
849965
824977
799988
775000
750011
725023
700034
675046
650057
625069
600080
575092
550103
525115
500126
475138
450149
425161
400172
375184
350195
325207
300218
275230
250241
225253
200264
175276
150287
125299
100310
75322
50333
25345
356
-24631
356
25345
50333
75322
100310
125299
150287
175276
200264
225253
250241
275230
300218
325207
350195
375184
400172
425161
450149
475138
500126
525115
550103
575092
600080
625069
650057
675046
700034
725023
750011
775000
799988
824977
849965
874954
899942
924931
949919
974908
999896
1024885
1049873
1074862
1099850
1124839
1149827
1174816
1199804
1224793
-4493
-4553
-4093
-3413
-2699
-2024
-1414
-900
-470
-130
141
331
481
571
642
687
717
732
742
742
752
752
747
747
752
747
742
742
737
742
737
737
742
742
737
737
737
732
732
742
732
737
732
737
732
732
737
732
727
732
727
717
717
712
712
707
702
702
702
697
692
687
692
687
677
682
682
677
677
667
667
657
652
652
647
642
632
626
621
606
601
586
566
546
516
466
401
306
161
-45
-310
-675
-1140
-1719
-2439
-3313
-4348
-5552
-6912
-8416