1199804
1174816
1149827
1124839
1099850
1074862
1049873
1024885
999896
974908
949919
924931
899942
874954
849965
824977
799988
775000
750011
725023
700034
675046
650057
625069
600080
575092
550103
525115
500126
475138
450149
425161
400172
375184
350195
325207
300218
275230
250241
225253
200264
175276
150287
125299
100310
75322
50333
25345
356
-24631
356
25345
50333
75322
100310
125299
150287
175276
200264
225253
250241
275230
300218
325207
350195
375184
400172
425161
450149
475138
500126
525115
550103
575092
600080
625069
650057
675046
700034
725023
750011
775000
799988
824977
849965
874954
899942
924931
949919
974908
999896
1024885
1049873
1074862
1099850
1124839
1149827
1174816
1199804
1224793
-6572
-5527
-4318
-3099
-1949
-920
-20
732
1357
1857
2277
2617
2897
3137
3332
3497
3632
3742
3812
3887
3932
3972
4012
4027
4052
4067
4082
4097
4107
4122
4132
4137
4137
4142
4137
4142
4142
4142
4137
4142
4142
4142
4137
4137
4127
4122
4122
4127
4127
4122
4097
4082
4067
4052
4037
4027
4017
3997
3997
3982
3972
3957
3942
3927
3907
3897
3882
3862
3852
3827
3802
3777
3752
3722
3692
3657
3622
3582
3547
3487
3432
3362
3282
3187
3062
2902
2707
2427
2107
1687
1177
576
-145
-995
-1994
-3139
-4438
-5867
-7416
-9080