1199804
1174816
1149827
1124839
1099850
1074862
1049873
1024885
999896
974908
949919
924931
899942
874954
849965
824977
799988
775000
750011
725023
700034
675046
650057
625069
600080
575092
550103
525115
500126
475138
450149
425161
400172
375184
350195
325207
300218
275230
250241
225253
200264
175276
150287
125299
100310
75322
50333
25345
356
-24631
356
25345
50333
75322
100310
125299
150287
175276
200264
225253
250241
275230
300218
325207
350195
375184
400172
425161
450149
475138
500126
525115
550103
575092
600080
625069
650057
675046
700034
725023
750011
775000
799988
824977
849965
874954
899942
924931
949919
974908
999896
1024885
1049873
1074862
1099850
1124839
1149827
1174816
1199804
1224793
-4668
-3978
-3328
-2694
-2089
-1519
-1000
-545
-150
181
441
652
807
927
1002
1062
1102
1137
1157
1167
1182
1192
1197
1197
1207
1202
1207
1197
1202
1197
1202
1202
1202
1202
1192
1192
1187
1192
1192
1187
1192
1187
1177
1187
1182
1182
1187
1187
1187
1187
1147
1122
1107
1092
1072
1067
1062
1052
1047
1037
1032
1022
1012
1002
992
987
977
967
957
952
937
927
902
892
882
872
857
837
822
792
777
747
712
682
637
571
476
361
201
-8
-285
-610
-1010
-1469
-1989
-2574
-3203
-3883
-4603
-5352