1199804
1174816
1149827
1124839
1099850
1074862
1049873
1024885
999896
974908
949919
924931
899942
874954
849965
824977
799988
775000
750011
725023
700034
675046
650057
625069
600080
575092
550103
525115
500126
475138
450149
425161
400172
375184
350195
325207
300218
275230
250241
225253
200264
175276
150287
125299
100310
75322
50333
25345
356
-24631
356
25345
50333
75322
100310
125299
150287
175276
200264
225253
250241
275230
300218
325207
350195
375184
400172
425161
450149
475138
500126
525115
550103
575092
600080
625069
650057
675046
700034
725023
750011
775000
799988
824977
849965
874954
899942
924931
949919
974908
999896
1024885
1049873
1074862
1099850
1124839
1149827
1174816
1199804
1224793
-5347
-4638
-3878
-3084
-2279
-1484
-695
76
812
1522
2197
2817
3397
3907
4357
4752
5087
5377
5617
5827
5997
6147
6267
6372
6457
6527
6582
6642
6692
6727
6767
6797
6827
6847
6872
6887
6907
6922
6942
6952
6972
6982
6992
7012
7017
7022
7037
7042
7052
7062
6992
6927
6872
6822
6772
6712
6672
6627
6582
6532
6487
6442
6392
6352
6292
6232
6182
6132
6067
6007
5942
5862
5777
5692
5587
5472
5347
5207
5042
4862
4677
4442
4177
3877
3532
3147
2707
2227
1697
1132
511
-130
-825
-1549
-2304
-3089
-3898
-4728
-5582
-6452