1199804
1174816
1149827
1124839
1099850
1074862
1049873
1024885
999896
974908
949919
924931
899942
874954
849965
824977
799988
775000
750011
725023
700034
675046
650057
625069
600080
575092
550103
525115
500126
475138
450149
425161
400172
375184
350195
325207
300218
275230
250241
225253
200264
175276
150287
125299
100310
75322
50333
25345
356
-24631
356
25345
50333
75322
100310
125299
150287
175276
200264
225253
250241
275230
300218
325207
350195
375184
400172
425161
450149
475138
500126
525115
550103
575092
600080
625069
650057
675046
700034
725023
750011
775000
799988
824977
849965
874954
899942
924931
949919
974908
999896
1024885
1049873
1074862
1099850
1124839
1149827
1174816
1199804
1224793
-4803
-4033
-3323
-2639
-1979
-1354
-780
-260
191
566
882
1117
1302
1437
1532
1597
1647
1682
1712
1722
1737
1742
1752
1747
1747
1742
1737
1732
1727
1727
1717
1717
1712
1707
1702
1702
1687
1687
1692
1682
1682
1677
1672
1672
1677
1667
1667
1672
1672
1667
1612
1577
1557
1542
1527
1517
1497
1497
1487
1477
1467
1457
1447
1442
1432
1422
1407
1392
1382
1372
1357
1347
1322
1307
1287
1277
1257
1237
1207
1182
1152
1127
1087
1047
997
927
837
712
536
311
21
-345
-785
-1304
-1889
-2539
-3238
-3988
-4783
-5597