1199804
1174816
1149827
1124839
1099850
1074862
1049873
1024885
999896
974908
949919
924931
899942
874954
849965
824977
799988
775000
750011
725023
700034
675046
650057
625069
600080
575092
550103
525115
500126
475138
450149
425161
400172
375184
350195
325207
300218
275230
250241
225253
200264
175276
150287
125299
100310
75322
50333
25345
356
-24631
356
25345
50333
75322
100310
125299
150287
175276
200264
225253
250241
275230
300218
325207
350195
375184
400172
425161
450149
475138
500126
525115
550103
575092
600080
625069
650057
675046
700034
725023
750011
775000
799988
824977
849965
874954
899942
924931
949919
974908
999896
1024885
1049873
1074862
1099850
1124839
1149827
1174816
1199804
1224793
-2994
-3129
-2919
-2529
-2079
-1644
-1240
-875
-565
-295
-80
101
236
336
406
456
486
506
516
531
536
536
541
541
546
541
546
546
546
546
541
541
541
541
546
541
541
541
541
546
541
546
546
546
546
546
541
546
546
546
536
536
531
531
521
526
521
516
516
516
516
506
516
506
506
501
496
496
496
491
486
476
471
471
466
456
446
436
426
416
406
381
356
331
286
226
146
46
-95
-265
-485
-760
-1085
-1479
-1964
-2534
-3233
-4043
-4968
-6007