1199804
1174816
1149827
1124839
1099850
1074862
1049873
1024885
999896
974908
949919
924931
899942
874954
849965
824977
799988
775000
750011
725023
700034
675046
650057
625069
600080
575092
550103
525115
500126
475138
450149
425161
400172
375184
350195
325207
300218
275230
250241
225253
200264
175276
150287
125299
100310
75322
50333
25345
356
-24631
356
25345
50333
75322
100310
125299
150287
175276
200264
225253
250241
275230
300218
325207
350195
375184
400172
425161
450149
475138
500126
525115
550103
575092
600080
625069
650057
675046
700034
725023
750011
775000
799988
824977
849965
874954
899942
924931
949919
974908
999896
1024885
1049873
1074862
1099850
1124839
1149827
1174816
1199804
1224793
-5267
-4763
-3963
-2984
-2009
-1105
-340
291
787
1172
1457
1677
1837
1952
2042
2097
2147
2177
2192
2202
2212
2217
2217
2222
2227
2227
2222
2232
2237
2227
2227
2232
2217
2222
2217
2222
2212
2222
2217
2212
2207
2212
2207
2212
2207
2207
2212
2212
2207
2212
2187
2177
2162
2162
2147
2142
2137
2132
2117
2117
2107
2102
2092
2087
2082
2067
2057
2057
2047
2032
2022
2012
1997
1987
1972
1952
1942
1922
1897
1877
1852
1822
1792
1747
1707
1642
1567
1472
1322
1112
822
416
-130
-850
-1759
-2859
-4168
-5647
-7276
-9030