1199877
1174890
1149903
1124917
1099930
1074943
1049956
1024970
999983
974996
950009
925023
900036
875049
850062
825076
800089
775102
750115
725129
700142
675155
650168
625182
600195
575208
550221
525235
500248
475261
450275
425288
400301
375314
350327
325341
300354
275367
250380
225394
200407
175420
150433
125447
100460
75473
50486
25500
513
-24473
513
25500
50486
75473
100460
125447
150433
175420
200407
225394
250380
275367
300354
325341
350327
375314
400301
425288
450275
475261
500248
525235
550221
575208
600195
625182
650168
675155
700142
725129
750115
775102
800089
825076
850062
875049
900036
925023
950009
974996
999983
1024970
1049956
1074943
1099930
1124917
1149903
1174890
1199877
1224864
-4220
-3680
-3115
-2535
-1980
-1445
-935
-460
-25
355
695
995
1256
1461
1626
1766
1866
1946
2006
2051
2081
2106
2121
2136
2146
2146
2161
2156
2166
2156
2161
2161
2161
2156
2156
2156
2156
2151
2156
2146
2141
2146
2141
2136
2136
2141
2136
2141
2136
2131
2096
2086
2071
2076
2061
2056
2046
2041
2036
2031
2016
2011
2001
2001
1991
1986
1981
1966
1961
1946
1936
1926
1906
1891
1881
1856
1841
1816
1791
1766
1726
1681
1626
1551
1451
1326
1165
960
700
390
25
-395
-870
-1390
-1950
-2540
-3175
-3835
-4535
-5250