1199804
1174816
1149827
1124839
1099850
1074862
1049873
1024885
999896
974908
949919
924931
899942
874954
849965
824977
799988
775000
750011
725023
700034
675046
650057
625069
600080
575092
550103
525115
500126
475138
450149
425161
400172
375184
350195
325207
300218
275230
250241
225253
200264
175276
150287
125299
100310
75322
50333
25345
356
-24631
356
25345
50333
75322
100310
125299
150287
175276
200264
225253
250241
275230
300218
325207
350195
375184
400172
425161
450149
475138
500126
525115
550103
575092
600080
625069
650057
675046
700034
725023
750011
775000
799988
824977
849965
874954
899942
924931
949919
974908
999896
1024885
1049873
1074862
1099850
1124839
1149827
1174816
1199804
1224793
-4973
-4233
-3468
-2679
-1879
-1085
-290
486
1232
1967
2652
3312
3912
4457
4937
5352
5712
6012
6272
6487
6667
6827
6967
7082
7182
7267
7342
7402
7462
7502
7542
7582
7612
7642
7667
7692
7712
7722
7747
7767
7783
7793
7808
7828
7838
7843
7843
7863
7868
7873
7813
7762
7707
7652
7612
7557
7507
7467
7412
7362
7327
7272
7217
7167
7117
7057
6992
6942
6872
6802
6732
6647
6562
6457
6337
6212
6067
5912
5727
5532
5302
5042
4752
4412
4042
3637
3182
2677
2137
1557
932
281
-400
-1120
-1869
-2654
-3453
-4278
-5122
-5987