1199804
1174816
1149827
1124839
1099850
1074862
1049873
1024885
999896
974908
949919
924931
899942
874954
849965
824977
799988
775000
750011
725023
700034
675046
650057
625069
600080
575092
550103
525115
500126
475138
450149
425161
400172
375184
350195
325207
300218
275230
250241
225253
200264
175276
150287
125299
100310
75322
50333
25345
356
-24631
356
25345
50333
75322
100310
125299
150287
175276
200264
225253
250241
275230
300218
325207
350195
375184
400172
425161
450149
475138
500126
525115
550103
575092
600080
625069
650057
675046
700034
725023
750011
775000
799988
824977
849965
874954
899942
924931
949919
974908
999896
1024885
1049873
1074862
1099850
1124839
1149827
1174816
1199804
1224793
-4663
-3968
-3313
-2669
-2059
-1484
-955
-495
-95
241
511
727
887
1002
1077
1132
1182
1217
1242
1257
1267
1277
1277
1287
1287
1282
1287
1282
1287
1282
1282
1282
1277
1277
1277
1277
1277
1272
1267
1262
1267
1267
1267
1262
1262
1262
1257
1262
1262
1262
1217
1197
1172
1167
1147
1137
1127
1122
1112
1102
1092
1087
1077
1067
1057
1052
1042
1032
1022
1007
1002
987
977
962
942
932
907
892
877
847
827
802
772
732
687
616
531
411
246
31
-235
-565
-970
-1439
-1964
-2549
-3184
-3873
-4593
-5352