1199804
1174816
1149827
1124839
1099850
1074862
1049873
1024885
999896
974908
949919
924931
899942
874954
849965
824977
799988
775000
750011
725023
700034
675046
650057
625069
600080
575092
550103
525115
500126
475138
450149
425161
400172
375184
350195
325207
300218
275230
250241
225253
200264
175276
150287
125299
100310
75322
50333
25345
356
-24631
356
25345
50333
75322
100310
125299
150287
175276
200264
225253
250241
275230
300218
325207
350195
375184
400172
425161
450149
475138
500126
525115
550103
575092
600080
625069
650057
675046
700034
725023
750011
775000
799988
824977
849965
874954
899942
924931
949919
974908
999896
1024885
1049873
1074862
1099850
1124839
1149827
1174816
1199804
1224793
-5822
-5477
-4938
-4348
-3753
-3169
-2604
-2059
-1534
-1055
-600
-205
146
451
692
882
1027
1127
1202
1242
1277
1307
1322
1337
1352
1362
1372
1382
1387
1397
1392
1402
1417
1417
1417
1427
1432
1427
1432
1442
1437
1452
1452
1452
1457
1462
1457
1462
1467
1472
1447
1432
1422
1407
1397
1392
1382
1372
1362
1352
1352
1337
1332
1322
1312
1312
1302
1292
1282
1267
1267
1257
1247
1232
1212
1207
1192
1177
1152
1122
1087
1042
972
877
747
561
316
11
-355
-775
-1264
-1794
-2384
-3009
-3673
-4383
-5117
-5882
-6667
-7466