1199804
1174816
1149827
1124839
1099850
1074862
1049873
1024885
999896
974908
949919
924931
899942
874954
849965
824977
799988
775000
750011
725023
700034
675046
650057
625069
600080
575092
550103
525115
500126
475138
450149
425161
400172
375184
350195
325207
300218
275230
250241
225253
200264
175276
150287
125299
100310
75322
50333
25345
356
-24631
356
25345
50333
75322
100310
125299
150287
175276
200264
225253
250241
275230
300218
325207
350195
375184
400172
425161
450149
475138
500126
525115
550103
575092
600080
625069
650057
675046
700034
725023
750011
775000
799988
824977
849965
874954
899942
924931
949919
974908
999896
1024885
1049873
1074862
1099850
1124839
1149827
1174816
1199804
1224793
-5242
-5068
-4578
-4018
-3463
-2909
-2374
-1864
-1379
-940
-540
-190
116
361
551
702
807
887
937
982
1002
1027
1037
1057
1062
1072
1082
1087
1092
1097
1102
1112
1112
1117
1117
1127
1122
1122
1132
1132
1132
1147
1147
1147
1147
1152
1152
1157
1157
1157
1137
1122
1117
1107
1092
1087
1082
1072
1062
1062
1052
1047
1042
1032
1027
1022
1012
1007
997
992
982
972
972
962
947
932
922
897
882
862
832
797
747
672
576
436
241
-8
-330
-710
-1140
-1634
-2184
-2774
-3403
-4068
-4763
-5492
-6232
-6997