1199877
1174890
1149903
1124917
1099930
1074943
1049956
1024970
999983
974996
950009
925023
900036
875049
850062
825076
800089
775102
750115
725129
700142
675155
650168
625182
600195
575208
550221
525235
500248
475261
450275
425288
400301
375314
350327
325341
300354
275367
250380
225394
200407
175420
150433
125447
100460
75473
50486
25500
513
-24473
513
25500
50486
75473
100460
125447
150433
175420
200407
225394
250380
275367
300354
325341
350327
375314
400301
425288
450275
475261
500248
525235
550221
575208
600195
625182
650168
675155
700142
725129
750115
775102
800089
825076
850062
875049
900036
925023
950009
974996
999983
1024970
1049956
1074943
1099930
1124917
1149903
1174890
1199877
1224864
-7085
-5995
-4955
-3970
-3030
-2145
-1310
-540
145
760
1306
1776
2171
2481
2736
2932
3077
3192
3272
3337
3387
3427
3447
3462
3472
3472
3487
3487
3487
3477
3477
3477
3477
3467
3462
3462
3457
3452
3447
3447
3437
3432
3427
3427
3422
3422
3417
3412
3412
3402
3352
3327
3312
3297
3287
3272
3257
3257
3242
3237
3227
3207
3202
3187
3182
3172
3162
3147
3127
3117
3097
3087
3067
3047
3022
3002
2977
2947
2922
2882
2826
2771
2686
2576
2446
2256
2011
1691
1286
795
215
-460
-1235
-2085
-3015
-4010
-5065
-6180
-7325
-8515