1199804
1174816
1149827
1124839
1099850
1074862
1049873
1024885
999896
974908
949919
924931
899942
874954
849965
824977
799988
775000
750011
725023
700034
675046
650057
625069
600080
575092
550103
525115
500126
475138
450149
425161
400172
375184
350195
325207
300218
275230
250241
225253
200264
175276
150287
125299
100310
75322
50333
25345
356
-24631
356
25345
50333
75322
100310
125299
150287
175276
200264
225253
250241
275230
300218
325207
350195
375184
400172
425161
450149
475138
500126
525115
550103
575092
600080
625069
650057
675046
700034
725023
750011
775000
799988
824977
849965
874954
899942
924931
949919
974908
999896
1024885
1049873
1074862
1099850
1124839
1149827
1174816
1199804
1224793
-5462
-4648
-3803
-2949
-2109
-1289
-490
261
982
1657
2282
2852
3367
3812
4202
4542
4832
5082
5287
5462
5612
5737
5832
5917
5992
6042
6092
6137
6172
6202
6242
6257
6282
6307
6327
6342
6352
6367
6372
6387
6402
6417
6422
6437
6442
6447
6452
6467
6472
6477
6412
6357
6307
6257
6212
6157
6117
6077
6032
5992
5947
5917
5862
5827
5772
5727
5682
5622
5572
5522
5467
5402
5337
5262
5182
5087
4987
4867
4742
4587
4427
4237
4012
3747
3452
3102
2697
2242
1742
1197
606
-20
-705
-1424
-2174
-2959
-3778
-4623
-5487
-6372