1199804
1174816
1149827
1124839
1099850
1074862
1049873
1024885
999896
974908
949919
924931
899942
874954
849965
824977
799988
775000
750011
725023
700034
675046
650057
625069
600080
575092
550103
525115
500126
475138
450149
425161
400172
375184
350195
325207
300218
275230
250241
225253
200264
175276
150287
125299
100310
75322
50333
25345
356
-24631
356
25345
50333
75322
100310
125299
150287
175276
200264
225253
250241
275230
300218
325207
350195
375184
400172
425161
450149
475138
500126
525115
550103
575092
600080
625069
650057
675046
700034
725023
750011
775000
799988
824977
849965
874954
899942
924931
949919
974908
999896
1024885
1049873
1074862
1099850
1124839
1149827
1174816
1199804
1224793
-4898
-4783
-4333
-3813
-3278
-2759
-2244
-1759
-1304
-895
-515
-185
101
331
501
632
742
817
867
897
927
942
957
972
987
992
1002
1007
1012
1027
1027
1022
1027
1032
1037
1042
1042
1052
1052
1057
1057
1057
1057
1062
1062
1072
1072
1072
1072
1077
1057
1042
1042
1032
1017
1012
1002
992
992
987
972
967
957
957
952
942
942
932
927
922
917
907
887
882
872
862
852
837
817
792
757
732
682
611
516
386
216
-25
-310
-670
-1085
-1544
-2064
-2629
-3218
-3863
-4523
-5222
-5947
-6682