1199804
1174816
1149827
1124839
1099850
1074862
1049873
1024885
999896
974908
949919
924931
899942
874954
849965
824977
799988
775000
750011
725023
700034
675046
650057
625069
600080
575092
550103
525115
500126
475138
450149
425161
400172
375184
350195
325207
300218
275230
250241
225253
200264
175276
150287
125299
100310
75322
50333
25345
356
-24631
356
25345
50333
75322
100310
125299
150287
175276
200264
225253
250241
275230
300218
325207
350195
375184
400172
425161
450149
475138
500126
525115
550103
575092
600080
625069
650057
675046
700034
725023
750011
775000
799988
824977
849965
874954
899942
924931
949919
974908
999896
1024885
1049873
1074862
1099850
1124839
1149827
1174816
1199804
1224793
-4713
-3978
-3298
-2639
-2004
-1399
-845
-350
76
436
722
947
1122
1252
1337
1402
1442
1477
1502
1512
1522
1532
1537
1542
1537
1537
1537
1537
1532
1532
1527
1522
1527
1517
1517
1512
1507
1502
1507
1492
1492
1492
1492
1492
1492
1492
1492
1487
1487
1487
1437
1397
1382
1372
1362
1357
1337
1327
1312
1312
1302
1292
1287
1277
1267
1257
1247
1237
1222
1207
1202
1182
1172
1157
1137
1117
1102
1082
1062
1032
1007
987
947
907
862
792
702
581
411
196
-85
-440
-860
-1354
-1909
-2534
-3218
-3938
-4693
-5487