1199804
1174816
1149827
1124839
1099850
1074862
1049873
1024885
999896
974908
949919
924931
899942
874954
849965
824977
799988
775000
750011
725023
700034
675046
650057
625069
600080
575092
550103
525115
500126
475138
450149
425161
400172
375184
350195
325207
300218
275230
250241
225253
200264
175276
150287
125299
100310
75322
50333
25345
356
-24631
356
25345
50333
75322
100310
125299
150287
175276
200264
225253
250241
275230
300218
325207
350195
375184
400172
425161
450149
475138
500126
525115
550103
575092
600080
625069
650057
675046
700034
725023
750011
775000
799988
824977
849965
874954
899942
924931
949919
974908
999896
1024885
1049873
1074862
1099850
1124839
1149827
1174816
1199804
1224793
-4508
-3853
-3233
-2654
-2099
-1589
-1115
-695
-325
-20
236
431
586
697
777
832
872
902
922
937
947
962
962
967
972
972
972
972
977
972
977
977
967
972
972
967
967
962
967
967
972
962
962
972
962
972
967
967
972
972
937
917
897
887
877
867
867
847
847
842
837
827
812
807
802
797
787
782
772
757
752
742
732
722
707
692
677
662
652
626
611
586
556
521
476
406
311
186
26
-180
-440
-755
-1120
-1544
-2019
-2544
-3114
-3723
-4363
-5038