1199804
1174816
1149827
1124839
1099850
1074862
1049873
1024885
999896
974908
949919
924931
899942
874954
849965
824977
799988
775000
750011
725023
700034
675046
650057
625069
600080
575092
550103
525115
500126
475138
450149
425161
400172
375184
350195
325207
300218
275230
250241
225253
200264
175276
150287
125299
100310
75322
50333
25345
356
-24631
356
25345
50333
75322
100310
125299
150287
175276
200264
225253
250241
275230
300218
325207
350195
375184
400172
425161
450149
475138
500126
525115
550103
575092
600080
625069
650057
675046
700034
725023
750011
775000
799988
824977
849965
874954
899942
924931
949919
974908
999896
1024885
1049873
1074862
1099850
1124839
1149827
1174816
1199804
1224793
-4303
-4438
-4018
-3373
-2694
-2054
-1479
-990
-565
-225
46
246
391
501
566
606
642
667
677
687
687
692
687
692
692
687
687
687
687
682
682
682
682
682
682
677
682
677
682
682
682
682
677
677
682
677
682
682
677
682
672
667
662
657
657
652
657
652
642
642
642
642
632
637
626
626
621
621
616
616
611
606
601
596
596
586
586
576
561
556
541
531
511
481
451
391
326
216
66
-135
-410
-760
-1210
-1764
-2444
-3268
-4253
-5402
-6712
-8156