1199804
1174816
1149827
1124839
1099850
1074862
1049873
1024885
999896
974908
949919
924931
899942
874954
849965
824977
799988
775000
750011
725023
700034
675046
650057
625069
600080
575092
550103
525115
500126
475138
450149
425161
400172
375184
350195
325207
300218
275230
250241
225253
200264
175276
150287
125299
100310
75322
50333
25345
356
-24631
356
25345
50333
75322
100310
125299
150287
175276
200264
225253
250241
275230
300218
325207
350195
375184
400172
425161
450149
475138
500126
525115
550103
575092
600080
625069
650057
675046
700034
725023
750011
775000
799988
824977
849965
874954
899942
924931
949919
974908
999896
1024885
1049873
1074862
1099850
1124839
1149827
1174816
1199804
1224793
-7406
-6922
-6012
-4928
-3803
-2704
-1644
-630
311
1212
2037
2792
3472
4052
4547
4942
5257
5502
5677
5817
5922
6007
6082
6147
6207
6257
6317
6372
6412
6457
6482
6512
6522
6527
6537
6537
6537
6542
6537
6532
6527
6517
6507
6497
6487
6477
6467
6462
6452
6437
6342
6272
6217
6172
6137
6102
6067
6042
6007
5982
5942
5902
5867
5827
5782
5742
5697
5652
5602
5552
5492
5432
5372
5302
5232
5147
5052
4942
4802
4647
4437
4192
3897
3562
3177
2732
2247
1712
1122
491
-180
-910
-1684
-2509
-3373
-4268
-5207
-6182
-7171
-8191