1199804
1174816
1149827
1124839
1099850
1074862
1049873
1024885
999896
974908
949919
924931
899942
874954
849965
824977
799988
775000
750011
725023
700034
675046
650057
625069
600080
575092
550103
525115
500126
475138
450149
425161
400172
375184
350195
325207
300218
275230
250241
225253
200264
175276
150287
125299
100310
75322
50333
25345
356
-24631
356
25345
50333
75322
100310
125299
150287
175276
200264
225253
250241
275230
300218
325207
350195
375184
400172
425161
450149
475138
500126
525115
550103
575092
600080
625069
650057
675046
700034
725023
750011
775000
799988
824977
849965
874954
899942
924931
949919
974908
999896
1024885
1049873
1074862
1099850
1124839
1149827
1174816
1199804
1224793
-5572
-5312
-4793
-4213
-3633
-3059
-2504
-1969
-1469
-1010
-585
-205
121
391
606
772
892
982
1037
1077
1107
1137
1147
1162
1177
1182
1197
1197
1207
1207
1217
1227
1232
1232
1237
1242
1237
1242
1252
1252
1257
1257
1262
1262
1262
1267
1267
1272
1282
1272
1262
1237
1232
1217
1212
1207
1192
1182
1177
1172
1167
1157
1152
1142
1137
1127
1122
1112
1107
1102
1092
1077
1077
1062
1052
1032
1027
1002
982
957
932
887
832
752
637
481
261
-8
-345
-750
-1220
-1729
-2304
-2914
-3558
-4248
-4968
-5712
-6477
-7266