1199877
1174890
1149903
1124917
1099930
1074943
1049956
1024970
999983
974996
950009
925023
900036
875049
850062
825076
800089
775102
750115
725129
700142
675155
650168
625182
600195
575208
550221
525235
500248
475261
450275
425288
400301
375314
350327
325341
300354
275367
250380
225394
200407
175420
150433
125447
100460
75473
50486
25500
513
-24473
513
25500
50486
75473
100460
125447
150433
175420
200407
225394
250380
275367
300354
325341
350327
375314
400301
425288
450275
475261
500248
525235
550221
575208
600195
625182
650168
675155
700142
725129
750115
775102
800089
825076
850062
875049
900036
925023
950009
974996
999983
1024970
1049956
1074943
1099930
1124917
1149903
1174890
1199877
1224864
-5705
-4910
-4125
-3360
-2620
-1920
-1245
-625
-50
465
930
1336
1686
1971
2206
2391
2541
2656
2741
2801
2847
2882
2912
2927
2937
2947
2947
2952
2957
2952
2952
2952
2952
2947
2937
2942
2937
2932
2932
2927
2922
2917
2922
2917
2912
2912
2902
2907
2902
2897
2862
2842
2821
2811
2796
2791
2786
2766
2766
2756
2746
2736
2726
2716
2706
2691
2681
2671
2661
2651
2631
2616
2601
2576
2561
2536
2511
2486
2451
2416
2361
2306
2226
2121
1981
1811
1586
1296
935
520
20
-540
-1175
-1865
-2600
-3390
-4220
-5085
-5985
-6910