1199804
1174816
1149827
1124839
1099850
1074862
1049873
1024885
999896
974908
949919
924931
899942
874954
849965
824977
799988
775000
750011
725023
700034
675046
650057
625069
600080
575092
550103
525115
500126
475138
450149
425161
400172
375184
350195
325207
300218
275230
250241
225253
200264
175276
150287
125299
100310
75322
50333
25345
356
-24631
356
25345
50333
75322
100310
125299
150287
175276
200264
225253
250241
275230
300218
325207
350195
375184
400172
425161
450149
475138
500126
525115
550103
575092
600080
625069
650057
675046
700034
725023
750011
775000
799988
824977
849965
874954
899942
924931
949919
974908
999896
1024885
1049873
1074862
1099850
1124839
1149827
1174816
1199804
1224793
-7251
-5867
-4773
-3798
-2864
-1979
-1140
-350
366
1027
1612
2127
2562
2927
3227
3467
3662
3807
3917
4012
4077
4132
4167
4192
4212
4222
4222
4207
4187
4172
4137
4107
4072
4037
4012
3972
3942
3902
3872
3842
3827
3802
3787
3767
3747
3737
3722
3707
3702
3692
3517
3427
3362
3317
3282
3257
3227
3202
3177
3152
3122
3097
3082
3052
3027
2997
2967
2927
2897
2857
2822
2782
2742
2697
2647
2607
2552
2492
2442
2382
2312
2242
2157
2057
1932
1772
1567
1292
957
546
66
-480
-1100
-1784
-2519
-3308
-4153
-5023
-5937
-6867