1199804
1174816
1149827
1124839
1099850
1074862
1049873
1024885
999896
974908
949919
924931
899942
874954
849965
824977
799988
775000
750011
725023
700034
675046
650057
625069
600080
575092
550103
525115
500126
475138
450149
425161
400172
375184
350195
325207
300218
275230
250241
225253
200264
175276
150287
125299
100310
75322
50333
25345
356
-24631
356
25345
50333
75322
100310
125299
150287
175276
200264
225253
250241
275230
300218
325207
350195
375184
400172
425161
450149
475138
500126
525115
550103
575092
600080
625069
650057
675046
700034
725023
750011
775000
799988
824977
849965
874954
899942
924931
949919
974908
999896
1024885
1049873
1074862
1099850
1124839
1149827
1174816
1199804
1224793
-5197
-4548
-3863
-3179
-2499
-1824
-1180
-555
36
581
1107
1592
2037
2437
2782
3077
3317
3507
3657
3782
3872
3957
4017
4072
4127
4162
4197
4237
4257
4277
4302
4322
4342
4357
4367
4392
4407
4427
4437
4442
4462
4467
4482
4492
4502
4517
4527
4537
4547
4557
4502
4462
4432
4392
4357
4332
4302
4277
4242
4217
4182
4152
4127
4107
4072
4042
4012
3987
3957
3922
3892
3857
3812
3782
3732
3692
3637
3582
3502
3427
3337
3217
3077
2897
2672
2382
2042
1637
1187
682
141
-450
-1085
-1754
-2469
-3218
-4003
-4818
-5652
-6522