1199804
1174816
1149827
1124839
1099850
1074862
1049873
1024885
999896
974908
949919
924931
899942
874954
849965
824977
799988
775000
750011
725023
700034
675046
650057
625069
600080
575092
550103
525115
500126
475138
450149
425161
400172
375184
350195
325207
300218
275230
250241
225253
200264
175276
150287
125299
100310
75322
50333
25345
356
-24631
356
25345
50333
75322
100310
125299
150287
175276
200264
225253
250241
275230
300218
325207
350195
375184
400172
425161
450149
475138
500126
525115
550103
575092
600080
625069
650057
675046
700034
725023
750011
775000
799988
824977
849965
874954
899942
924931
949919
974908
999896
1024885
1049873
1074862
1099850
1124839
1149827
1174816
1199804
1224793
-4493
-3883
-3303
-2754
-2234
-1754
-1304
-915
-565
-275
-35
156
296
401
481
531
566
591
606
621
632
642
642
647
647
657
652
657
657
657
662
662
657
662
662
662
662
652
657
657
662
662
662
662
652
667
662
667
667
667
642
626
621
616
606
601
596
591
581
571
571
566
556
551
546
541
541
536
531
521
511
506
496
491
476
471
456
446
436
421
396
381
351
316
261
201
101
-25
-190
-395
-660
-970
-1319
-1734
-2189
-2674
-3213
-3788
-4393
-5028