1199804
1174816
1149827
1124839
1099850
1074862
1049873
1024885
999896
974908
949919
924931
899942
874954
849965
824977
799988
775000
750011
725023
700034
675046
650057
625069
600080
575092
550103
525115
500126
475138
450149
425161
400172
375184
350195
325207
300218
275230
250241
225253
200264
175276
150287
125299
100310
75322
50333
25345
356
-24631
356
25345
50333
75322
100310
125299
150287
175276
200264
225253
250241
275230
300218
325207
350195
375184
400172
425161
450149
475138
500126
525115
550103
575092
600080
625069
650057
675046
700034
725023
750011
775000
799988
824977
849965
874954
899942
924931
949919
974908
999896
1024885
1049873
1074862
1099850
1124839
1149827
1174816
1199804
1224793
-6527
-5437
-4213
-2989
-1854
-840
31
767
1372
1872
2277
2612
2882
3107
3307
3462
3587
3692
3772
3837
3877
3922
3952
3977
4002
4012
4027
4037
4047
4057
4067
4072
4072
4077
4082
4077
4077
4072
4072
4072
4072
4072
4072
4067
4067
4067
4062
4067
4062
4057
4037
4022
4012
3992
3982
3962
3952
3942
3927
3917
3907
3897
3882
3872
3852
3837
3817
3807
3787
3767
3747
3722
3702
3677
3642
3612
3572
3527
3487
3442
3382
3322
3247
3157
3042
2892
2692
2442
2122
1722
1227
637
-65
-895
-1879
-3014
-4293
-5712
-7251
-8911