1199804
1174816
1149827
1124839
1099850
1074862
1049873
1024885
999896
974908
949919
924931
899942
874954
849965
824977
799988
775000
750011
725023
700034
675046
650057
625069
600080
575092
550103
525115
500126
475138
450149
425161
400172
375184
350195
325207
300218
275230
250241
225253
200264
175276
150287
125299
100310
75322
50333
25345
356
-24631
356
25345
50333
75322
100310
125299
150287
175276
200264
225253
250241
275230
300218
325207
350195
375184
400172
425161
450149
475138
500126
525115
550103
575092
600080
625069
650057
675046
700034
725023
750011
775000
799988
824977
849965
874954
899942
924931
949919
974908
999896
1024885
1049873
1074862
1099850
1124839
1149827
1174816
1199804
1224793
-3993
-4168
-3813
-3228
-2604
-2004
-1469
-1000
-600
-270
-13
186
341
446
521
561
591
611
621
632
642
642
642
642
642
642
647
637
642
642
642
642
637
637
637
642
637
637
642
642
637
642
637
637
637
632
637
637
637
637
626
632
626
616
621
611
606
606
606
601
601
591
596
591
591
591
591
586
576
571
571
571
561
556
551
551
541
531
521
511
501
486
461
436
396
341
266
156
6
-195
-460
-800
-1225
-1749
-2389
-3164
-4093
-5182
-6422
-7806