1199804
1174816
1149827
1124839
1099850
1074862
1049873
1024885
999896
974908
949919
924931
899942
874954
849965
824977
799988
775000
750011
725023
700034
675046
650057
625069
600080
575092
550103
525115
500126
475138
450149
425161
400172
375184
350195
325207
300218
275230
250241
225253
200264
175276
150287
125299
100310
75322
50333
25345
356
-24631
356
25345
50333
75322
100310
125299
150287
175276
200264
225253
250241
275230
300218
325207
350195
375184
400172
425161
450149
475138
500126
525115
550103
575092
600080
625069
650057
675046
700034
725023
750011
775000
799988
824977
849965
874954
899942
924931
949919
974908
999896
1024885
1049873
1074862
1099850
1124839
1149827
1174816
1199804
1224793
-6212
-5177
-3993
-2814
-1724
-750
76
767
1337
1797
2167
2472
2722
2922
3087
3212
3317
3397
3462
3502
3547
3582
3602
3617
3627
3642
3652
3662
3667
3672
3672
3682
3682
3682
3682
3682
3677
3682
3677
3677
3677
3677
3677
3677
3667
3662
3662
3662
3662
3662
3647
3627
3617
3597
3587
3582
3562
3552
3542
3527
3522
3512
3497
3482
3472
3457
3442
3432
3412
3392
3377
3357
3332
3317
3282
3257
3227
3187
3162
3112
3067
3017
2952
2877
2787
2662
2507
2302
2032
1692
1247
707
56
-740
-1689
-2799
-4058
-5467
-7017
-8681