1199804
1174816
1149827
1124839
1099850
1074862
1049873
1024885
999896
974908
949919
924931
899942
874954
849965
824977
799988
775000
750011
725023
700034
675046
650057
625069
600080
575092
550103
525115
500126
475138
450149
425161
400172
375184
350195
325207
300218
275230
250241
225253
200264
175276
150287
125299
100310
75322
50333
25345
356
-24631
356
25345
50333
75322
100310
125299
150287
175276
200264
225253
250241
275230
300218
325207
350195
375184
400172
425161
450149
475138
500126
525115
550103
575092
600080
625069
650057
675046
700034
725023
750011
775000
799988
824977
849965
874954
899942
924931
949919
974908
999896
1024885
1049873
1074862
1099850
1124839
1149827
1174816
1199804
1224793
-4193
-4343
-3953
-3328
-2664
-2034
-1469
-970
-560
-230
36
241
391
496
556
606
632
647
667
667
672
677
677
682
682
677
677
677
677
677
677
677
667
677
667
672
672
672
667
672
672
667
667
667
662
662
677
667
667
667
667
662
657
647
652
642
642
637
642
637
632
632
626
621
621
621
611
616
606
611
606
601
596
591
586
576
571
566
556
546
536
526
501
476
441
391
316
216
66
-140
-410
-765
-1205
-1759
-2439
-3258
-4233
-5372
-6672
-8116