1199877
1174890
1149903
1124917
1099930
1074943
1049956
1024970
999983
974996
950009
925023
900036
875049
850062
825076
800089
775102
750115
725129
700142
675155
650168
625182
600195
575208
550221
525235
500248
475261
450275
425288
400301
375314
350327
325341
300354
275367
250380
225394
200407
175420
150433
125447
100460
75473
50486
25500
513
-24473
513
25500
50486
75473
100460
125447
150433
175420
200407
225394
250380
275367
300354
325341
350327
375314
400301
425288
450275
475261
500248
525235
550221
575208
600195
625182
650168
675155
700142
725129
750115
775102
800089
825076
850062
875049
900036
925023
950009
974996
999983
1024970
1049956
1074943
1099930
1124917
1149903
1174890
1199877
1224864
-4150
-3595
-3015
-2440
-1875
-1345
-835
-360
70
460
795
1090
1351
1561
1726
1866
1966
2046
2111
2156
2186
2211
2226
2246
2256
2256
2266
2266
2266
2271
2266
2266
2266
2266
2261
2261
2256
2256
2246
2246
2246
2246
2236
2236
2236
2231
2236
2231
2231
2226
2196
2176
2161
2156
2141
2141
2136
2131
2121
2111
2106
2101
2086
2086
2071
2066
2056
2046
2041
2021
2016
2001
1991
1971
1951
1941
1916
1896
1866
1831
1791
1756
1696
1616
1521
1401
1241
1040
780
480
115
-300
-765
-1290
-1845
-2445
-3075
-3740
-4435
-5155