1199804
1174816
1149827
1124839
1099850
1074862
1049873
1024885
999896
974908
949919
924931
899942
874954
849965
824977
799988
775000
750011
725023
700034
675046
650057
625069
600080
575092
550103
525115
500126
475138
450149
425161
400172
375184
350195
325207
300218
275230
250241
225253
200264
175276
150287
125299
100310
75322
50333
25345
356
-24631
356
25345
50333
75322
100310
125299
150287
175276
200264
225253
250241
275230
300218
325207
350195
375184
400172
425161
450149
475138
500126
525115
550103
575092
600080
625069
650057
675046
700034
725023
750011
775000
799988
824977
849965
874954
899942
924931
949919
974908
999896
1024885
1049873
1074862
1099850
1124839
1149827
1174816
1199804
1224793
-7022
-5632
-4583
-3618
-2719
-1854
-1050
-290
396
1027
1577
2062
2467
2807
3077
3287
3462
3597
3702
3782
3837
3887
3912
3937
3952
3952
3947
3937
3917
3882
3857
3822
3797
3757
3727
3687
3652
3632
3607
3577
3557
3542
3517
3512
3497
3487
3472
3462
3452
3447
3287
3197
3147
3107
3072
3037
3012
2997
2967
2947
2932
2907
2887
2862
2827
2807
2777
2752
2722
2687
2652
2612
2572
2542
2492
2452
2402
2352
2297
2247
2182
2117
2037
1952
1837
1692
1497
1247
932
531
86
-450
-1060
-1729
-2459
-3233
-4053
-4923
-5812
-6742