1199804
1174816
1149827
1124839
1099850
1074862
1049873
1024885
999896
974908
949919
924931
899942
874954
849965
824977
799988
775000
750011
725023
700034
675046
650057
625069
600080
575092
550103
525115
500126
475138
450149
425161
400172
375184
350195
325207
300218
275230
250241
225253
200264
175276
150287
125299
100310
75322
50333
25345
356
-24631
356
25345
50333
75322
100310
125299
150287
175276
200264
225253
250241
275230
300218
325207
350195
375184
400172
425161
450149
475138
500126
525115
550103
575092
600080
625069
650057
675046
700034
725023
750011
775000
799988
824977
849965
874954
899942
924931
949919
974908
999896
1024885
1049873
1074862
1099850
1124839
1149827
1174816
1199804
1224793
-4948
-4113
-3378
-2654
-1954
-1304
-695
-155
316
722
1062
1327
1537
1687
1787
1872
1927
1967
1987
2002
2022
2027
2027
2027
2027
2017
2012
2007
2002
1992
1982
1972
1972
1962
1967
1952
1952
1947
1942
1932
1927
1932
1922
1912
1917
1912
1907
1912
1907
1902
1842
1802
1782
1757
1747
1732
1722
1712
1697
1687
1677
1662
1662
1642
1632
1627
1612
1597
1582
1572
1557
1542
1527
1497
1482
1462
1437
1412
1387
1362
1332
1292
1257
1217
1157
1087
987
852
672
431
126
-260
-730
-1264
-1869
-2544
-3263
-4033
-4843
-5682