1199877
1174890
1149903
1124917
1099930
1074943
1049956
1024970
999983
974996
950009
925023
900036
875049
850062
825076
800089
775102
750115
725129
700142
675155
650168
625182
600195
575208
550221
525235
500248
475261
450275
425288
400301
375314
350327
325341
300354
275367
250380
225394
200407
175420
150433
125447
100460
75473
50486
25500
513
-24473
513
25500
50486
75473
100460
125447
150433
175420
200407
225394
250380
275367
300354
325341
350327
375314
400301
425288
450275
475261
500248
525235
550221
575208
600195
625182
650168
675155
700142
725129
750115
775102
800089
825076
850062
875049
900036
925023
950009
974996
999983
1024970
1049956
1074943
1099930
1124917
1149903
1174890
1199877
1224864
-8610
-7175
-5795
-4510
-3325
-2220
-1220
-305
485
1185
1786
2281
2691
2997
3252
3427
3567
3672
3747
3807
3852
3887
3917
3922
3947
3947
3947
3952
3957
3952
3952
3957
3952
3947
3942
3942
3932
3927
3922
3917
3917
3902
3902
3897
3897
3887
3882
3877
3877
3872
3817
3792
3772
3757
3742
3727
3717
3707
3692
3687
3672
3667
3652
3642
3632
3617
3607
3587
3577
3562
3542
3527
3517
3497
3472
3447
3422
3397
3367
3327
3277
3217
3137
3032
2892
2706
2456
2126
1701
1170
500
-275
-1185
-2205
-3335
-4565
-5895
-7290
-8740
-10250