1199804
1174816
1149827
1124839
1099850
1074862
1049873
1024885
999896
974908
949919
924931
899942
874954
849965
824977
799988
775000
750011
725023
700034
675046
650057
625069
600080
575092
550103
525115
500126
475138
450149
425161
400172
375184
350195
325207
300218
275230
250241
225253
200264
175276
150287
125299
100310
75322
50333
25345
356
-24631
356
25345
50333
75322
100310
125299
150287
175276
200264
225253
250241
275230
300218
325207
350195
375184
400172
425161
450149
475138
500126
525115
550103
575092
600080
625069
650057
675046
700034
725023
750011
775000
799988
824977
849965
874954
899942
924931
949919
974908
999896
1024885
1049873
1074862
1099850
1124839
1149827
1174816
1199804
1224793
-4683
-3993
-3343
-2719
-2114
-1549
-1040
-585
-195
131
391
596
747
862
937
997
1032
1062
1087
1097
1112
1122
1127
1127
1137
1137
1137
1132
1137
1132
1137
1137
1132
1132
1132
1132
1132
1122
1127
1122
1127
1127
1122
1127
1127
1122
1117
1122
1122
1122
1082
1062
1042
1027
1022
1007
1002
992
987
982
972
967
952
947
937
927
922
907
902
897
882
872
857
847
832
817
802
792
767
747
727
697
667
637
586
521
436
316
156
-60
-325
-650
-1045
-1499
-2019
-2589
-3223
-3898
-4623
-5367