1199804
1174816
1149827
1124839
1099850
1074862
1049873
1024885
999896
974908
949919
924931
899942
874954
849965
824977
799988
775000
750011
725023
700034
675046
650057
625069
600080
575092
550103
525115
500126
475138
450149
425161
400172
375184
350195
325207
300218
275230
250241
225253
200264
175276
150287
125299
100310
75322
50333
25345
356
-24631
356
25345
50333
75322
100310
125299
150287
175276
200264
225253
250241
275230
300218
325207
350195
375184
400172
425161
450149
475138
500126
525115
550103
575092
600080
625069
650057
675046
700034
725023
750011
775000
799988
824977
849965
874954
899942
924931
949919
974908
999896
1024885
1049873
1074862
1099850
1124839
1149827
1174816
1199804
1224793
-6582
-5257
-4288
-3388
-2534
-1719
-950
-240
401
977
1482
1912
2272
2557
2782
2967
3102
3212
3297
3352
3402
3432
3452
3472
3477
3467
3467
3442
3422
3397
3362
3337
3312
3282
3257
3237
3207
3187
3172
3157
3137
3122
3112
3102
3092
3082
3077
3072
3067
3057
2932
2852
2807
2777
2747
2717
2702
2677
2662
2647
2622
2602
2587
2567
2547
2522
2502
2482
2457
2422
2397
2362
2327
2297
2257
2212
2182
2142
2097
2042
1992
1932
1867
1792
1697
1572
1417
1192
912
561
141
-365
-940
-1584
-2289
-3044
-3848
-4693
-5587
-6502