1199804
1174816
1149827
1124839
1099850
1074862
1049873
1024885
999896
974908
949919
924931
899942
874954
849965
824977
799988
775000
750011
725023
700034
675046
650057
625069
600080
575092
550103
525115
500126
475138
450149
425161
400172
375184
350195
325207
300218
275230
250241
225253
200264
175276
150287
125299
100310
75322
50333
25345
356
-24631
356
25345
50333
75322
100310
125299
150287
175276
200264
225253
250241
275230
300218
325207
350195
375184
400172
425161
450149
475138
500126
525115
550103
575092
600080
625069
650057
675046
700034
725023
750011
775000
799988
824977
849965
874954
899942
924931
949919
974908
999896
1024885
1049873
1074862
1099850
1124839
1149827
1174816
1199804
1224793
-5073
-4193
-3423
-2689
-1974
-1299
-680
-120
376
807
1157
1442
1657
1817
1937
2032
2082
2132
2162
2177
2192
2197
2202
2197
2197
2192
2182
2172
2162
2152
2142
2132
2127
2112
2112
2102
2097
2097
2087
2077
2077
2067
2072
2062
2057
2057
2057
2052
2052
2042
1972
1932
1912
1887
1877
1867
1847
1837
1827
1812
1802
1792
1782
1767
1757
1747
1737
1717
1702
1692
1667
1652
1632
1612
1592
1572
1552
1522
1492
1462
1432
1392
1357
1297
1237
1167
1067
927
732
486
166
-230
-710
-1260
-1879
-2559
-3293
-4073
-4893
-5747