1199804
1174816
1149827
1124839
1099850
1074862
1049873
1024885
999896
974908
949919
924931
899942
874954
849965
824977
799988
775000
750011
725023
700034
675046
650057
625069
600080
575092
550103
525115
500126
475138
450149
425161
400172
375184
350195
325207
300218
275230
250241
225253
200264
175276
150287
125299
100310
75322
50333
25345
356
-24631
356
25345
50333
75322
100310
125299
150287
175276
200264
225253
250241
275230
300218
325207
350195
375184
400172
425161
450149
475138
500126
525115
550103
575092
600080
625069
650057
675046
700034
725023
750011
775000
799988
824977
849965
874954
899942
924931
949919
974908
999896
1024885
1049873
1074862
1099850
1124839
1149827
1174816
1199804
1224793
-5127
-4263
-3383
-2534
-1709
-905
-150
566
1247
1872
2452
2962
3432
3832
4187
4487
4762
4982
5162
5327
5462
5572
5667
5747
5807
5862
5912
5942
5977
6007
6027
6052
6082
6097
6117
6132
6147
6162
6167
6182
6192
6197
6212
6222
6227
6237
6242
6247
6257
6267
6197
6137
6097
6052
6007
5962
5927
5877
5837
5797
5757
5722
5682
5637
5597
5552
5517
5467
5417
5367
5317
5262
5197
5137
5062
4982
4887
4787
4667
4532
4382
4212
4007
3762
3487
3167
2797
2372
1907
1392
837
241
-400
-1095
-1809
-2574
-3363
-4188
-5033
-5902