1199804
1174816
1149827
1124839
1099850
1074862
1049873
1024885
999896
974908
949919
924931
899942
874954
849965
824977
799988
775000
750011
725023
700034
675046
650057
625069
600080
575092
550103
525115
500126
475138
450149
425161
400172
375184
350195
325207
300218
275230
250241
225253
200264
175276
150287
125299
100310
75322
50333
25345
356
-24631
356
25345
50333
75322
100310
125299
150287
175276
200264
225253
250241
275230
300218
325207
350195
375184
400172
425161
450149
475138
500126
525115
550103
575092
600080
625069
650057
675046
700034
725023
750011
775000
799988
824977
849965
874954
899942
924931
949919
974908
999896
1024885
1049873
1074862
1099850
1124839
1149827
1174816
1199804
1224793
-5407
-4808
-4148
-3468
-2794
-2134
-1489
-870
-275
281
802
1292
1742
2132
2477
2762
2982
3167
3307
3407
3492
3567
3622
3667
3712
3747
3772
3807
3827
3842
3867
3882
3902
3912
3937
3952
3962
3972
3982
3997
4012
4022
4032
4037
4052
4067
4077
4087
4087
4107
4057
4017
3992
3962
3937
3907
3882
3852
3827
3802
3777
3752
3727
3707
3672
3657
3632
3602
3577
3557
3522
3497
3467
3437
3397
3357
3312
3262
3207
3137
3047
2952
2822
2657
2437
2157
1817
1417
962
451
-100
-695
-1339
-2019
-2739
-3488
-4278
-5083
-5927
-6787