1199804
1174816
1149827
1124839
1099850
1074862
1049873
1024885
999896
974908
949919
924931
899942
874954
849965
824977
799988
775000
750011
725023
700034
675046
650057
625069
600080
575092
550103
525115
500126
475138
450149
425161
400172
375184
350195
325207
300218
275230
250241
225253
200264
175276
150287
125299
100310
75322
50333
25345
356
-24631
356
25345
50333
75322
100310
125299
150287
175276
200264
225253
250241
275230
300218
325207
350195
375184
400172
425161
450149
475138
500126
525115
550103
575092
600080
625069
650057
675046
700034
725023
750011
775000
799988
824977
849965
874954
899942
924931
949919
974908
999896
1024885
1049873
1074862
1099850
1124839
1149827
1174816
1199804
1224793
-6017
-5437
-4778
-4093
-3423
-2774
-2144
-1519
-930
-375
146
621
1057
1442
1762
2022
2217
2367
2477
2557
2622
2672
2707
2737
2762
2782
2802
2817
2832
2847
2862
2872
2882
2887
2902
2912
2917
2922
2932
2942
2947
2957
2967
2972
2982
2987
2987
3002
3002
3012
2972
2942
2932
2912
2892
2867
2857
2832
2817
2807
2787
2772
2762
2737
2727
2707
2692
2677
2662
2642
2627
2612
2582
2567
2552
2527
2492
2462
2422
2372
2307
2237
2132
1992
1802
1547
1227
822
381
-115
-665
-1264
-1919
-2599
-3328
-4083
-4878
-5692
-6527
-7391