1199804
1174816
1149827
1124839
1099850
1074862
1049873
1024885
999896
974908
949919
924931
899942
874954
849965
824977
799988
775000
750011
725023
700034
675046
650057
625069
600080
575092
550103
525115
500126
475138
450149
425161
400172
375184
350195
325207
300218
275230
250241
225253
200264
175276
150287
125299
100310
75322
50333
25345
356
-24631
356
25345
50333
75322
100310
125299
150287
175276
200264
225253
250241
275230
300218
325207
350195
375184
400172
425161
450149
475138
500126
525115
550103
575092
600080
625069
650057
675046
700034
725023
750011
775000
799988
824977
849965
874954
899942
924931
949919
974908
999896
1024885
1049873
1074862
1099850
1124839
1149827
1174816
1199804
1224793
-3848
-4028
-3693
-3139
-2539
-1969
-1449
-990
-610
-280
-30
171
326
431
496
546
581
596
611
616
621
621
621
626
626
626
621
621
621
626
626
621
621
621
621
616
621
621
616
621
621
621
621
621
616
621
621
621
621
621
621
611
611
601
601
606
591
591
586
591
586
581
586
576
581
571
571
571
566
556
561
551
551
541
536
531
526
516
506
496
481
466
451
416
381
321
246
141
-8
-210
-470
-795
-1210
-1719
-2339
-3094
-3993
-5043
-6247
-7596