1199804
1174816
1149827
1124839
1099850
1074862
1049873
1024885
999896
974908
949919
924931
899942
874954
849965
824977
799988
775000
750011
725023
700034
675046
650057
625069
600080
575092
550103
525115
500126
475138
450149
425161
400172
375184
350195
325207
300218
275230
250241
225253
200264
175276
150287
125299
100310
75322
50333
25345
356
-24631
356
25345
50333
75322
100310
125299
150287
175276
200264
225253
250241
275230
300218
325207
350195
375184
400172
425161
450149
475138
500126
525115
550103
575092
600080
625069
650057
675046
700034
725023
750011
775000
799988
824977
849965
874954
899942
924931
949919
974908
999896
1024885
1049873
1074862
1099850
1124839
1149827
1174816
1199804
1224793
-4618
-4638
-4153
-3453
-2719
-2024
-1409
-890
-455
-115
156
356
496
596
662
697
727
747
757
757
767
762
767
767
767
762
757
767
762
757
757
757
757
752
752
747
752
752
747
752
747
752
752
747
747
752
747
747
747
747
737
732
727
722
722
717
717
717
712
712
707
702
707
702
692
692
692
692
682
682
682
677
667
657
657
647
652
642
637
621
611
601
581
556
531
481
421
331
176
-13
-290
-660
-1125
-1714
-2439
-3313
-4363
-5577
-6952
-8471