1199804
1174816
1149827
1124839
1099850
1074862
1049873
1024885
999896
974908
949919
924931
899942
874954
849965
824977
799988
775000
750011
725023
700034
675046
650057
625069
600080
575092
550103
525115
500126
475138
450149
425161
400172
375184
350195
325207
300218
275230
250241
225253
200264
175276
150287
125299
100310
75322
50333
25345
356
-24631
356
25345
50333
75322
100310
125299
150287
175276
200264
225253
250241
275230
300218
325207
350195
375184
400172
425161
450149
475138
500126
525115
550103
575092
600080
625069
650057
675046
700034
725023
750011
775000
799988
824977
849965
874954
899942
924931
949919
974908
999896
1024885
1049873
1074862
1099850
1124839
1149827
1174816
1199804
1224793
-4603
-3953
-3338
-2749
-2199
-1694
-1230
-810
-450
-145
106
286
436
541
621
667
707
732
752
767
782
782
792
797
797
802
802
802
802
802
807
802
802
802
807
797
802
797
802
797
797
802
802
807
802
802
807
807
807
812
787
762
752
732
727
722
717
707
702
692
687
682
677
667
667
657
652
642
637
626
626
611
596
591
581
576
556
541
526
516
496
471
441
406
356
291
201
76
-95
-305
-560
-880
-1245
-1664
-2144
-2659
-3223
-3833
-4478
-5147