1199804
1174816
1149827
1124839
1099850
1074862
1049873
1024885
999896
974908
949919
924931
899942
874954
849965
824977
799988
775000
750011
725023
700034
675046
650057
625069
600080
575092
550103
525115
500126
475138
450149
425161
400172
375184
350195
325207
300218
275230
250241
225253
200264
175276
150287
125299
100310
75322
50333
25345
356
-24631
356
25345
50333
75322
100310
125299
150287
175276
200264
225253
250241
275230
300218
325207
350195
375184
400172
425161
450149
475138
500126
525115
550103
575092
600080
625069
650057
675046
700034
725023
750011
775000
799988
824977
849965
874954
899942
924931
949919
974908
999896
1024885
1049873
1074862
1099850
1124839
1149827
1174816
1199804
1224793
-6837
-5737
-4478
-3213
-2039
-975
-55
712
1352
1872
2297
2642
2927
3167
3362
3537
3672
3772
3862
3922
3982
4017
4047
4077
4102
4122
4137
4152
4162
4172
4177
4182
4197
4202
4197
4202
4197
4197
4192
4197
4192
4187
4192
4192
4197
4187
4187
4182
4182
4177
4157
4132
4122
4107
4092
4087
4072
4057
4047
4037
4022
4007
3992
3987
3967
3947
3937
3912
3892
3877
3852
3827
3807
3777
3747
3707
3672
3627
3582
3532
3467
3402
3322
3212
3092
2922
2717
2437
2097
1672
1157
531
-195
-1065
-2079
-3248
-4563
-6002
-7566
-9240