1199804
1174816
1149827
1124839
1099850
1074862
1049873
1024885
999896
974908
949919
924931
899942
874954
849965
824977
799988
775000
750011
725023
700034
675046
650057
625069
600080
575092
550103
525115
500126
475138
450149
425161
400172
375184
350195
325207
300218
275230
250241
225253
200264
175276
150287
125299
100310
75322
50333
25345
356
-24631
356
25345
50333
75322
100310
125299
150287
175276
200264
225253
250241
275230
300218
325207
350195
375184
400172
425161
450149
475138
500126
525115
550103
575092
600080
625069
650057
675046
700034
725023
750011
775000
799988
824977
849965
874954
899942
924931
949919
974908
999896
1024885
1049873
1074862
1099850
1124839
1149827
1174816
1199804
1224793
-5417
-4683
-3903
-3109
-2299
-1509
-720
36
757
1447
2097
2702
3257
3747
4177
4557
4887
5152
5397
5592
5762
5897
6017
6112
6192
6257
6322
6372
6417
6452
6482
6507
6532
6552
6577
6592
6622
6632
6642
6657
6672
6682
6687
6702
6712
6717
6727
6742
6752
6762
6687
6622
6562
6517
6467
6427
6377
6332
6287
6237
6202
6147
6097
6057
6002
5957
5902
5852
5802
5737
5672
5597
5522
5437
5342
5237
5122
4992
4847
4677
4487
4272
4027
3737
3407
3032
2607
2132
1607
1047
436
-190
-875
-1594
-2339
-3114
-3913
-4738
-5582
-6442