1199804
1174816
1149827
1124839
1099850
1074862
1049873
1024885
999896
974908
949919
924931
899942
874954
849965
824977
799988
775000
750011
725023
700034
675046
650057
625069
600080
575092
550103
525115
500126
475138
450149
425161
400172
375184
350195
325207
300218
275230
250241
225253
200264
175276
150287
125299
100310
75322
50333
25345
356
-24631
356
25345
50333
75322
100310
125299
150287
175276
200264
225253
250241
275230
300218
325207
350195
375184
400172
425161
450149
475138
500126
525115
550103
575092
600080
625069
650057
675046
700034
725023
750011
775000
799988
824977
849965
874954
899942
924931
949919
974908
999896
1024885
1049873
1074862
1099850
1124839
1149827
1174816
1199804
1224793
-4523
-3713
-2949
-2214
-1504
-815
-175
441
1017
1547
2042
2487
2892
3257
3582
3872
4117
4327
4502
4647
4762
4867
4947
5012
5072
5122
5162
5202
5227
5262
5282
5302
5322
5342
5362
5372
5397
5402
5417
5432
5437
5442
5447
5462
5472
5482
5492
5502
5507
5517
5457
5407
5362
5327
5287
5247
5217
5177
5142
5112
5072
5037
5002
4967
4932
4892
4862
4822
4787
4747
4717
4662
4612
4557
4502
4432
4362
4282
4187
4082
3957
3812
3637
3432
3187
2892
2572
2187
1762
1312
807
266
-320
-945
-1619
-2324
-3069
-3838
-4643
-5472