1199804
1174816
1149827
1124839
1099850
1074862
1049873
1024885
999896
974908
949919
924931
899942
874954
849965
824977
799988
775000
750011
725023
700034
675046
650057
625069
600080
575092
550103
525115
500126
475138
450149
425161
400172
375184
350195
325207
300218
275230
250241
225253
200264
175276
150287
125299
100310
75322
50333
25345
356
-24631
356
25345
50333
75322
100310
125299
150287
175276
200264
225253
250241
275230
300218
325207
350195
375184
400172
425161
450149
475138
500126
525115
550103
575092
600080
625069
650057
675046
700034
725023
750011
775000
799988
824977
849965
874954
899942
924931
949919
974908
999896
1024885
1049873
1074862
1099850
1124839
1149827
1174816
1199804
1224793
-6052
-5487
-4833
-4168
-3503
-2869
-2244
-1624
-1040
-490
31
511
942
1312
1627
1877
2077
2222
2332
2407
2467
2512
2547
2572
2597
2612
2632
2647
2662
2672
2687
2692
2702
2712
2722
2727
2742
2742
2752
2762
2772
2777
2777
2787
2792
2802
2807
2817
2822
2827
2792
2767
2752
2732
2712
2697
2682
2667
2652
2637
2622
2607
2592
2577
2562
2547
2537
2522
2507
2492
2477
2457
2437
2422
2397
2372
2352
2312
2287
2242
2182
2107
2002
1862
1672
1422
1097
717
271
-220
-775
-1364
-2014
-2699
-3418
-4178
-4963
-5782
-6617
-7476