1199804
1174816
1149827
1124839
1099850
1074862
1049873
1024885
999896
974908
949919
924931
899942
874954
849965
824977
799988
775000
750011
725023
700034
675046
650057
625069
600080
575092
550103
525115
500126
475138
450149
425161
400172
375184
350195
325207
300218
275230
250241
225253
200264
175276
150287
125299
100310
75322
50333
25345
356
-24631
356
25345
50333
75322
100310
125299
150287
175276
200264
225253
250241
275230
300218
325207
350195
375184
400172
425161
450149
475138
500126
525115
550103
575092
600080
625069
650057
675046
700034
725023
750011
775000
799988
824977
849965
874954
899942
924931
949919
974908
999896
1024885
1049873
1074862
1099850
1124839
1149827
1174816
1199804
1224793
-4808
-4643
-4088
-3343
-2579
-1859
-1225
-690
-260
76
326
511
637
722
782
817
837
857
867
862
867
867
872
862
867
862
862
857
862
857
852
852
852
852
847
847
852
847
842
847
847
847
847
842
847
842
842
837
847
847
837
827
827
822
817
817
812
807
807
802
807
802
802
797
792
792
782
782
782
772
767
767
757
752
752
747
742
732
727
722
707
702
677
662
642
596
541
461
336
151
-115
-460
-925
-1529
-2279
-3198
-4288
-5552
-6972
-8551