1199804
1174816
1149827
1124839
1099850
1074862
1049873
1024885
999896
974908
949919
924931
899942
874954
849965
824977
799988
775000
750011
725023
700034
675046
650057
625069
600080
575092
550103
525115
500126
475138
450149
425161
400172
375184
350195
325207
300218
275230
250241
225253
200264
175276
150287
125299
100310
75322
50333
25345
356
-24631
356
25345
50333
75322
100310
125299
150287
175276
200264
225253
250241
275230
300218
325207
350195
375184
400172
425161
450149
475138
500126
525115
550103
575092
600080
625069
650057
675046
700034
725023
750011
775000
799988
824977
849965
874954
899942
924931
949919
974908
999896
1024885
1049873
1074862
1099850
1124839
1149827
1174816
1199804
1224793
-5907
-5532
-4973
-4373
-3788
-3218
-2634
-2079
-1559
-1070
-615
-200
161
471
732
932
1087
1192
1277
1322
1357
1387
1407
1417
1442
1447
1462
1472
1472
1487
1492
1497
1502
1512
1512
1517
1522
1527
1532
1532
1537
1542
1547
1547
1552
1557
1552
1562
1562
1567
1547
1532
1512
1502
1497
1487
1477
1467
1457
1447
1437
1427
1417
1412
1407
1397
1392
1382
1372
1362
1352
1342
1332
1317
1297
1282
1267
1247
1232
1192
1152
1097
1027
922
782
586
336
16
-350
-790
-1274
-1814
-2404
-3034
-3698
-4423
-5162
-5927
-6712
-7521