1199804
1174816
1149827
1124839
1099850
1074862
1049873
1024885
999896
974908
949919
924931
899942
874954
849965
824977
799988
775000
750011
725023
700034
675046
650057
625069
600080
575092
550103
525115
500126
475138
450149
425161
400172
375184
350195
325207
300218
275230
250241
225253
200264
175276
150287
125299
100310
75322
50333
25345
356
-24631
356
25345
50333
75322
100310
125299
150287
175276
200264
225253
250241
275230
300218
325207
350195
375184
400172
425161
450149
475138
500126
525115
550103
575092
600080
625069
650057
675046
700034
725023
750011
775000
799988
824977
849965
874954
899942
924931
949919
974908
999896
1024885
1049873
1074862
1099850
1124839
1149827
1174816
1199804
1224793
-4758
-4338
-3733
-2929
-2069
-1255
-550
21
461
787
1032
1197
1317
1402
1452
1487
1517
1532
1537
1537
1537
1532
1537
1527
1527
1527
1522
1522
1517
1522
1517
1517
1517
1517
1517
1512
1517
1512
1512
1512
1517
1512
1512
1512
1512
1512
1512
1502
1507
1512
1492
1487
1477
1477
1467
1452
1457
1447
1442
1442
1442
1437
1432
1427
1417
1412
1412
1407
1402
1397
1392
1377
1372
1362
1357
1347
1337
1317
1307
1297
1282
1262
1242
1222
1197
1152
1107
1037
937
792
576
256
-200
-825
-1659
-2709
-3983
-5442
-7071
-8826