1199804
1174816
1149827
1124839
1099850
1074862
1049873
1024885
999896
974908
949919
924931
899942
874954
849965
824977
799988
775000
750011
725023
700034
675046
650057
625069
600080
575092
550103
525115
500126
475138
450149
425161
400172
375184
350195
325207
300218
275230
250241
225253
200264
175276
150287
125299
100310
75322
50333
25345
356
-24631
356
25345
50333
75322
100310
125299
150287
175276
200264
225253
250241
275230
300218
325207
350195
375184
400172
425161
450149
475138
500126
525115
550103
575092
600080
625069
650057
675046
700034
725023
750011
775000
799988
824977
849965
874954
899942
924931
949919
974908
999896
1024885
1049873
1074862
1099850
1124839
1149827
1174816
1199804
1224793
-4658
-3878
-3144
-2419
-1719
-1045
-405
206
777
1312
1807
2262
2672
3052
3382
3667
3922
4127
4302
4442
4557
4652
4737
4802
4852
4907
4942
4977
5012
5042
5067
5087
5107
5127
5142
5162
5172
5182
5197
5207
5212
5227
5242
5252
5267
5272
5282
5287
5292
5307
5247
5202
5157
5122
5077
5052
5012
4977
4937
4907
4872
4837
4807
4777
4737
4707
4672
4632
4592
4557
4512
4477
4427
4377
4322
4267
4197
4117
4027
3927
3802
3667
3502
3302
3057
2767
2432
2047
1627
1152
642
101
-495
-1135
-1804
-2519
-3273
-4058
-4863
-5702