1199804
1174816
1149827
1124839
1099850
1074862
1049873
1024885
999896
974908
949919
924931
899942
874954
849965
824977
799988
775000
750011
725023
700034
675046
650057
625069
600080
575092
550103
525115
500126
475138
450149
425161
400172
375184
350195
325207
300218
275230
250241
225253
200264
175276
150287
125299
100310
75322
50333
25345
356
-24631
356
25345
50333
75322
100310
125299
150287
175276
200264
225253
250241
275230
300218
325207
350195
375184
400172
425161
450149
475138
500126
525115
550103
575092
600080
625069
650057
675046
700034
725023
750011
775000
799988
824977
849965
874954
899942
924931
949919
974908
999896
1024885
1049873
1074862
1099850
1124839
1149827
1174816
1199804
1224793
-4508
-3913
-3343
-2799
-2284
-1804
-1369
-975
-635
-345
-105
76
216
321
396
446
486
501
526
536
546
556
556
561
566
561
566
571
566
571
566
566
576
571
571
576
576
576
571
576
576
581
581
576
581
581
586
586
581
581
561
561
546
541
531
526
521
516
506
506
506
496
491
491
486
486
476
471
466
461
451
446
441
431
421
416
406
391
376
366
356
326
301
261
216
146
51
-75
-235
-450
-715
-1025
-1384
-1789
-2239
-2734
-3268
-3843
-4443
-5083