1199804
1174816
1149827
1124839
1099850
1074862
1049873
1024885
999896
974908
949919
924931
899942
874954
849965
824977
799988
775000
750011
725023
700034
675046
650057
625069
600080
575092
550103
525115
500126
475138
450149
425161
400172
375184
350195
325207
300218
275230
250241
225253
200264
175276
150287
125299
100310
75322
50333
25345
356
-24631
356
25345
50333
75322
100310
125299
150287
175276
200264
225253
250241
275230
300218
325207
350195
375184
400172
425161
450149
475138
500126
525115
550103
575092
600080
625069
650057
675046
700034
725023
750011
775000
799988
824977
849965
874954
899942
924931
949919
974908
999896
1024885
1049873
1074862
1099850
1124839
1149827
1174816
1199804
1224793
-3613
-3793
-3493
-2979
-2424
-1889
-1394
-970
-605
-290
-50
141
291
396
471
516
551
566
581
591
591
601
601
606
596
601
601
606
606
606
596
601
596
601
591
606
601
601
596
601
601
596
601
596
596
601
601
596
601
601
596
586
586
576
581
576
576
571
571
566
566
561
561
556
556
551
546
546
541
541
531
531
526
516
516
511
501
491
481
471
456
441
426
386
351
291
216
106
-40
-230
-480
-790
-1180
-1659
-2239
-2949
-3788
-4773
-5902
-7161