1199804
1174816
1149827
1124839
1099850
1074862
1049873
1024885
999896
974908
949919
924931
899942
874954
849965
824977
799988
775000
750011
725023
700034
675046
650057
625069
600080
575092
550103
525115
500126
475138
450149
425161
400172
375184
350195
325207
300218
275230
250241
225253
200264
175276
150287
125299
100310
75322
50333
25345
356
-24631
356
25345
50333
75322
100310
125299
150287
175276
200264
225253
250241
275230
300218
325207
350195
375184
400172
425161
450149
475138
500126
525115
550103
575092
600080
625069
650057
675046
700034
725023
750011
775000
799988
824977
849965
874954
899942
924931
949919
974908
999896
1024885
1049873
1074862
1099850
1124839
1149827
1174816
1199804
1224793
-4453
-3868
-3298
-2764
-2254
-1779
-1349
-960
-620
-335
-100
86
226
336
411
461
491
516
541
546
556
566
566
576
576
581
576
576
586
586
581
581
581
581
581
576
581
581
586
586
591
586
586
591
591
596
596
591
596
596
576
566
556
546
541
541
536
526
516
511
511
506
506
501
501
486
486
481
481
466
466
456
441
436
431
421
411
401
391
371
356
331
306
271
226
151
61
-65
-235
-445
-700
-1010
-1369
-1769
-2209
-2694
-3228
-3783
-4378
-4998