1199804
1174816
1149827
1124839
1099850
1074862
1049873
1024885
999896
974908
949919
924931
899942
874954
849965
824977
799988
775000
750011
725023
700034
675046
650057
625069
600080
575092
550103
525115
500126
475138
450149
425161
400172
375184
350195
325207
300218
275230
250241
225253
200264
175276
150287
125299
100310
75322
50333
25345
356
-24631
356
25345
50333
75322
100310
125299
150287
175276
200264
225253
250241
275230
300218
325207
350195
375184
400172
425161
450149
475138
500126
525115
550103
575092
600080
625069
650057
675046
700034
725023
750011
775000
799988
824977
849965
874954
899942
924931
949919
974908
999896
1024885
1049873
1074862
1099850
1124839
1149827
1174816
1199804
1224793
-4818
-4758
-4228
-3483
-2709
-2004
-1369
-830
-390
-45
211
411
561
647
712
752
782
792
802
812
812
807
807
807
807
797
807
802
802
797
802
797
792
792
797
792
792
787
787
787
787
792
787
787
787
782
787
787
787
787
777
777
772
762
767
762
762
762
747
747
747
747
742
737
737
732
727
727
727
717
712
707
707
702
697
687
687
682
667
667
657
637
626
596
566
531
476
376
241
51
-225
-585
-1055
-1654
-2394
-3288
-4363
-5602
-7002
-8556