1199804
1174816
1149827
1124839
1099850
1074862
1049873
1024885
999896
974908
949919
924931
899942
874954
849965
824977
799988
775000
750011
725023
700034
675046
650057
625069
600080
575092
550103
525115
500126
475138
450149
425161
400172
375184
350195
325207
300218
275230
250241
225253
200264
175276
150287
125299
100310
75322
50333
25345
356
-24631
356
25345
50333
75322
100310
125299
150287
175276
200264
225253
250241
275230
300218
325207
350195
375184
400172
425161
450149
475138
500126
525115
550103
575092
600080
625069
650057
675046
700034
725023
750011
775000
799988
824977
849965
874954
899942
924931
949919
974908
999896
1024885
1049873
1074862
1099850
1124839
1149827
1174816
1199804
1224793
-6162
-5637
-5028
-4403
-3783
-3174
-2569
-1989
-1414
-880
-395
71
486
847
1152
1407
1602
1742
1847
1922
1967
2012
2042
2062
2077
2097
2112
2122
2132
2142
2152
2157
2167
2177
2182
2187
2202
2202
2207
2217
2222
2217
2227
2232
2232
2242
2247
2247
2257
2262
2232
2217
2197
2182
2167
2152
2137
2132
2117
2107
2087
2082
2067
2057
2037
2032
2027
2007
2002
1982
1972
1957
1937
1932
1907
1887
1872
1847
1812
1767
1717
1647
1547
1407
1217
977
672
311
-120
-585
-1110
-1684
-2304
-2964
-3668
-4413
-5187
-5987
-6812
-7641