1199804
1174816
1149827
1124839
1099850
1074862
1049873
1024885
999896
974908
949919
924931
899942
874954
849965
824977
799988
775000
750011
725023
700034
675046
650057
625069
600080
575092
550103
525115
500126
475138
450149
425161
400172
375184
350195
325207
300218
275230
250241
225253
200264
175276
150287
125299
100310
75322
50333
25345
356
-24631
356
25345
50333
75322
100310
125299
150287
175276
200264
225253
250241
275230
300218
325207
350195
375184
400172
425161
450149
475138
500126
525115
550103
575092
600080
625069
650057
675046
700034
725023
750011
775000
799988
824977
849965
874954
899942
924931
949919
974908
999896
1024885
1049873
1074862
1099850
1124839
1149827
1174816
1199804
1224793
-4518
-3873
-3263
-2699
-2169
-1669
-1220
-815
-470
-165
81
271
421
531
611
662
697
722
747
762
772
782
782
782
787
792
792
797
797
797
792
797
792
797
792
792
792
792
787
792
792
787
792
792
797
787
797
797
797
802
767
752
737
732
722
707
707
697
692
687
677
677
667
662
657
647
642
637
621
616
611
596
596
586
571
561
551
536
521
506
481
461
436
401
346
281
191
66
-100
-315
-570
-885
-1245
-1659
-2109
-2614
-3154
-3733
-4348
-4998