1199804
1174816
1149827
1124839
1099850
1074862
1049873
1024885
999896
974908
949919
924931
899942
874954
849965
824977
799988
775000
750011
725023
700034
675046
650057
625069
600080
575092
550103
525115
500126
475138
450149
425161
400172
375184
350195
325207
300218
275230
250241
225253
200264
175276
150287
125299
100310
75322
50333
25345
356
-24631
356
25345
50333
75322
100310
125299
150287
175276
200264
225253
250241
275230
300218
325207
350195
375184
400172
425161
450149
475138
500126
525115
550103
575092
600080
625069
650057
675046
700034
725023
750011
775000
799988
824977
849965
874954
899942
924931
949919
974908
999896
1024885
1049873
1074862
1099850
1124839
1149827
1174816
1199804
1224793
-4593
-3943
-3323
-2734
-2184
-1669
-1200
-785
-420
-125
131
321
461
571
647
697
737
762
782
797
807
817
822
827
827
827
837
832
827
837
832
832
827
832
837
827
827
832
827
827
832
827
827
832
832
832
837
837
832
832
807
787
767
762
752
742
737
727
732
717
712
707
697
692
687
677
672
672
652
647
647
632
626
611
601
591
576
561
546
531
516
491
461
426
376
316
221
101
-65
-275
-535
-855
-1220
-1644
-2119
-2639
-3208
-3818
-4463
-5147