1199804
1174816
1149827
1124839
1099850
1074862
1049873
1024885
999896
974908
949919
924931
899942
874954
849965
824977
799988
775000
750011
725023
700034
675046
650057
625069
600080
575092
550103
525115
500126
475138
450149
425161
400172
375184
350195
325207
300218
275230
250241
225253
200264
175276
150287
125299
100310
75322
50333
25345
356
-24631
356
25345
50333
75322
100310
125299
150287
175276
200264
225253
250241
275230
300218
325207
350195
375184
400172
425161
450149
475138
500126
525115
550103
575092
600080
625069
650057
675046
700034
725023
750011
775000
799988
824977
849965
874954
899942
924931
949919
974908
999896
1024885
1049873
1074862
1099850
1124839
1149827
1174816
1199804
1224793
-4673
-3978
-3333
-2704
-2099
-1534
-1015
-560
-165
161
426
632
787
897
982
1037
1077
1102
1127
1147
1162
1162
1167
1177
1177
1177
1182
1182
1177
1182
1182
1177
1177
1172
1172
1172
1167
1162
1162
1162
1162
1157
1167
1162
1167
1162
1162
1162
1157
1167
1117
1097
1082
1067
1057
1047
1037
1027
1022
1017
1007
1002
992
982
977
967
957
947
942
927
922
902
897
882
872
852
832
817
802
772
757
737
702
662
616
556
466
351
191
-30
-290
-625
-1020
-1479
-1999
-2574
-3213
-3888
-4603
-5352