1199804
1174816
1149827
1124839
1099850
1074862
1049873
1024885
999896
974908
949919
924931
899942
874954
849965
824977
799988
775000
750011
725023
700034
675046
650057
625069
600080
575092
550103
525115
500126
475138
450149
425161
400172
375184
350195
325207
300218
275230
250241
225253
200264
175276
150287
125299
100310
75322
50333
25345
356
-24631
356
25345
50333
75322
100310
125299
150287
175276
200264
225253
250241
275230
300218
325207
350195
375184
400172
425161
450149
475138
500126
525115
550103
575092
600080
625069
650057
675046
700034
725023
750011
775000
799988
824977
849965
874954
899942
924931
949919
974908
999896
1024885
1049873
1074862
1099850
1124839
1149827
1174816
1199804
1224793
-5447
-4858
-4203
-3528
-2844
-2194
-1549
-920
-335
216
747
1242
1682
2077
2412
2692
2917
3092
3227
3337
3412
3472
3532
3582
3617
3652
3677
3707
3732
3747
3767
3787
3802
3817
3837
3852
3867
3877
3887
3897
3907
3922
3932
3947
3957
3967
3972
3982
3992
4002
3962
3922
3892
3867
3837
3812
3792
3762
3737
3712
3692
3662
3642
3622
3587
3572
3547
3517
3502
3472
3442
3417
3387
3357
3327
3282
3242
3197
3132
3067
2992
2892
2767
2602
2387
2117
1782
1367
912
396
-155
-750
-1389
-2079
-2789
-3548
-4328
-5152
-5987
-6842