1199804
1174816
1149827
1124839
1099850
1074862
1049873
1024885
999896
974908
949919
924931
899942
874954
849965
824977
799988
775000
750011
725023
700034
675046
650057
625069
600080
575092
550103
525115
500126
475138
450149
425161
400172
375184
350195
325207
300218
275230
250241
225253
200264
175276
150287
125299
100310
75322
50333
25345
356
-24631
356
25345
50333
75322
100310
125299
150287
175276
200264
225253
250241
275230
300218
325207
350195
375184
400172
425161
450149
475138
500126
525115
550103
575092
600080
625069
650057
675046
700034
725023
750011
775000
799988
824977
849965
874954
899942
924931
949919
974908
999896
1024885
1049873
1074862
1099850
1124839
1149827
1174816
1199804
1224793
-5068
-4928
-4458
-3923
-3373
-2834
-2309
-1804
-1339
-910
-520
-180
111
341
531
677
777
847
902
937
967
977
997
1007
1017
1027
1037
1047
1042
1052
1057
1067
1062
1077
1067
1082
1082
1087
1097
1087
1097
1097
1102
1102
1102
1107
1107
1112
1112
1112
1092
1082
1077
1067
1057
1052
1037
1037
1027
1017
1012
1007
1002
997
987
982
972
967
957
952
942
937
927
912
902
892
887
872
852
822
797
762
712
647
546
416
231
-8
-320
-685
-1110
-1589
-2124
-2704
-3313
-3968
-4653
-5362
-6107
-6857