1199877
1174890
1149903
1124917
1099930
1074943
1049956
1024970
999983
974996
950009
925023
900036
875049
850062
825076
800089
775102
750115
725129
700142
675155
650168
625182
600195
575208
550221
525235
500248
475261
450275
425288
400301
375314
350327
325341
300354
275367
250380
225394
200407
175420
150433
125447
100460
75473
50486
25500
513
-24473
513
25500
50486
75473
100460
125447
150433
175420
200407
225394
250380
275367
300354
325341
350327
375314
400301
425288
450275
475261
500248
525235
550221
575208
600195
625182
650168
675155
700142
725129
750115
775102
800089
825076
850062
875049
900036
925023
950009
974996
999983
1024970
1049956
1074943
1099930
1124917
1149903
1174890
1199877
1224864
-8490
-7085
-5725
-4470
-3305
-2225
-1240
-340
440
1125
1716
2211
2611
2922
3167
3357
3487
3597
3672
3732
3772
3802
3832
3852
3862
3862
3872
3877
3872
3872
3872
3867
3862
3862
3862
3857
3852
3847
3842
3837
3832
3827
3822
3812
3812
3812
3807
3802
3797
3797
3737
3712
3692
3682
3662
3642
3637
3627
3617
3607
3592
3582
3572
3557
3547
3537
3527
3512
3497
3482
3467
3447
3427
3412
3392
3372
3342
3312
3282
3247
3197
3137
3057
2952
2816
2626
2381
2056
1641
1105
455
-305
-1200
-2215
-3320
-4525
-5815
-7175
-8610
-10085