1199804
1174816
1149827
1124839
1099850
1074862
1049873
1024885
999896
974908
949919
924931
899942
874954
849965
824977
799988
775000
750011
725023
700034
675046
650057
625069
600080
575092
550103
525115
500126
475138
450149
425161
400172
375184
350195
325207
300218
275230
250241
225253
200264
175276
150287
125299
100310
75322
50333
25345
356
-24631
356
25345
50333
75322
100310
125299
150287
175276
200264
225253
250241
275230
300218
325207
350195
375184
400172
425161
450149
475138
500126
525115
550103
575092
600080
625069
650057
675046
700034
725023
750011
775000
799988
824977
849965
874954
899942
924931
949919
974908
999896
1024885
1049873
1074862
1099850
1124839
1149827
1174816
1199804
1224793
-4823
-4448
-3863
-3144
-2379
-1664
-1030
-500
-80
236
476
647
767
852
902
937
957
972
982
982
982
982
972
972
977
972
967
972
967
962
962
962
957
957
957
957
952
957
957
957
947
952
952
957
957
957
952
957
952
952
942
937
937
932
927
922
917
917
912
907
907
907
902
902
892
887
887
892
882
877
877
872
867
862
852
847
847
837
827
822
807
797
782
772
747
712
657
586
471
306
66
-270
-730
-1334
-2089
-3024
-4138
-5432
-6887
-8496