1199804
1174816
1149827
1124839
1099850
1074862
1049873
1024885
999896
974908
949919
924931
899942
874954
849965
824977
799988
775000
750011
725023
700034
675046
650057
625069
600080
575092
550103
525115
500126
475138
450149
425161
400172
375184
350195
325207
300218
275230
250241
225253
200264
175276
150287
125299
100310
75322
50333
25345
356
-24631
356
25345
50333
75322
100310
125299
150287
175276
200264
225253
250241
275230
300218
325207
350195
375184
400172
425161
450149
475138
500126
525115
550103
575092
600080
625069
650057
675046
700034
725023
750011
775000
799988
824977
849965
874954
899942
924931
949919
974908
999896
1024885
1049873
1074862
1099850
1124839
1149827
1174816
1199804
1224793
-4623
-4198
-3623
-2864
-2039
-1255
-565
-13
416
742
972
1137
1247
1327
1382
1412
1437
1447
1452
1452
1452
1452
1447
1447
1442
1442
1447
1432
1442
1437
1437
1437
1437
1432
1437
1437
1437
1432
1437
1432
1422
1432
1432
1427
1427
1432
1427
1422
1427
1427
1412
1412
1397
1392
1392
1382
1377
1372
1372
1367
1362
1362
1357
1352
1347
1342
1342
1337
1322
1322
1312
1312
1307
1292
1292
1277
1262
1252
1247
1227
1217
1202
1187
1162
1137
1097
1052
987
892
747
541
231
-220
-845
-1664
-2714
-3973
-5437
-7061
-8811