1199804
1174816
1149827
1124839
1099850
1074862
1049873
1024885
999896
974908
949919
924931
899942
874954
849965
824977
799988
775000
750011
725023
700034
675046
650057
625069
600080
575092
550103
525115
500126
475138
450149
425161
400172
375184
350195
325207
300218
275230
250241
225253
200264
175276
150287
125299
100310
75322
50333
25345
356
-24631
356
25345
50333
75322
100310
125299
150287
175276
200264
225253
250241
275230
300218
325207
350195
375184
400172
425161
450149
475138
500126
525115
550103
575092
600080
625069
650057
675046
700034
725023
750011
775000
799988
824977
849965
874954
899942
924931
949919
974908
999896
1024885
1049873
1074862
1099850
1124839
1149827
1174816
1199804
1224793
-2904
-3009
-2804
-2419
-1989
-1574
-1190
-850
-550
-285
-75
96
226
336
396
441
476
496
511
521
531
526
531
531
531
531
531
541
531
531
541
531
536
536
536
536
541
536
531
536
526
531
531
541
531
531
536
536
541
536
531
526
526
521
521
516
511
506
511
506
506
501
506
496
496
496
491
491
481
481
471
466
471
456
451
446
441
426
416
406
396
376
351
311
276
216
141
41
-95
-265
-475
-735
-1050
-1419
-1869
-2414
-3054
-3818
-4688
-5662