1199804
1174816
1149827
1124839
1099850
1074862
1049873
1024885
999896
974908
949919
924931
899942
874954
849965
824977
799988
775000
750011
725023
700034
675046
650057
625069
600080
575092
550103
525115
500126
475138
450149
425161
400172
375184
350195
325207
300218
275230
250241
225253
200264
175276
150287
125299
100310
75322
50333
25345
356
-24631
356
25345
50333
75322
100310
125299
150287
175276
200264
225253
250241
275230
300218
325207
350195
375184
400172
425161
450149
475138
500126
525115
550103
575092
600080
625069
650057
675046
700034
725023
750011
775000
799988
824977
849965
874954
899942
924931
949919
974908
999896
1024885
1049873
1074862
1099850
1124839
1149827
1174816
1199804
1224793
-6157
-5642
-5033
-4418
-3798
-3188
-2584
-2004
-1449
-915
-410
46
456
812
1122
1372
1562
1702
1807
1877
1932
1972
1997
2022
2037
2057
2072
2082
2097
2102
2107
2117
2122
2132
2147
2137
2152
2157
2167
2162
2172
2177
2187
2187
2192
2197
2202
2202
2202
2212
2187
2172
2157
2137
2127
2112
2097
2082
2067
2057
2047
2042
2027
2017
2007
1997
1977
1967
1962
1952
1932
1922
1902
1892
1877
1857
1827
1807
1777
1737
1682
1612
1507
1377
1182
947
642
281
-140
-610
-1130
-1699
-2329
-2979
-3683
-4423
-5197
-5992
-6812
-7646