1199804
1174816
1149827
1124839
1099850
1074862
1049873
1024885
999896
974908
949919
924931
899942
874954
849965
824977
799988
775000
750011
725023
700034
675046
650057
625069
600080
575092
550103
525115
500126
475138
450149
425161
400172
375184
350195
325207
300218
275230
250241
225253
200264
175276
150287
125299
100310
75322
50333
25345
356
-24631
356
25345
50333
75322
100310
125299
150287
175276
200264
225253
250241
275230
300218
325207
350195
375184
400172
425161
450149
475138
500126
525115
550103
575092
600080
625069
650057
675046
700034
725023
750011
775000
799988
824977
849965
874954
899942
924931
949919
974908
999896
1024885
1049873
1074862
1099850
1124839
1149827
1174816
1199804
1224793
-4668
-3968
-3318
-2684
-2074
-1504
-985
-525
-130
196
471
667
832
947
1027
1087
1132
1162
1182
1197
1212
1217
1222
1227
1227
1227
1227
1232
1227
1232
1227
1227
1227
1222
1222
1217
1212
1217
1207
1217
1212
1212
1202
1207
1212
1207
1212
1212
1212
1212
1167
1147
1127
1107
1092
1087
1082
1072
1062
1052
1052
1037
1027
1022
1012
1007
997
987
982
967
952
952
932
917
902
887
872
852
832
812
792
762
727
697
647
581
496
376
216
6
-265
-595
-995
-1459
-1979
-2564
-3193
-3883
-4588
-5347