1199804
1174816
1149827
1124839
1099850
1074862
1049873
1024885
999896
974908
949919
924931
899942
874954
849965
824977
799988
775000
750011
725023
700034
675046
650057
625069
600080
575092
550103
525115
500126
475138
450149
425161
400172
375184
350195
325207
300218
275230
250241
225253
200264
175276
150287
125299
100310
75322
50333
25345
356
-24631
356
25345
50333
75322
100310
125299
150287
175276
200264
225253
250241
275230
300218
325207
350195
375184
400172
425161
450149
475138
500126
525115
550103
575092
600080
625069
650057
675046
700034
725023
750011
775000
799988
824977
849965
874954
899942
924931
949919
974908
999896
1024885
1049873
1074862
1099850
1124839
1149827
1174816
1199804
1224793
-5902
-5322
-4668
-3988
-3313
-2659
-2014
-1394
-800
-250
276
757
1197
1582
1897
2157
2362
2512
2627
2712
2777
2827
2872
2897
2922
2952
2972
2987
2997
3022
3032
3042
3062
3067
3072
3087
3097
3107
3117
3127
3132
3137
3147
3157
3167
3167
3172
3182
3197
3202
3162
3137
3117
3087
3072
3057
3032
3017
3002
2982
2967
2947
2927
2907
2892
2877
2867
2842
2827
2812
2787
2772
2747
2722
2702
2667
2642
2612
2572
2512
2457
2372
2267
2127
1927
1667
1352
957
501
1
-555
-1165
-1814
-2504
-3228
-3988
-4783
-5597
-6442
-7306