1199804
1174816
1149827
1124839
1099850
1074862
1049873
1024885
999896
974908
949919
924931
899942
874954
849965
824977
799988
775000
750011
725023
700034
675046
650057
625069
600080
575092
550103
525115
500126
475138
450149
425161
400172
375184
350195
325207
300218
275230
250241
225253
200264
175276
150287
125299
100310
75322
50333
25345
356
-24631
356
25345
50333
75322
100310
125299
150287
175276
200264
225253
250241
275230
300218
325207
350195
375184
400172
425161
450149
475138
500126
525115
550103
575092
600080
625069
650057
675046
700034
725023
750011
775000
799988
824977
849965
874954
899942
924931
949919
974908
999896
1024885
1049873
1074862
1099850
1124839
1149827
1174816
1199804
1224793
-7961
-6342
-4728
-3218
-1824
-595
456
1352
2077
2652
3097
3447
3717
3932
4107
4247
4367
4457
4527
4587
4632
4667
4697
4727
4737
4762
4772
4802
4812
4827
4837
4842
4852
4852
4857
4862
4862
4867
4872
4877
4872
4872
4872
4872
4872
4872
4867
4862
4872
4872
4852
4832
4822
4802
4792
4782
4772
4757
4752
4742
4732
4717
4712
4692
4677
4667
4652
4632
4622
4607
4587
4572
4542
4512
4482
4452
4417
4377
4342
4292
4227
4162
4087
3982
3862
3707
3502
3222
2872
2412
1842
1132
271
-730
-1889
-3193
-4623
-6182
-7836
-9580