1199804
1174816
1149827
1124839
1099850
1074862
1049873
1024885
999896
974908
949919
924931
899942
874954
849965
824977
799988
775000
750011
725023
700034
675046
650057
625069
600080
575092
550103
525115
500126
475138
450149
425161
400172
375184
350195
325207
300218
275230
250241
225253
200264
175276
150287
125299
100310
75322
50333
25345
356
-24631
356
25345
50333
75322
100310
125299
150287
175276
200264
225253
250241
275230
300218
325207
350195
375184
400172
425161
450149
475138
500126
525115
550103
575092
600080
625069
650057
675046
700034
725023
750011
775000
799988
824977
849965
874954
899942
924931
949919
974908
999896
1024885
1049873
1074862
1099850
1124839
1149827
1174816
1199804
1224793
-5108
-4963
-4493
-3963
-3403
-2864
-2329
-1824
-1354
-920
-530
-175
111
346
536
682
787
862
912
947
977
997
1012
1022
1037
1042
1052
1057
1062
1067
1077
1077
1087
1087
1092
1092
1102
1102
1107
1107
1107
1117
1112
1112
1117
1122
1122
1122
1127
1127
1112
1097
1082
1077
1072
1057
1052
1047
1037
1032
1027
1017
1012
1012
1002
997
987
982
977
967
957
947
937
927
922
907
897
882
862
842
812
772
722
652
556
416
236
-8
-320
-690
-1120
-1609
-2149
-2729
-3348
-3998
-4693
-5412
-6147
-6907