1199877
1174890
1149903
1124917
1099930
1074943
1049956
1024970
999983
974996
950009
925023
900036
875049
850062
825076
800089
775102
750115
725129
700142
675155
650168
625182
600195
575208
550221
525235
500248
475261
450275
425288
400301
375314
350327
325341
300354
275367
250380
225394
200407
175420
150433
125447
100460
75473
50486
25500
513
-24473
513
25500
50486
75473
100460
125447
150433
175420
200407
225394
250380
275367
300354
325341
350327
375314
400301
425288
450275
475261
500248
525235
550221
575208
600195
625182
650168
675155
700142
725129
750115
775102
800089
825076
850062
875049
900036
925023
950009
974996
999983
1024970
1049956
1074943
1099930
1124917
1149903
1174890
1199877
1224864
-7875
-7060
-6000
-4810
-3625
-2505
-1485
-590
185
855
1431
1916
2306
2606
2852
3022
3157
3257
3332
3387
3427
3452
3477
3492
3507
3512
3522
3522
3522
3527
3522
3522
3527
3527
3517
3522
3507
3512
3502
3502
3492
3492
3492
3492
3487
3482
3487
3477
3467
3472
3422
3392
3377
3362
3352
3342
3332
3317
3302
3297
3287
3277
3267
3247
3242
3222
3212
3197
3187
3172
3152
3137
3117
3102
3077
3057
3037
3002
2967
2932
2887
2831
2761
2666
2531
2346
2111
1791
1386
870
245
-490
-1355
-2325
-3395
-4545
-5775
-7075
-8430
-9830