1199804
1174816
1149827
1124839
1099850
1074862
1049873
1024885
999896
974908
949919
924931
899942
874954
849965
824977
799988
775000
750011
725023
700034
675046
650057
625069
600080
575092
550103
525115
500126
475138
450149
425161
400172
375184
350195
325207
300218
275230
250241
225253
200264
175276
150287
125299
100310
75322
50333
25345
356
-24631
356
25345
50333
75322
100310
125299
150287
175276
200264
225253
250241
275230
300218
325207
350195
375184
400172
425161
450149
475138
500126
525115
550103
575092
600080
625069
650057
675046
700034
725023
750011
775000
799988
824977
849965
874954
899942
924931
949919
974908
999896
1024885
1049873
1074862
1099850
1124839
1149827
1174816
1199804
1224793
-4603
-3933
-3298
-2694
-2114
-1579
-1090
-660
-285
31
276
481
621
737
812
872
907
937
952
977
972
987
992
997
1002
1002
1007
1002
1002
1007
1007
1007
997
1002
1002
1002
1002
997
992
997
992
992
997
997
992
997
997
997
992
997
957
942
922
917
907
892
887
882
872
862
852
847
847
837
827
817
812
802
797
787
782
772
757
742
732
722
702
692
667
652
632
606
581
546
491
431
346
226
61
-140
-400
-725
-1105
-1534
-2034
-2574
-3174
-3808
-4483
-5187