1199804
1174816
1149827
1124839
1099850
1074862
1049873
1024885
999896
974908
949919
924931
899942
874954
849965
824977
799988
775000
750011
725023
700034
675046
650057
625069
600080
575092
550103
525115
500126
475138
450149
425161
400172
375184
350195
325207
300218
275230
250241
225253
200264
175276
150287
125299
100310
75322
50333
25345
356
-24631
356
25345
50333
75322
100310
125299
150287
175276
200264
225253
250241
275230
300218
325207
350195
375184
400172
425161
450149
475138
500126
525115
550103
575092
600080
625069
650057
675046
700034
725023
750011
775000
799988
824977
849965
874954
899942
924931
949919
974908
999896
1024885
1049873
1074862
1099850
1124839
1149827
1174816
1199804
1224793
-5462
-5237
-4728
-4158
-3583
-3014
-2464
-1934
-1444
-985
-565
-195
126
381
596
752
862
952
1012
1052
1082
1097
1117
1127
1142
1147
1157
1162
1172
1177
1182
1187
1192
1197
1197
1197
1207
1212
1212
1222
1217
1222
1217
1227
1232
1232
1232
1232
1237
1237
1222
1207
1197
1182
1172
1167
1162
1157
1147
1132
1132
1122
1117
1107
1097
1097
1087
1082
1077
1067
1057
1052
1037
1037
1017
1002
992
977
962
932
902
857
807
737
621
461
261
-13
-345
-740
-1195
-1704
-2264
-2869
-3518
-4193
-4903
-5647
-6407
-7191