1199804
1174816
1149827
1124839
1099850
1074862
1049873
1024885
999896
974908
949919
924931
899942
874954
849965
824977
799988
775000
750011
725023
700034
675046
650057
625069
600080
575092
550103
525115
500126
475138
450149
425161
400172
375184
350195
325207
300218
275230
250241
225253
200264
175276
150287
125299
100310
75322
50333
25345
356
-24631
356
25345
50333
75322
100310
125299
150287
175276
200264
225253
250241
275230
300218
325207
350195
375184
400172
425161
450149
475138
500126
525115
550103
575092
600080
625069
650057
675046
700034
725023
750011
775000
799988
824977
849965
874954
899942
924931
949919
974908
999896
1024885
1049873
1074862
1099850
1124839
1149827
1174816
1199804
1224793
-5327
-4698
-4028
-3343
-2664
-1994
-1349
-725
-135
421
942
1432
1882
2277
2622
2902
3142
3327
3472
3577
3677
3752
3802
3857
3907
3942
3967
3997
4027
4052
4072
4087
4097
4122
4142
4152
4167
4177
4197
4212
4222
4232
4237
4252
4267
4272
4287
4302
4302
4317
4272
4227
4197
4162
4132
4107
4082
4052
4022
4002
3967
3937
3912
3887
3862
3837
3812
3782
3757
3732
3697
3667
3632
3592
3562
3512
3462
3417
3352
3277
3187
3082
2947
2777
2547
2272
1932
1527
1072
561
16
-575
-1220
-1904
-2619
-3373
-4163
-4988
-5822
-6692