1199804
1174816
1149827
1124839
1099850
1074862
1049873
1024885
999896
974908
949919
924931
899942
874954
849965
824977
799988
775000
750011
725023
700034
675046
650057
625069
600080
575092
550103
525115
500126
475138
450149
425161
400172
375184
350195
325207
300218
275230
250241
225253
200264
175276
150287
125299
100310
75322
50333
25345
356
-24631
356
25345
50333
75322
100310
125299
150287
175276
200264
225253
250241
275230
300218
325207
350195
375184
400172
425161
450149
475138
500126
525115
550103
575092
600080
625069
650057
675046
700034
725023
750011
775000
799988
824977
849965
874954
899942
924931
949919
974908
999896
1024885
1049873
1074862
1099850
1124839
1149827
1174816
1199804
1224793
-4873
-4598
-4023
-3273
-2499
-1779
-1135
-605
-180
146
391
571
697
782
837
877
902
912
917
917
922
917
917
917
912
907
912
902
902
902
902
897
902
897
897
897
892
892
892
897
892
887
882
887
892
892
882
887
887
897
882
877
872
872
862
857
852
862
852
842
842
837
842
842
837
832
822
822
822
817
812
812
807
797
797
787
782
777
767
757
757
737
732
707
677
647
596
511
396
221
-30
-375
-840
-1439
-2194
-3114
-4213
-5487
-6927
-8516