1199877
1174890
1149903
1124917
1099930
1074943
1049956
1024970
999983
974996
950009
925023
900036
875049
850062
825076
800089
775102
750115
725129
700142
675155
650168
625182
600195
575208
550221
525235
500248
475261
450275
425288
400301
375314
350327
325341
300354
275367
250380
225394
200407
175420
150433
125447
100460
75473
50486
25500
513
-24473
513
25500
50486
75473
100460
125447
150433
175420
200407
225394
250380
275367
300354
325341
350327
375314
400301
425288
450275
475261
500248
525235
550221
575208
600195
625182
650168
675155
700142
725129
750115
775102
800089
825076
850062
875049
900036
925023
950009
974996
999983
1024970
1049956
1074943
1099930
1124917
1149903
1174890
1199877
1224864
-5215
-4520
-3820
-3125
-2460
-1815
-1205
-630
-100
380
810
1185
1516
1786
2006
2191
2326
2436
2516
2581
2631
2656
2681
2701
2711
2711
2721
2726
2731
2731
2736
2726
2726
2721
2716
2716
2721
2721
2711
2711
2701
2696
2701
2696
2691
2686
2686
2686
2686
2686
2636
2621
2606
2601
2586
2576
2571
2561
2556
2546
2536
2526
2516
2511
2501
2491
2481
2466
2456
2441
2421
2406
2401
2381
2356
2341
2311
2286
2251
2216
2166
2111
2036
1936
1801
1641
1426
1160
825
430
-20
-540
-1125
-1750
-2425
-3140
-3900
-4685
-5510
-6360