1199804
1174816
1149827
1124839
1099850
1074862
1049873
1024885
999896
974908
949919
924931
899942
874954
849965
824977
799988
775000
750011
725023
700034
675046
650057
625069
600080
575092
550103
525115
500126
475138
450149
425161
400172
375184
350195
325207
300218
275230
250241
225253
200264
175276
150287
125299
100310
75322
50333
25345
356
-24631
356
25345
50333
75322
100310
125299
150287
175276
200264
225253
250241
275230
300218
325207
350195
375184
400172
425161
450149
475138
500126
525115
550103
575092
600080
625069
650057
675046
700034
725023
750011
775000
799988
824977
849965
874954
899942
924931
949919
974908
999896
1024885
1049873
1074862
1099850
1124839
1149827
1174816
1199804
1224793
-5777
-5442
-4908
-4323
-3728
-3149
-2579
-2044
-1529
-1055
-610
-215
141
416
652
842
977
1077
1147
1187
1227
1247
1272
1287
1297
1312
1312
1322
1332
1337
1342
1347
1357
1357
1367
1367
1372
1372
1377
1382
1387
1387
1392
1397
1397
1402
1402
1412
1412
1412
1392
1377
1362
1357
1342
1332
1327
1312
1307
1302
1292
1282
1272
1267
1262
1252
1247
1237
1232
1217
1212
1202
1197
1182
1167
1152
1137
1117
1097
1072
1037
987
922
827
702
526
286
-3
-370
-785
-1264
-1789
-2369
-2984
-3653
-4348
-5073
-5837
-6617
-7406