1199804
1174816
1149827
1124839
1099850
1074862
1049873
1024885
999896
974908
949919
924931
899942
874954
849965
824977
799988
775000
750011
725023
700034
675046
650057
625069
600080
575092
550103
525115
500126
475138
450149
425161
400172
375184
350195
325207
300218
275230
250241
225253
200264
175276
150287
125299
100310
75322
50333
25345
356
-24631
356
25345
50333
75322
100310
125299
150287
175276
200264
225253
250241
275230
300218
325207
350195
375184
400172
425161
450149
475138
500126
525115
550103
575092
600080
625069
650057
675046
700034
725023
750011
775000
799988
824977
849965
874954
899942
924931
949919
974908
999896
1024885
1049873
1074862
1099850
1124839
1149827
1174816
1199804
1224793
-4613
-3913
-3273
-2644
-2044
-1479
-960
-485
-80
261
536
752
927
1052
1132
1202
1247
1277
1302
1322
1332
1342
1347
1352
1352
1352
1352
1352
1352
1352
1347
1342
1342
1337
1342
1337
1332
1332
1327
1332
1322
1327
1322
1322
1322
1322
1322
1322
1322
1322
1277
1252
1232
1217
1207
1197
1187
1172
1162
1157
1147
1137
1132
1122
1117
1107
1092
1082
1072
1067
1047
1037
1027
1012
992
977
957
942
922
897
877
842
817
777
727
662
561
441
271
56
-220
-555
-955
-1424
-1954
-2529
-3164
-3833
-4538
-5272