1199804
1174816
1149827
1124839
1099850
1074862
1049873
1024885
999896
974908
949919
924931
899942
874954
849965
824977
799988
775000
750011
725023
700034
675046
650057
625069
600080
575092
550103
525115
500126
475138
450149
425161
400172
375184
350195
325207
300218
275230
250241
225253
200264
175276
150287
125299
100310
75322
50333
25345
356
-24631
356
25345
50333
75322
100310
125299
150287
175276
200264
225253
250241
275230
300218
325207
350195
375184
400172
425161
450149
475138
500126
525115
550103
575092
600080
625069
650057
675046
700034
725023
750011
775000
799988
824977
849965
874954
899942
924931
949919
974908
999896
1024885
1049873
1074862
1099850
1124839
1149827
1174816
1199804
1224793
-6162
-5597
-4948
-4293
-3638
-3009
-2389
-1784
-1200
-655
-140
331
767
1132
1452
1702
1902
2047
2157
2232
2287
2337
2367
2392
2412
2432
2447
2462
2472
2487
2497
2502
2517
2527
2527
2532
2542
2552
2562
2567
2572
2582
2582
2587
2592
2602
2607
2607
2617
2617
2597
2572
2547
2532
2522
2492
2482
2477
2462
2442
2432
2417
2402
2387
2377
2367
2347
2337
2327
2312
2292
2277
2262
2242
2227
2202
2172
2152
2107
2072
2012
1937
1832
1697
1502
1247
937
556
121
-370
-915
-1499
-2144
-2819
-3533
-4283
-5068
-5872
-6717
-7561