1199804
1174816
1149827
1124839
1099850
1074862
1049873
1024885
999896
974908
949919
924931
899942
874954
849965
824977
799988
775000
750011
725023
700034
675046
650057
625069
600080
575092
550103
525115
500126
475138
450149
425161
400172
375184
350195
325207
300218
275230
250241
225253
200264
175276
150287
125299
100310
75322
50333
25345
356
-24631
356
25345
50333
75322
100310
125299
150287
175276
200264
225253
250241
275230
300218
325207
350195
375184
400172
425161
450149
475138
500126
525115
550103
575092
600080
625069
650057
675046
700034
725023
750011
775000
799988
824977
849965
874954
899942
924931
949919
974908
999896
1024885
1049873
1074862
1099850
1124839
1149827
1174816
1199804
1224793
-4718
-4283
-3683
-2874
-2019
-1200
-495
86
526
862
1102
1277
1402
1482
1542
1587
1612
1617
1627
1637
1637
1632
1632
1632
1627
1627
1627
1622
1622
1622
1622
1617
1627
1622
1622
1612
1617
1612
1617
1617
1612
1617
1612
1612
1607
1612
1607
1612
1612
1612
1592
1582
1577
1572
1562
1557
1552
1547
1542
1542
1537
1527
1527
1517
1517
1512
1502
1502
1497
1482
1482
1467
1462
1447
1447
1427
1422
1407
1392
1377
1362
1342
1322
1302
1262
1222
1172
1102
997
842
616
291
-165
-810
-1639
-2709
-3978
-5447
-7076
-8841