1199804
1174816
1149827
1124839
1099850
1074862
1049873
1024885
999896
974908
949919
924931
899942
874954
849965
824977
799988
775000
750011
725023
700034
675046
650057
625069
600080
575092
550103
525115
500126
475138
450149
425161
400172
375184
350195
325207
300218
275230
250241
225253
200264
175276
150287
125299
100310
75322
50333
25345
356
-24631
356
25345
50333
75322
100310
125299
150287
175276
200264
225253
250241
275230
300218
325207
350195
375184
400172
425161
450149
475138
500126
525115
550103
575092
600080
625069
650057
675046
700034
725023
750011
775000
799988
824977
849965
874954
899942
924931
949919
974908
999896
1024885
1049873
1074862
1099850
1124839
1149827
1174816
1199804
1224793
-4488
-3868
-3288
-2734
-2219
-1739
-1299
-910
-555
-270
-25
166
306
406
481
541
571
601
616
637
642
652
652
657
662
662
667
667
667
672
667
672
667
667
672
662
667
667
662
667
672
672
672
677
677
672
672
677
677
682
652
642
632
621
616
606
596
596
591
581
576
576
571
561
561
551
546
536
536
531
526
511
506
496
486
476
466
451
441
426
406
381
356
321
271
206
111
-13
-185
-390
-650
-955
-1309
-1719
-2164
-2654
-3179
-3748
-4348
-4963