1199804
1174816
1149827
1124839
1099850
1074862
1049873
1024885
999896
974908
949919
924931
899942
874954
849965
824977
799988
775000
750011
725023
700034
675046
650057
625069
600080
575092
550103
525115
500126
475138
450149
425161
400172
375184
350195
325207
300218
275230
250241
225253
200264
175276
150287
125299
100310
75322
50333
25345
356
-24631
356
25345
50333
75322
100310
125299
150287
175276
200264
225253
250241
275230
300218
325207
350195
375184
400172
425161
450149
475138
500126
525115
550103
575092
600080
625069
650057
675046
700034
725023
750011
775000
799988
824977
849965
874954
899942
924931
949919
974908
999896
1024885
1049873
1074862
1099850
1124839
1149827
1174816
1199804
1224793
-4613
-3933
-3303
-2699
-2124
-1584
-1100
-670
-290
16
261
471
616
722
797
852
892
922
937
952
967
977
982
987
987
987
992
992
987
987
992
987
987
992
987
987
987
987
982
982
987
987
982
982
987
982
987
982
982
987
952
932
912
902
892
877
877
867
862
852
847
837
832
822
812
807
797
787
787
772
762
757
747
732
722
712
697
672
657
647
626
596
571
536
491
421
336
216
61
-155
-415
-735
-1110
-1544
-2039
-2584
-3179
-3808
-4493
-5192