1199804
1174816
1149827
1124839
1099850
1074862
1049873
1024885
999896
974908
949919
924931
899942
874954
849965
824977
799988
775000
750011
725023
700034
675046
650057
625069
600080
575092
550103
525115
500126
475138
450149
425161
400172
375184
350195
325207
300218
275230
250241
225253
200264
175276
150287
125299
100310
75322
50333
25345
356
-24631
356
25345
50333
75322
100310
125299
150287
175276
200264
225253
250241
275230
300218
325207
350195
375184
400172
425161
450149
475138
500126
525115
550103
575092
600080
625069
650057
675046
700034
725023
750011
775000
799988
824977
849965
874954
899942
924931
949919
974908
999896
1024885
1049873
1074862
1099850
1124839
1149827
1174816
1199804
1224793
-4733
-4673
-4153
-3423
-2664
-1959
-1329
-795
-360
-20
236
426
566
662
722
762
787
797
807
817
817
812
812
817
817
807
807
807
807
807
802
802
802
797
802
797
792
797
797
797
797
797
792
787
797
797
802
792
797
797
787
777
777
772
767
762
762
767
762
752
742
752
752
747
747
737
737
732
737
727
722
717
717
712
702
702
687
687
677
667
657
647
626
611
581
546
481
391
256
66
-205
-560
-1040
-1639
-2379
-3283
-4358
-5597
-7002
-8551