1199877
1174890
1149903
1124917
1099930
1074943
1049956
1024970
999983
974996
950009
925023
900036
875049
850062
825076
800089
775102
750115
725129
700142
675155
650168
625182
600195
575208
550221
525235
500248
475261
450275
425288
400301
375314
350327
325341
300354
275367
250380
225394
200407
175420
150433
125447
100460
75473
50486
25500
513
-24473
513
25500
50486
75473
100460
125447
150433
175420
200407
225394
250380
275367
300354
325341
350327
375314
400301
425288
450275
475261
500248
525235
550221
575208
600195
625182
650168
675155
700142
725129
750115
775102
800089
825076
850062
875049
900036
925023
950009
974996
999983
1024970
1049956
1074943
1099930
1124917
1149903
1174890
1199877
1224864
-7495
-6285
-5130
-4050
-3030
-2075
-1190
-370
340
980
1531
2001
2391
2706
2947
3142
3282
3397
3477
3537
3587
3612
3647
3662
3672
3682
3687
3682
3682
3682
3682
3677
3672
3667
3662
3657
3652
3647
3637
3637
3627
3622
3612
3607
3607
3602
3597
3592
3587
3587
3522
3497
3477
3457
3447
3437
3417
3412
3402
3387
3377
3367
3357
3347
3337
3317
3302
3292
3282
3257
3247
3227
3207
3187
3167
3147
3122
3087
3052
3017
2967
2907
2831
2731
2596
2421
2176
1861
1476
985
395
-300
-1105
-2020
-3020
-4090
-5240
-6450
-7710
-9015