1199804
1174816
1149827
1124839
1099850
1074862
1049873
1024885
999896
974908
949919
924931
899942
874954
849965
824977
799988
775000
750011
725023
700034
675046
650057
625069
600080
575092
550103
525115
500126
475138
450149
425161
400172
375184
350195
325207
300218
275230
250241
225253
200264
175276
150287
125299
100310
75322
50333
25345
356
-24631
356
25345
50333
75322
100310
125299
150287
175276
200264
225253
250241
275230
300218
325207
350195
375184
400172
425161
450149
475138
500126
525115
550103
575092
600080
625069
650057
675046
700034
725023
750011
775000
799988
824977
849965
874954
899942
924931
949919
974908
999896
1024885
1049873
1074862
1099850
1124839
1149827
1174816
1199804
1224793
-4798
-4578
-4023
-3293
-2524
-1809
-1175
-635
-210
116
366
536
667
747
812
847
867
887
892
892
897
897
892
892
892
882
887
882
882
877
877
882
872
882
877
872
877
877
872
872
867
877
867
862
872
867
872
867
872
872
862
857
857
847
847
842
842
837
832
832
827
822
822
822
812
812
807
807
802
802
797
787
787
782
777
772
762
762
757
737
732
722
707
687
667
626
571
486
371
191
-60
-410
-880
-1484
-2239
-3164
-4263
-5532
-6972
-8551