1199804
1174816
1149827
1124839
1099850
1074862
1049873
1024885
999896
974908
949919
924931
899942
874954
849965
824977
799988
775000
750011
725023
700034
675046
650057
625069
600080
575092
550103
525115
500126
475138
450149
425161
400172
375184
350195
325207
300218
275230
250241
225253
200264
175276
150287
125299
100310
75322
50333
25345
356
-24631
356
25345
50333
75322
100310
125299
150287
175276
200264
225253
250241
275230
300218
325207
350195
375184
400172
425161
450149
475138
500126
525115
550103
575092
600080
625069
650057
675046
700034
725023
750011
775000
799988
824977
849965
874954
899942
924931
949919
974908
999896
1024885
1049873
1074862
1099850
1124839
1149827
1174816
1199804
1224793
-5013
-4873
-4403
-3868
-3328
-2799
-2279
-1784
-1334
-910
-520
-190
96
331
516
657
757
827
882
917
942
957
977
987
997
1002
1017
1022
1032
1027
1037
1042
1042
1047
1052
1057
1057
1057
1067
1067
1067
1072
1072
1077
1082
1077
1082
1087
1092
1087
1067
1057
1052
1042
1027
1017
1012
1012
1002
997
987
987
977
967
962
962
947
947
942
932
927
917
907
897
882
877
857
847
832
807
787
747
697
616
526
396
216
-25
-320
-675
-1095
-1569
-2094
-2659
-3263
-3908
-4583
-5282
-6007
-6752