1199804
1174816
1149827
1124839
1099850
1074862
1049873
1024885
999896
974908
949919
924931
899942
874954
849965
824977
799988
775000
750011
725023
700034
675046
650057
625069
600080
575092
550103
525115
500126
475138
450149
425161
400172
375184
350195
325207
300218
275230
250241
225253
200264
175276
150287
125299
100310
75322
50333
25345
356
-24631
356
25345
50333
75322
100310
125299
150287
175276
200264
225253
250241
275230
300218
325207
350195
375184
400172
425161
450149
475138
500126
525115
550103
575092
600080
625069
650057
675046
700034
725023
750011
775000
799988
824977
849965
874954
899942
924931
949919
974908
999896
1024885
1049873
1074862
1099850
1124839
1149827
1174816
1199804
1224793
-4823
-4043
-3323
-2629
-1964
-1339
-755
-230
226
611
922
1167
1367
1497
1597
1672
1722
1757
1782
1802
1807
1812
1817
1817
1817
1807
1802
1802
1797
1792
1787
1777
1772
1767
1767
1767
1752
1752
1747
1747
1737
1737
1742
1732
1727
1727
1732
1727
1727
1727
1667
1632
1612
1597
1582
1567
1557
1547
1537
1527
1517
1507
1502
1487
1482
1467
1452
1447
1432
1417
1402
1392
1377
1352
1337
1317
1297
1272
1252
1227
1197
1162
1132
1087
1027
962
872
742
571
336
46
-325
-770
-1294
-1884
-2529
-3238
-3988
-4783
-5607