1199804
1174816
1149827
1124839
1099850
1074862
1049873
1024885
999896
974908
949919
924931
899942
874954
849965
824977
799988
775000
750011
725023
700034
675046
650057
625069
600080
575092
550103
525115
500126
475138
450149
425161
400172
375184
350195
325207
300218
275230
250241
225253
200264
175276
150287
125299
100310
75322
50333
25345
356
-24631
356
25345
50333
75322
100310
125299
150287
175276
200264
225253
250241
275230
300218
325207
350195
375184
400172
425161
450149
475138
500126
525115
550103
575092
600080
625069
650057
675046
700034
725023
750011
775000
799988
824977
849965
874954
899942
924931
949919
974908
999896
1024885
1049873
1074862
1099850
1124839
1149827
1174816
1199804
1224793
-5497
-4868
-3943
-2909
-1899
-985
-200
436
952
1357
1662
1897
2082
2212
2312
2387
2437
2482
2502
2522
2537
2547
2552
2557
2562
2572
2572
2577
2572
2572
2567
2572
2572
2572
2572
2567
2567
2567
2567
2557
2557
2557
2557
2557
2557
2557
2552
2557
2552
2552
2532
2522
2512
2497
2492
2482
2472
2467
2462
2447
2437
2427
2422
2412
2407
2397
2382
2377
2367
2357
2337
2327
2317
2297
2277
2262
2237
2222
2192
2167
2132
2102
2062
2012
1967
1897
1802
1682
1512
1277
952
511
-55
-790
-1704
-2804
-4098
-5547
-7156
-8891