1199804
1174816
1149827
1124839
1099850
1074862
1049873
1024885
999896
974908
949919
924931
899942
874954
849965
824977
799988
775000
750011
725023
700034
675046
650057
625069
600080
575092
550103
525115
500126
475138
450149
425161
400172
375184
350195
325207
300218
275230
250241
225253
200264
175276
150287
125299
100310
75322
50333
25345
356
-24631
356
25345
50333
75322
100310
125299
150287
175276
200264
225253
250241
275230
300218
325207
350195
375184
400172
425161
450149
475138
500126
525115
550103
575092
600080
625069
650057
675046
700034
725023
750011
775000
799988
824977
849965
874954
899942
924931
949919
974908
999896
1024885
1049873
1074862
1099850
1124839
1149827
1174816
1199804
1224793
-6172
-5652
-5048
-4428
-3818
-3208
-2609
-2029
-1469
-935
-440
16
426
787
1087
1332
1527
1672
1767
1842
1897
1927
1962
1982
2002
2017
2027
2042
2052
2062
2067
2072
2082
2092
2097
2102
2112
2117
2117
2127
2132
2137
2142
2147
2147
2152
2157
2162
2167
2167
2152
2122
2107
2097
2082
2067
2057
2047
2037
2017
2007
2002
1982
1977
1967
1952
1942
1932
1922
1907
1897
1882
1867
1847
1832
1812
1792
1772
1737
1697
1647
1572
1472
1342
1157
917
616
256
-160
-635
-1150
-1719
-2334
-2994
-3698
-4438
-5212
-6012
-6827
-7671