1199804
1174816
1149827
1124839
1099850
1074862
1049873
1024885
999896
974908
949919
924931
899942
874954
849965
824977
799988
775000
750011
725023
700034
675046
650057
625069
600080
575092
550103
525115
500126
475138
450149
425161
400172
375184
350195
325207
300218
275230
250241
225253
200264
175276
150287
125299
100310
75322
50333
25345
356
-24631
356
25345
50333
75322
100310
125299
150287
175276
200264
225253
250241
275230
300218
325207
350195
375184
400172
425161
450149
475138
500126
525115
550103
575092
600080
625069
650057
675046
700034
725023
750011
775000
799988
824977
849965
874954
899942
924931
949919
974908
999896
1024885
1049873
1074862
1099850
1124839
1149827
1174816
1199804
1224793
-5377
-5167
-4673
-4113
-3533
-2979
-2429
-1904
-1414
-970
-555
-195
116
366
576
727
842
922
972
1017
1047
1072
1087
1102
1107
1122
1127
1132
1137
1137
1152
1157
1157
1167
1172
1172
1167
1177
1177
1182
1182
1182
1187
1197
1192
1197
1197
1202
1202
1202
1182
1172
1157
1152
1142
1137
1122
1112
1112
1097
1097
1087
1082
1077
1067
1067
1052
1052
1042
1037
1027
1017
1012
992
992
977
962
947
927
902
877
837
782
707
591
451
251
-13
-330
-725
-1175
-1679
-2234
-2829
-3468
-4138
-4843
-5582
-6337
-7106