1199804
1174816
1149827
1124839
1099850
1074862
1049873
1024885
999896
974908
949919
924931
899942
874954
849965
824977
799988
775000
750011
725023
700034
675046
650057
625069
600080
575092
550103
525115
500126
475138
450149
425161
400172
375184
350195
325207
300218
275230
250241
225253
200264
175276
150287
125299
100310
75322
50333
25345
356
-24631
356
25345
50333
75322
100310
125299
150287
175276
200264
225253
250241
275230
300218
325207
350195
375184
400172
425161
450149
475138
500126
525115
550103
575092
600080
625069
650057
675046
700034
725023
750011
775000
799988
824977
849965
874954
899942
924931
949919
974908
999896
1024885
1049873
1074862
1099850
1124839
1149827
1174816
1199804
1224793
-4613
-3928
-3293
-2679
-2094
-1554
-1065
-635
-255
51
311
511
657
772
852
907
947
977
1002
1012
1032
1032
1037
1042
1047
1047
1052
1047
1047
1047
1042
1047
1042
1042
1042
1047
1037
1037
1037
1032
1037
1037
1032
1042
1037
1042
1037
1042
1037
1047
1002
977
962
952
937
932
922
912
907
897
887
882
872
867
862
852
847
837
827
812
807
792
782
767
762
742
732
717
697
677
657
632
606
566
521
456
361
246
81
-125
-390
-705
-1090
-1524
-2019
-2559
-3159
-3803
-4478
-5182