1199877
1174890
1149903
1124917
1099930
1074943
1049956
1024970
999983
974996
950009
925023
900036
875049
850062
825076
800089
775102
750115
725129
700142
675155
650168
625182
600195
575208
550221
525235
500248
475261
450275
425288
400301
375314
350327
325341
300354
275367
250380
225394
200407
175420
150433
125447
100460
75473
50486
25500
513
-24473
513
25500
50486
75473
100460
125447
150433
175420
200407
225394
250380
275367
300354
325341
350327
375314
400301
425288
450275
475261
500248
525235
550221
575208
600195
625182
650168
675155
700142
725129
750115
775102
800089
825076
850062
875049
900036
925023
950009
974996
999983
1024970
1049956
1074943
1099930
1124917
1149903
1174890
1199877
1224864
-8905
-7385
-5925
-4580
-3330
-2180
-1130
-195
620
1341
1946
2446
2847
3167
3412
3592
3727
3827
3912
3977
4007
4047
4077
4097
4102
4117
4117
4117
4117
4122
4117
4112
4112
4107
4107
4097
4092
4092
4087
4087
4067
4072
4062
4062
4052
4052
4042
4047
4032
4032
3982
3947
3932
3917
3902
3897
3877
3872
3862
3842
3837
3822
3812
3802
3787
3777
3767
3752
3742
3727
3707
3687
3672
3652
3637
3607
3587
3557
3532
3487
3442
3372
3302
3187
3052
2857
2616
2276
1851
1296
625
-165
-1105
-2175
-3360
-4645
-6030
-7490
-9025
-10255