1199804
1174816
1149827
1124839
1099850
1074862
1049873
1024885
999896
974908
949919
924931
899942
874954
849965
824977
799988
775000
750011
725023
700034
675046
650057
625069
600080
575092
550103
525115
500126
475138
450149
425161
400172
375184
350195
325207
300218
275230
250241
225253
200264
175276
150287
125299
100310
75322
50333
25345
356
-24631
356
25345
50333
75322
100310
125299
150287
175276
200264
225253
250241
275230
300218
325207
350195
375184
400172
425161
450149
475138
500126
525115
550103
575092
600080
625069
650057
675046
700034
725023
750011
775000
799988
824977
849965
874954
899942
924931
949919
974908
999896
1024885
1049873
1074862
1099850
1124839
1149827
1174816
1199804
1224793
-7946
-6462
-4938
-3473
-2134
-940
96
962
1672
2242
2692
3047
3337
3572
3767
3922
4052
4152
4232
4302
4347
4382
4422
4447
4472
4492
4512
4527
4547
4552
4567
4577
4582
4587
4592
4597
4597
4602
4607
4607
4602
4607
4602
4597
4597
4597
4592
4597
4592
4592
4567
4552
4542
4522
4512
4497
4482
4477
4467
4452
4447
4432
4412
4402
4387
4367
4357
4342
4322
4302
4282
4257
4232
4197
4167
4142
4097
4057
4007
3962
3902
3822
3732
3627
3502
3327
3107
2817
2447
1987
1412
722
-110
-1095
-2224
-3503
-4918
-6462
-8106
-9840