1199877
1174890
1149903
1124917
1099930
1074943
1049956
1024970
999983
974996
950009
925023
900036
875049
850062
825076
800089
775102
750115
725129
700142
675155
650168
625182
600195
575208
550221
525235
500248
475261
450275
425288
400301
375314
350327
325341
300354
275367
250380
225394
200407
175420
150433
125447
100460
75473
50486
25500
513
-24473
513
25500
50486
75473
100460
125447
150433
175420
200407
225394
250380
275367
300354
325341
350327
375314
400301
425288
450275
475261
500248
525235
550221
575208
600195
625182
650168
675155
700142
725129
750115
775102
800089
825076
850062
875049
900036
925023
950009
974996
999983
1024970
1049956
1074943
1099930
1124917
1149903
1174890
1199877
1224864
-6040
-5165
-4320
-3495
-2715
-1965
-1240
-580
20
570
1065
1491
1861
2161
2401
2596
2756
2872
2957
3022
3072
3107
3142
3147
3162
3177
3172
3177
3177
3182
3172
3172
3177
3167
3167
3167
3162
3157
3152
3147
3147
3142
3132
3127
3127
3127
3127
3122
3122
3112
3072
3047
3032
3017
3007
2997
2987
2977
2962
2957
2947
2937
2927
2917
2907
2897
2882
2867
2857
2837
2826
2811
2791
2776
2756
2731
2706
2681
2646
2606
2551
2491
2411
2301
2161
1976
1741
1436
1060
610
95
-500
-1175
-1910
-2695
-3525
-4415
-5335
-6300
-7295