1199804
1174816
1149827
1124839
1099850
1074862
1049873
1024885
999896
974908
949919
924931
899942
874954
849965
824977
799988
775000
750011
725023
700034
675046
650057
625069
600080
575092
550103
525115
500126
475138
450149
425161
400172
375184
350195
325207
300218
275230
250241
225253
200264
175276
150287
125299
100310
75322
50333
25345
356
-24631
356
25345
50333
75322
100310
125299
150287
175276
200264
225253
250241
275230
300218
325207
350195
375184
400172
425161
450149
475138
500126
525115
550103
575092
600080
625069
650057
675046
700034
725023
750011
775000
799988
824977
849965
874954
899942
924931
949919
974908
999896
1024885
1049873
1074862
1099850
1124839
1149827
1174816
1199804
1224793
-4833
-3923
-3054
-2219
-1404
-640
96
782
1412
2007
2542
3022
3452
3827
4147
4432
4687
4892
5077
5222
5352
5457
5532
5607
5672
5727
5767
5802
5832
5857
5882
5902
5927
5942
5957
5972
5987
6002
6012
6017
6032
6037
6047
6057
6072
6077
6077
6087
6092
6097
6032
5972
5937
5892
5857
5817
5777
5737
5697
5657
5622
5587
5542
5507
5467
5427
5392
5347
5302
5257
5207
5157
5102
5042
4977
4892
4812
4727
4612
4492
4347
4187
3997
3772
3507
3207
2862
2462
2017
1537
1007
436
-180
-840
-1539
-2289
-3059
-3868
-4703
-5567