1199804
1174816
1149827
1124839
1099850
1074862
1049873
1024885
999896
974908
949919
924931
899942
874954
849965
824977
799988
775000
750011
725023
700034
675046
650057
625069
600080
575092
550103
525115
500126
475138
450149
425161
400172
375184
350195
325207
300218
275230
250241
225253
200264
175276
150287
125299
100310
75322
50333
25345
356
-24631
356
25345
50333
75322
100310
125299
150287
175276
200264
225253
250241
275230
300218
325207
350195
375184
400172
425161
450149
475138
500126
525115
550103
575092
600080
625069
650057
675046
700034
725023
750011
775000
799988
824977
849965
874954
899942
924931
949919
974908
999896
1024885
1049873
1074862
1099850
1124839
1149827
1174816
1199804
1224793
-3448
-3628
-3358
-2879
-2344
-1829
-1364
-950
-595
-295
-55
136
281
381
451
501
531
556
566
576
581
571
586
586
591
591
586
591
591
586
586
591
586
586
586
591
586
586
586
586
586
591
581
586
586
586
586
586
586
591
581
581
571
571
566
571
556
566
556
556
556
556
546
546
546
541
536
531
541
526
526
521
516
501
506
496
491
481
471
461
446
431
401
376
341
281
206
91
-45
-240
-485
-780
-1160
-1629
-2189
-2869
-3683
-4633
-5717
-6927