1199804
1174816
1149827
1124839
1099850
1074862
1049873
1024885
999896
974908
949919
924931
899942
874954
849965
824977
799988
775000
750011
725023
700034
675046
650057
625069
600080
575092
550103
525115
500126
475138
450149
425161
400172
375184
350195
325207
300218
275230
250241
225253
200264
175276
150287
125299
100310
75322
50333
25345
356
-24631
356
25345
50333
75322
100310
125299
150287
175276
200264
225253
250241
275230
300218
325207
350195
375184
400172
425161
450149
475138
500126
525115
550103
575092
600080
625069
650057
675046
700034
725023
750011
775000
799988
824977
849965
874954
899942
924931
949919
974908
999896
1024885
1049873
1074862
1099850
1124839
1149827
1174816
1199804
1224793
-6012
-4828
-3928
-3079
-2264
-1499
-785
-130
456
967
1417
1792
2097
2332
2517
2652
2757
2832
2892
2937
2962
2982
2992
2997
2992
2987
2972
2947
2932
2912
2892
2877
2852
2837
2817
2802
2782
2772
2762
2747
2742
2732
2727
2717
2707
2707
2702
2692
2687
2682
2577
2517
2482
2457
2432
2407
2397
2377
2362
2342
2327
2312
2297
2282
2267
2242
2227
2212
2187
2162
2142
2117
2087
2057
2027
1997
1957
1922
1892
1837
1797
1752
1692
1632
1547
1452
1307
1122
882
571
186
-270
-810
-1424
-2099
-2829
-3618
-4448
-5312
-6207