1199804
1174816
1149827
1124839
1099850
1074862
1049873
1024885
999896
974908
949919
924931
899942
874954
849965
824977
799988
775000
750011
725023
700034
675046
650057
625069
600080
575092
550103
525115
500126
475138
450149
425161
400172
375184
350195
325207
300218
275230
250241
225253
200264
175276
150287
125299
100310
75322
50333
25345
356
-24631
356
25345
50333
75322
100310
125299
150287
175276
200264
225253
250241
275230
300218
325207
350195
375184
400172
425161
450149
475138
500126
525115
550103
575092
600080
625069
650057
675046
700034
725023
750011
775000
799988
824977
849965
874954
899942
924931
949919
974908
999896
1024885
1049873
1074862
1099850
1124839
1149827
1174816
1199804
1224793
-5987
-5572
-5008
-4413
-3818
-3223
-2659
-2104
-1564
-1060
-605
-190
191
506
777
982
1142
1257
1342
1397
1432
1457
1482
1502
1512
1522
1537
1547
1557
1562
1572
1577
1582
1587
1587
1597
1602
1597
1607
1617
1612
1617
1622
1632
1632
1632
1637
1642
1647
1647
1627
1607
1592
1587
1572
1562
1552
1542
1522
1522
1512
1502
1497
1492
1477
1472
1462
1452
1442
1437
1427
1412
1407
1392
1377
1357
1347
1322
1302
1272
1227
1172
1097
987
837
632
376
46
-325
-770
-1255
-1804
-2399
-3034
-3708
-4428
-5182
-5952
-6747
-7561