1199804
1174816
1149827
1124839
1099850
1074862
1049873
1024885
999896
974908
949919
924931
899942
874954
849965
824977
799988
775000
750011
725023
700034
675046
650057
625069
600080
575092
550103
525115
500126
475138
450149
425161
400172
375184
350195
325207
300218
275230
250241
225253
200264
175276
150287
125299
100310
75322
50333
25345
356
-24631
356
25345
50333
75322
100310
125299
150287
175276
200264
225253
250241
275230
300218
325207
350195
375184
400172
425161
450149
475138
500126
525115
550103
575092
600080
625069
650057
675046
700034
725023
750011
775000
799988
824977
849965
874954
899942
924931
949919
974908
999896
1024885
1049873
1074862
1099850
1124839
1149827
1174816
1199804
1224793
-6772
-5422
-4423
-3493
-2614
-1779
-985
-255
401
997
1527
1982
2367
2672
2922
3127
3272
3397
3487
3557
3607
3647
3677
3692
3697
3702
3692
3672
3647
3627
3597
3562
3532
3502
3472
3442
3412
3392
3372
3347
3327
3312
3302
3292
3282
3267
3257
3252
3242
3232
3092
3007
2962
2922
2887
2867
2842
2822
2797
2777
2762
2737
2717
2697
2667
2647
2627
2597
2572
2542
2512
2482
2442
2407
2362
2327
2277
2232
2182
2137
2077
2017
1947
1862
1757
1627
1452
1217
917
551
116
-405
-990
-1649
-2364
-3134
-3943
-4808
-5692
-6617