1199804
1174816
1149827
1124839
1099850
1074862
1049873
1024885
999896
974908
949919
924931
899942
874954
849965
824977
799988
775000
750011
725023
700034
675046
650057
625069
600080
575092
550103
525115
500126
475138
450149
425161
400172
375184
350195
325207
300218
275230
250241
225253
200264
175276
150287
125299
100310
75322
50333
25345
356
-24631
356
25345
50333
75322
100310
125299
150287
175276
200264
225253
250241
275230
300218
325207
350195
375184
400172
425161
450149
475138
500126
525115
550103
575092
600080
625069
650057
675046
700034
725023
750011
775000
799988
824977
849965
874954
899942
924931
949919
974908
999896
1024885
1049873
1074862
1099850
1124839
1149827
1174816
1199804
1224793
-4738
-4273
-3703
-2964
-2169
-1404
-740
-195
226
541
777
932
1052
1127
1177
1212
1227
1242
1247
1242
1237
1242
1237
1237
1232
1227
1232
1222
1227
1227
1227
1227
1222
1217
1217
1217
1217
1222
1222
1222
1217
1222
1217
1217
1212
1217
1212
1217
1217
1212
1207
1192
1192
1182
1177
1177
1177
1172
1167
1162
1162
1157
1157
1157
1152
1142
1142
1132
1132
1127
1127
1117
1112
1102
1097
1092
1082
1072
1062
1057
1047
1027
1012
997
972
937
902
837
737
601
381
81
-365
-970
-1779
-2779
-3998
-5407
-6982
-8701