1199804
1174816
1149827
1124839
1099850
1074862
1049873
1024885
999896
974908
949919
924931
899942
874954
849965
824977
799988
775000
750011
725023
700034
675046
650057
625069
600080
575092
550103
525115
500126
475138
450149
425161
400172
375184
350195
325207
300218
275230
250241
225253
200264
175276
150287
125299
100310
75322
50333
25345
356
-24631
356
25345
50333
75322
100310
125299
150287
175276
200264
225253
250241
275230
300218
325207
350195
375184
400172
425161
450149
475138
500126
525115
550103
575092
600080
625069
650057
675046
700034
725023
750011
775000
799988
824977
849965
874954
899942
924931
949919
974908
999896
1024885
1049873
1074862
1099850
1124839
1149827
1174816
1199804
1224793
-5967
-5562
-4998
-4413
-3808
-3218
-2649
-2089
-1564
-1060
-610
-185
181
491
757
957
1112
1227
1302
1357
1407
1427
1452
1462
1482
1492
1502
1512
1522
1527
1537
1537
1542
1547
1552
1562
1562
1572
1577
1572
1582
1582
1587
1592
1592
1592
1597
1597
1597
1607
1582
1562
1557
1547
1532
1527
1512
1502
1497
1487
1482
1467
1462
1452
1442
1437
1422
1412
1407
1392
1387
1377
1367
1352
1342
1322
1307
1287
1262
1237
1197
1142
1062
967
812
616
361
36
-335
-775
-1269
-1809
-2404
-3039
-3708
-4423
-5177
-5942
-6742
-7561