1199804
1174816
1149827
1124839
1099850
1074862
1049873
1024885
999896
974908
949919
924931
899942
874954
849965
824977
799988
775000
750011
725023
700034
675046
650057
625069
600080
575092
550103
525115
500126
475138
450149
425161
400172
375184
350195
325207
300218
275230
250241
225253
200264
175276
150287
125299
100310
75322
50333
25345
356
-24631
356
25345
50333
75322
100310
125299
150287
175276
200264
225253
250241
275230
300218
325207
350195
375184
400172
425161
450149
475138
500126
525115
550103
575092
600080
625069
650057
675046
700034
725023
750011
775000
799988
824977
849965
874954
899942
924931
949919
974908
999896
1024885
1049873
1074862
1099850
1124839
1149827
1174816
1199804
1224793
-3203
-3358
-3124
-2684
-2204
-1734
-1309
-925
-590
-315
-85
106
241
351
416
471
501
526
531
546
551
556
561
556
556
556
556
556
561
561
561
561
556
556
556
556
556
556
561
561
561
561
556
556
561
556
561
556
561
566
551
551
551
541
541
536
536
536
531
536
526
531
526
521
516
521
516
511
506
501
501
496
486
481
476
466
456
451
441
431
416
396
371
346
291
241
166
56
-95
-275
-500
-780
-1130
-1549
-2064
-2684
-3408
-4273
-5247
-6347