1199804
1174816
1149827
1124839
1099850
1074862
1049873
1024885
999896
974908
949919
924931
899942
874954
849965
824977
799988
775000
750011
725023
700034
675046
650057
625069
600080
575092
550103
525115
500126
475138
450149
425161
400172
375184
350195
325207
300218
275230
250241
225253
200264
175276
150287
125299
100310
75322
50333
25345
356
-24631
356
25345
50333
75322
100310
125299
150287
175276
200264
225253
250241
275230
300218
325207
350195
375184
400172
425161
450149
475138
500126
525115
550103
575092
600080
625069
650057
675046
700034
725023
750011
775000
799988
824977
849965
874954
899942
924931
949919
974908
999896
1024885
1049873
1074862
1099850
1124839
1149827
1174816
1199804
1224793
-4683
-4613
-4103
-3383
-2634
-1924
-1304
-775
-340
1
256
441
576
667
727
767
792
812
822
822
822
822
817
817
822
817
817
817
817
807
807
807
802
807
802
807
802
802
802
812
797
797
802
802
802
802
802
802
802
797
792
787
782
782
772
772
772
767
762
757
757
757
757
747
747
747
742
732
732
737
727
722
712
717
707
702
697
692
682
677
667
652
637
616
596
551
491
401
271
76
-185
-540
-1010
-1614
-2359
-3263
-4333
-5587
-6987
-8541