1199877
1174890
1149903
1124917
1099930
1074943
1049956
1024970
999983
974996
950009
925023
900036
875049
850062
825076
800089
775102
750115
725129
700142
675155
650168
625182
600195
575208
550221
525235
500248
475261
450275
425288
400301
375314
350327
325341
300354
275367
250380
225394
200407
175420
150433
125447
100460
75473
50486
25500
513
-24473
513
25500
50486
75473
100460
125447
150433
175420
200407
225394
250380
275367
300354
325341
350327
375314
400301
425288
450275
475261
500248
525235
550221
575208
600195
625182
650168
675155
700142
725129
750115
775102
800089
825076
850062
875049
900036
925023
950009
974996
999983
1024970
1049956
1074943
1099930
1124917
1149903
1174890
1199877
1224864
-8145
-6810
-5535
-4340
-3230
-2210
-1265
-410
345
1010
1576
2061
2446
2746
2992
3172
3312
3412
3487
3542
3587
3617
3632
3647
3657
3667
3667
3672
3672
3667
3667
3662
3662
3657
3652
3647
3647
3637
3637
3627
3632
3622
3612
3612
3607
3597
3597
3592
3592
3587
3537
3507
3482
3467
3457
3442
3437
3427
3417
3407
3392
3377
3372
3362
3337
3332
3327
3317
3297
3282
3272
3247
3232
3207
3187
3172
3152
3122
3087
3057
3012
2947
2877
2776
2646
2466
2236
1921
1516
1010
380
-345
-1200
-2170
-3235
-4395
-5630
-6940
-8305
-9720