1199804
1174816
1149827
1124839
1099850
1074862
1049873
1024885
999896
974908
949919
924931
899942
874954
849965
824977
799988
775000
750011
725023
700034
675046
650057
625069
600080
575092
550103
525115
500126
475138
450149
425161
400172
375184
350195
325207
300218
275230
250241
225253
200264
175276
150287
125299
100310
75322
50333
25345
356
-24631
356
25345
50333
75322
100310
125299
150287
175276
200264
225253
250241
275230
300218
325207
350195
375184
400172
425161
450149
475138
500126
525115
550103
575092
600080
625069
650057
675046
700034
725023
750011
775000
799988
824977
849965
874954
899942
924931
949919
974908
999896
1024885
1049873
1074862
1099850
1124839
1149827
1174816
1199804
1224793
-4608
-3953
-3338
-2749
-2199
-1684
-1220
-800
-440
-140
116
301
451
561
632
687
722
747
767
782
797
797
802
812
812
817
817
817
817
817
817
817
817
817
817
812
817
812
812
812
812
812
817
817
812
817
817
822
822
817
792
767
762
747
742
732
722
722
712
707
697
692
692
687
677
672
662
652
647
642
637
621
611
601
596
581
566
551
541
521
506
481
451
421
371
306
211
86
-80
-285
-545
-870
-1235
-1654
-2129
-2654
-3223
-3833
-4478
-5157