1199125
1174143
1149160
1124178
1099195
1074213
1049230
1024248
999265
974283
949300
924318
899335
874353
849370
824388
799405
774423
749440
724458
699475
674493
649510
624528
599545
574563
549580
524598
499615
474633
449650
424668
399685
374703
349720
324738
299755
274773
249790
224808
199825
174843
149860
124878
99895
74913
49930
24948
-34
-25016
-34
24948
49930
74913
99895
124878
149860
174843
199825
224808
249790
274773
299755
324738
349720
374703
399685
424668
449650
474633
499615
524598
549580
574563
599545
624528
649510
674493
699475
724458
749440
774423
799405
824388
849370
874353
899335
924318
949300
974283
999265
1024248
1049230
1074213
1099195
1124178
1149160
1174143
1199125
1224108
-2705
-2485
-2261
-2051
-1832
-1612
-1397
-1183
-963
-754
-539
-330
-130
67
247
417
562
697
817
907
992
1057
1107
1147
1182
1207
1222
1237
1247
1257
1257
1267
1267
1267
1272
1277
1272
1272
1277
1277
1277
1277
1282
1272
1282
1277
1277
1282
1287
1282
1267
1257
1242
1242
1237
1232
1227
1217
1212
1212
1202
1197
1192
1182
1177
1172
1162
1147
1137
1132
1117
1102
1077
1062
1032
987
957
902
842
767
682
587
467
342
192
27
-150
-345
-544
-759
-963
-1183
-1397
-1617
-1837
-2051
-2271
-2490
-2705
-2924