1199125
1174143
1149160
1124178
1099195
1074213
1049230
1024248
999265
974283
949300
924318
899335
874353
849370
824388
799405
774423
749440
724458
699475
674493
649510
624528
599545
574563
549580
524598
499615
474633
449650
424668
399685
374703
349720
324738
299755
274773
249790
224808
199825
174843
149860
124878
99895
74913
49930
24948
-34
-25016
-34
24948
49930
74913
99895
124878
149860
174843
199825
224808
249790
274773
299755
324738
349720
374703
399685
424668
449650
474633
499615
524598
549580
574563
599545
624528
649510
674493
699475
724458
749440
774423
799405
824388
849370
874353
899335
924318
949300
974283
999265
1024248
1049230
1074213
1099195
1124178
1149160
1174143
1199125
1224108
-6522
-5684
-4925
-4212
-3543
-2904
-2311
-1722
-1168
-649
-160
297
707
1087
1417
1716
1961
2176
2351
2486
2601
2691
2751
2796
2826
2856
2866
2881
2881
2886
2881
2886
2881
2866
2866
2861
2851
2841
2831
2821
2811
2796
2786
2766
2766
2746
2736
2726
2726
2706
2561
2461
2396
2336
2291
2241
2206
2171
2141
2111
2076
2046
2016
1986
1961
1931
1901
1871
1846
1816
1791
1756
1731
1696
1656
1616
1582
1527
1467
1397
1292
1167
1007
817
582
332
22
-315
-694
-1098
-1537
-1991
-2485
-2994
-3513
-4052
-4616
-5190
-5783
-6392