1199125
1174143
1149160
1124178
1099195
1074213
1049230
1024248
999265
974283
949300
924318
899335
874353
849370
824388
799405
774423
749440
724458
699475
674493
649510
624528
599545
574563
549580
524598
499615
474633
449650
424668
399685
374703
349720
324738
299755
274773
249790
224808
199825
174843
149860
124878
99895
74913
49930
24948
-34
-25016
-34
24948
49930
74913
99895
124878
149860
174843
199825
224808
249790
274773
299755
324738
349720
374703
399685
424668
449650
474633
499615
524598
549580
574563
599545
624528
649510
674493
699475
724458
749440
774423
799405
824388
849370
874353
899335
924318
949300
974283
999265
1024248
1049230
1074213
1099195
1124178
1149160
1174143
1199125
1224108
-6073
-5354
-4561
-3778
-2919
-2071
-1178
-285
527
1312
1991
2656
3161
3646
3985
4305
4615
4780
5005
5150
5230
5225
5375
5435
5525
5590
5665
5700
5810
5860
5905
5915
5965
5995
6015
6050
6070
6090
6115
6135
6145
6170
6190
6205
6225
6240
6250
6265
6285
6290
6235
6190
6140
6100
6065
6025
5980
5940
5900
5860
5815
5775
5730
5685
5650
5600
5545
5500
5435
5365
5290
5260
5135
4990
4930
4785
4680
4570
4430
4265
4155
4015
3776
3591
3271
2946
2521
2101
1602
1012
407
-275
-1048
-1881
-2770
-3748
-4706
-5759
-6861
-8014