1199125
1174143
1149160
1124178
1099195
1074213
1049230
1024248
999265
974283
949300
924318
899335
874353
849370
824388
799405
774423
749440
724458
699475
674493
649510
624528
599545
574563
549580
524598
499615
474633
449650
424668
399685
374703
349720
324738
299755
274773
249790
224808
199825
174843
149860
124878
99895
74913
49930
24948
-34
-25016
-34
24948
49930
74913
99895
124878
149860
174843
199825
224808
249790
274773
299755
324738
349720
374703
399685
424668
449650
474633
499615
524598
549580
574563
599545
624528
649510
674493
699475
724458
749440
774423
799405
824388
849370
874353
899335
924318
949300
974283
999265
1024248
1049230
1074213
1099195
1124178
1149160
1174143
1199125
1224108
-5309
-4631
-4007
-3408
-2854
-2331
-1822
-1328
-869
-444
-45
302
617
902
1132
1322
1487
1606
1716
1781
1836
1881
1901
1921
1936
1936
1936
1946
1946
1941
1936
1931
1931
1921
1916
1901
1906
1896
1881
1881
1876
1861
1851
1851
1841
1831
1826
1821
1821
1816
1721
1661
1611
1582
1552
1527
1502
1472
1452
1432
1417
1397
1377
1352
1332
1312
1297
1282
1257
1242
1222
1197
1182
1157
1137
1122
1087
1062
1027
987
937
867
772
662
522
337
117
-140
-434
-759
-1128
-1522
-1946
-2390
-2859
-3358
-3862
-4396
-4930
-5504