1199125
1174143
1149160
1124178
1099195
1074213
1049230
1024248
999265
974283
949300
924318
899335
874353
849370
824388
799405
774423
749440
724458
699475
674493
649510
624528
599545
574563
549580
524598
499615
474633
449650
424668
399685
374703
349720
324738
299755
274773
249790
224808
199825
174843
149860
124878
99895
74913
49930
24948
-34
-25016
-34
24948
49930
74913
99895
124878
149860
174843
199825
224808
249790
274773
299755
324738
349720
374703
399685
424668
449650
474633
499615
524598
549580
574563
599545
624528
649510
674493
699475
724458
749440
774423
799405
824388
849370
874353
899335
924318
949300
974283
999265
1024248
1049230
1074213
1099195
1124178
1149160
1174143
1199125
1224108
-3723
-3309
-2894
-2495
-2121
-1757
-1417
-1098
-799
-524
-285
-80
97
237
352
432
487
532
562
582
597
612
612
627
627
637
637
642
637
647
647
647
652
652
647
652
652
647
652
652
647
652
652
647
652
657
647
657
647
652
627
617
592
587
572
562
557
542
537
537
527
522
502
502
497
492
482
477
472
462
457
447
442
437
427
417
407
402
387
372
352
327
282
232
157
57
-80
-240
-434
-649
-893
-1168
-1457
-1777
-2101
-2450
-2820
-3214
-3628
-4057