1199125
1174143
1149160
1124178
1099195
1074213
1049230
1024248
999265
974283
949300
924318
899335
874353
849370
824388
799405
774423
749440
724458
699475
674493
649510
624528
599545
574563
549580
524598
499615
474633
449650
424668
399685
374703
349720
324738
299755
274773
249790
224808
199825
174843
149860
124878
99895
74913
49930
24948
-34
-25016
-34
24948
49930
74913
99895
124878
149860
174843
199825
224808
249790
274773
299755
324738
349720
374703
399685
424668
449650
474633
499615
524598
549580
574563
599545
624528
649510
674493
699475
724458
749440
774423
799405
824388
849370
874353
899335
924318
949300
974283
999265
1024248
1049230
1074213
1099195
1124178
1149160
1174143
1199125
1224108
-7315
-6732
-5963
-5170
-4396
-3668
-2994
-2365
-1797
-1288
-839
-464
-145
112
312
457
567
642
702
737
772
797
822
827
847
862
872
882
902
917
922
937
952
957
962
977
982
992
1007
1017
1022
1037
1042
1052
1057
1067
1072
1077
1087
1092
1077
1062
1047
1037
1032
1017
1002
1002
987
977
967
952
942
932
922
907
902
887
872
857
852
827
817
802
787
767
747
722
707
677
642
602
542
472
367
222
32
-225
-544
-928
-1397
-1956
-2615
-3363
-4207
-5145
-6173
-7260
-8413
-9606