1199125
1174143
1149160
1124178
1099195
1074213
1049230
1024248
999265
974283
949300
924318
899335
874353
849370
824388
799405
774423
749440
724458
699475
674493
649510
624528
599545
574563
549580
524598
499615
474633
449650
424668
399685
374703
349720
324738
299755
274773
249790
224808
199825
174843
149860
124878
99895
74913
49930
24948
-34
-25016
-34
24948
49930
74913
99895
124878
149860
174843
199825
224808
249790
274773
299755
324738
349720
374703
399685
424668
449650
474633
499615
524598
549580
574563
599545
624528
649510
674493
699475
724458
749440
774423
799405
824388
849370
874353
899335
924318
949300
974283
999265
1024248
1049230
1074213
1099195
1124178
1149160
1174143
1199125
1224108
-7839
-7141
-6243
-5324
-4431
-3593
-2800
-2071
-1422
-839
-330
102
462
742
957
1117
1232
1312
1382
1427
1457
1487
1517
1527
1542
1562
1572
1587
1597
1602
1616
1626
1631
1636
1641
1651
1661
1671
1676
1686
1691
1701
1701
1711
1711
1721
1726
1731
1741
1741
1716
1701
1686
1671
1661
1646
1631
1621
1611
1597
1592
1572
1562
1557
1542
1532
1517
1507
1497
1482
1472
1452
1437
1422
1407
1387
1367
1342
1312
1287
1242
1192
1137
1052
937
787
572
282
-85
-544
-1098
-1737
-2485
-3328
-4257
-5280
-6372
-7535
-8747
-10015