1199125
1174143
1149160
1124178
1099195
1074213
1049230
1024248
999265
974283
949300
924318
899335
874353
849370
824388
799405
774423
749440
724458
699475
674493
649510
624528
599545
574563
549580
524598
499615
474633
449650
424668
399685
374703
349720
324738
299755
274773
249790
224808
199825
174843
149860
124878
99895
74913
49930
24948
-34
-25016
-34
24948
49930
74913
99895
124878
149860
174843
199825
224808
249790
274773
299755
324738
349720
374703
399685
424668
449650
474633
499615
524598
549580
574563
599545
624528
649510
674493
699475
724458
749440
774423
799405
824388
849370
874353
899335
924318
949300
974283
999265
1024248
1049230
1074213
1099195
1124178
1149160
1174143
1199125
1224108
-5339
-5145
-4646
-4062
-3483
-2919
-2395
-1916
-1482
-1113
-789
-514
-290
-110
17
122
192
247
287
312
337
362
382
397
407
432
442
457
472
487
507
517
527
542
557
572
577
597
612
622
632
647
662
677
682
687
697
712
712
722
702
697
677
677
672
657
647
642
632
622
617
597
592
577
562
552
532
527
507
492
477
462
437
427
412
392
377
352
332
307
282
252
207
157
82
-20
-150
-320
-539
-819
-1163
-1592
-2106
-2700
-3403
-4197
-5080
-6043
-7076
-8164