1199125
1174143
1149160
1124178
1099195
1074213
1049230
1024248
999265
974283
949300
924318
899335
874353
849370
824388
799405
774423
749440
724458
699475
674493
649510
624528
599545
574563
549580
524598
499615
474633
449650
424668
399685
374703
349720
324738
299755
274773
249790
224808
199825
174843
149860
124878
99895
74913
49930
24948
-34
-25016
-34
24948
49930
74913
99895
124878
149860
174843
199825
224808
249790
274773
299755
324738
349720
374703
399685
424668
449650
474633
499615
524598
549580
574563
599545
624528
649510
674493
699475
724458
749440
774423
799405
824388
849370
874353
899335
924318
949300
974283
999265
1024248
1049230
1074213
1099195
1124178
1149160
1174143
1199125
1224108
-4087
-3608
-3144
-2700
-2276
-1871
-1492
-1123
-784
-484
-195
42
247
412
537
632
702
757
797
822
837
857
872
877
882
882
892
892
897
902
902
902
902
902
902
902
897
902
907
907
907
902
907
897
902
902
902
902
902
907
862
832
807
792
772
767
747
737
732
712
707
697
692
677
662
662
647
637
627
617
607
592
592
572
567
552
537
522
512
487
472
442
397
342
257
147
-2
-180
-390
-639
-908
-1208
-1542
-1891
-2266
-2650
-3074
-3513
-3972
-4446