1199125
1174143
1149160
1124178
1099195
1074213
1049230
1024248
999265
974283
949300
924318
899335
874353
849370
824388
799405
774423
749440
724458
699475
674493
649510
624528
599545
574563
549580
524598
499615
474633
449650
424668
399685
374703
349720
324738
299755
274773
249790
224808
199825
174843
149860
124878
99895
74913
49930
24948
-34
-25016
-34
24948
49930
74913
99895
124878
149860
174843
199825
224808
249790
274773
299755
324738
349720
374703
399685
424668
449650
474633
499615
524598
549580
574563
599545
624528
649510
674493
699475
724458
749440
774423
799405
824388
849370
874353
899335
924318
949300
974283
999265
1024248
1049230
1074213
1099195
1124178
1149160
1174143
1199125
1224108
-2410
-2206
-2016
-1817
-1627
-1442
-1253
-1063
-874
-694
-514
-340
-165
-2
142
282
407
512
602
687
742
797
837
867
897
912
927
927
937
947
957
957
962
962
967
962
962
967
967
967
967
972
972
972
972
972
972
977
977
977
967
962
947
947
942
942
927
932
927
917
912
912
907
902
897
887
882
877
872
857
852
842
822
812
782
762
727
677
632
567
502
422
322
207
87
-50
-200
-360
-524
-699
-883
-1068
-1258
-1442
-1632
-1822
-2016
-2206
-2405
-2600