1199125
1174143
1149160
1124178
1099195
1074213
1049230
1024248
999265
974283
949300
924318
899335
874353
849370
824388
799405
774423
749440
724458
699475
674493
649510
624528
599545
574563
549580
524598
499615
474633
449650
424668
399685
374703
349720
324738
299755
274773
249790
224808
199825
174843
149860
124878
99895
74913
49930
24948
-34
-25016
-34
24948
49930
74913
99895
124878
149860
174843
199825
224808
249790
274773
299755
324738
349720
374703
399685
424668
449650
474633
499615
524598
549580
574563
599545
624528
649510
674493
699475
724458
749440
774423
799405
824388
849370
874353
899335
924318
949300
974283
999265
1024248
1049230
1074213
1099195
1124178
1149160
1174143
1199125
1224108
-3713
-3284
-2879
-2480
-2106
-1752
-1412
-1088
-794
-529
-290
-85
92
227
337
422
477
517
547
572
587
597
602
612
622
622
617
627
632
632
637
632
632
637
632
637
637
637
637
632
637
637
637
637
637
642
632
637
642
637
612
597
577
572
562
552
542
532
532
522
517
507
507
497
487
482
472
472
467
462
447
437
437
427
417
407
402
392
377
362
347
317
282
222
142
47
-85
-245
-434
-659
-898
-1163
-1452
-1762
-2091
-2435
-2800
-3184
-3583
-4017