1199125
1174143
1149160
1124178
1099195
1074213
1049230
1024248
999265
974283
949300
924318
899335
874353
849370
824388
799405
774423
749440
724458
699475
674493
649510
624528
599545
574563
549580
524598
499615
474633
449650
424668
399685
374703
349720
324738
299755
274773
249790
224808
199825
174843
149860
124878
99895
74913
49930
24948
-34
-25016
-34
24948
49930
74913
99895
124878
149860
174843
199825
224808
249790
274773
299755
324738
349720
374703
399685
424668
449650
474633
499615
524598
549580
574563
599545
624528
649510
674493
699475
724458
749440
774423
799405
824388
849370
874353
899335
924318
949300
974283
999265
1024248
1049230
1074213
1099195
1124178
1149160
1174143
1199125
1224108
-2111
-1861
-1637
-1417
-1193
-968
-774
-579
-399
-240
-95
42
152
252
337
402
397
492
562
587
607
622
632
637
652
652
662
667
657
657
662
667
667
662
667
667
677
672
672
672
677
672
667
662
667
677
672
677
667
672
657
647
632
622
622
617
557
607
617
617
592
587
592
597
582
577
567
562
557
552
542
527
527
512
502
497
482
472
462
437
412
372
327
282
222
147
62
-30
-130
-240
-375
-509
-464
-804
-973
-1228
-829
-1457
-1647
-2106