1199125
1174143
1149160
1124178
1099195
1074213
1049230
1024248
999265
974283
949300
924318
899335
874353
849370
824388
799405
774423
749440
724458
699475
674493
649510
624528
599545
574563
549580
524598
499615
474633
449650
424668
399685
374703
349720
324738
299755
274773
249790
224808
199825
174843
149860
124878
99895
74913
49930
24948
-34
-25016
-34
24948
49930
74913
99895
124878
149860
174843
199825
224808
249790
274773
299755
324738
349720
374703
399685
424668
449650
474633
499615
524598
549580
574563
599545
624528
649510
674493
699475
724458
749440
774423
799405
824388
849370
874353
899335
924318
949300
974283
999265
1024248
1049230
1074213
1099195
1124178
1149160
1174143
1199125
1224108
-6637
-5813
-4840
-3847
-2869
-1946
-1093
-320
337
912
1407
1811
2156
2436
2671
2856
3011
3136
3241
3326
3391
3456
3501
3541
3581
3611
3646
3671
3691
3711
3731
3741
3766
3781
3796
3806
3811
3831
3846
3861
3866
3876
3886
3891
3906
3916
3926
3936
3946
3956
3906
3876
3856
3816
3781
3761
3731
3701
3676
3661
3621
3601
3576
3546
3511
3481
3461
3426
3401
3366
3336
3306
3266
3226
3181
3136
3081
3021
2956
2886
2801
2696
2581
2451
2281
2081
1831
1522
1147
687
167
-454
-1173
-1981
-2869
-3837
-4885
-5983
-7136
-8333