1199125
1174143
1149160
1124178
1099195
1074213
1049230
1024248
999265
974283
949300
924318
899335
874353
849370
824388
799405
774423
749440
724458
699475
674493
649510
624528
599545
574563
549580
524598
499615
474633
449650
424668
399685
374703
349720
324738
299755
274773
249790
224808
199825
174843
149860
124878
99895
74913
49930
24948
-34
-25016
-34
24948
49930
74913
99895
124878
149860
174843
199825
224808
249790
274773
299755
324738
349720
374703
399685
424668
449650
474633
499615
524598
549580
574563
599545
624528
649510
674493
699475
724458
749440
774423
799405
824388
849370
874353
899335
924318
949300
974283
999265
1024248
1049230
1074213
1099195
1124178
1149160
1174143
1199125
1224108
-3803
-3348
-2924
-2520
-2126
-1752
-1407
-1078
-769
-489
-240
-25
157
312
422
507
567
607
647
657
677
697
697
712
707
717
722
727
727
727
727
737
732
742
737
737
737
737
737
742
742
737
742
737
742
742
737
737
742
737
702
682
667
652
637
627
622
607
597
587
577
572
562
552
547
537
532
517
512
507
502
497
482
472
467
452
442
432
417
402
382
357
317
257
182
87
-50
-225
-414
-639
-893
-1168
-1472
-1787
-2126
-2490
-2864
-3264
-3688
-4117