1199125
1174143
1149160
1124178
1099195
1074213
1049230
1024248
999265
974283
949300
924318
899335
874353
849370
824388
799405
774423
749440
724458
699475
674493
649510
624528
599545
574563
549580
524598
499615
474633
449650
424668
399685
374703
349720
324738
299755
274773
249790
224808
199825
174843
149860
124878
99895
74913
49930
24948
-34
-25016
-34
24948
49930
74913
99895
124878
149860
174843
199825
224808
249790
274773
299755
324738
349720
374703
399685
424668
449650
474633
499615
524598
549580
574563
599545
624528
649510
674493
699475
724458
749440
774423
799405
824388
849370
874353
899335
924318
949300
974283
999265
1024248
1049230
1074213
1099195
1124178
1149160
1174143
1199125
1224108
-3638
-3314
-2999
-2690
-2385
-2081
-1772
-1462
-1163
-864
-564
-275
2
267
512
737
942
1127
1267
1397
1492
1572
1636
1676
1721
1756
1771
1786
1801
1811
1811
1816
1826
1826
1836
1836
1826
1836
1836
1836
1831
1831
1836
1831
1831
1831
1831
1831
1831
1831
1791
1771
1756
1746
1741
1731
1716
1711
1696
1691
1686
1676
1666
1661
1641
1631
1626
1611
1592
1577
1562
1542
1522
1487
1452
1417
1372
1317
1242
1157
1057
937
787
612
422
197
-50
-310
-584
-874
-1173
-1477
-1787
-2086
-2395
-2705
-3009
-3309
-3628
-4002