1199125
1174143
1149160
1124178
1099195
1074213
1049230
1024248
999265
974283
949300
924318
899335
874353
849370
824388
799405
774423
749440
724458
699475
674493
649510
624528
599545
574563
549580
524598
499615
474633
449650
424668
399685
374703
349720
324738
299755
274773
249790
224808
199825
174843
149860
124878
99895
74913
49930
24948
-34
-25016
-34
24948
49930
74913
99895
124878
149860
174843
199825
224808
249790
274773
299755
324738
349720
374703
399685
424668
449650
474633
499615
524598
549580
574563
599545
624528
649510
674493
699475
724458
749440
774423
799405
824388
849370
874353
899335
924318
949300
974283
999265
1024248
1049230
1074213
1099195
1124178
1149160
1174143
1199125
1224108
-3353
-2979
-2615
-2266
-1921
-1612
-1308
-1033
-764
-534
-335
-145
12
137
237
312
367
407
432
457
472
482
482
492
492
502
502
502
497
507
507
512
512
517
512
512
517
517
517
512
512
517
517
517
517
517
522
522
522
517
497
492
487
477
472
467
462
452
452
447
447
437
432
427
432
422
417
412
407
407
397
387
387
382
372
362
357
352
337
322
302
272
232
172
102
2
-120
-275
-444
-639
-854
-1098
-1353
-1622
-1921
-2226
-2555
-2904
-3264
-3658