1199125
1174143
1149160
1124178
1099195
1074213
1049230
1024248
999265
974283
949300
924318
899335
874353
849370
824388
799405
774423
749440
724458
699475
674493
649510
624528
599545
574563
549580
524598
499615
474633
449650
424668
399685
374703
349720
324738
299755
274773
249790
224808
199825
174843
149860
124878
99895
74913
49930
24948
-34
-25016
-34
24948
49930
74913
99895
124878
149860
174843
199825
224808
249790
274773
299755
324738
349720
374703
399685
424668
449650
474633
499615
524598
549580
574563
599545
624528
649510
674493
699475
724458
749440
774423
799405
824388
849370
874353
899335
924318
949300
974283
999265
1024248
1049230
1074213
1099195
1124178
1149160
1174143
1199125
1224108
-6652
-6213
-5544
-4825
-4122
-3453
-2835
-2261
-1742
-1288
-883
-539
-265
-30
147
277
367
432
487
522
547
572
592
612
622
637
652
667
682
697
702
712
737
747
757
772
787
797
807
822
832
842
857
862
872
882
887
902
902
907
892
882
882
867
852
842
837
822
817
802
792
782
767
757
747
732
722
702
692
677
667
647
632
612
592
582
557
542
517
492
462
422
372
302
217
82
-85
-310
-594
-938
-1368
-1881
-2480
-3179
-3987
-4875
-5863
-6916
-8039
-9211