1199125
1174143
1149160
1124178
1099195
1074213
1049230
1024248
999265
974283
949300
924318
899335
874353
849370
824388
799405
774423
749440
724458
699475
674493
649510
624528
599545
574563
549580
524598
499615
474633
449650
424668
399685
374703
349720
324738
299755
274773
249790
224808
199825
174843
149860
124878
99895
74913
49930
24948
-34
-25016
-34
24948
49930
74913
99895
124878
149860
174843
199825
224808
249790
274773
299755
324738
349720
374703
399685
424668
449650
474633
499615
524598
549580
574563
599545
624528
649510
674493
699475
724458
749440
774423
799405
824388
849370
874353
899335
924318
949300
974283
999265
1024248
1049230
1074213
1099195
1124178
1149160
1174143
1199125
1224108
-9206
-8174
-7121
-6108
-5145
-4207
-3319
-2445
-1607
-814
-50
677
1347
1961
2521
3011
3416
3751
4010
4210
4380
4495
4600
4685
4740
4795
4830
4865
4885
4915
4935
4950
4965
4980
4995
5005
5010
5015
5015
5020
5025
5020
5020
5025
5025
5020
5015
5015
5010
5005
4935
4885
4845
4810
4790
4755
4730
4710
4675
4655
4620
4595
4570
4550
4510
4480
4445
4395
4355
4290
4235
4160
4080
3976
3876
3731
3566
3381
3156
2896
2596
2261
1876
1467
1012
532
17
-534
-1113
-1722
-2355
-2994
-3668
-4361
-5050
-5754
-6482
-7201
-7934
-8678