1199125
1174143
1149160
1124178
1099195
1074213
1049230
1024248
999265
974283
949300
924318
899335
874353
849370
824388
799405
774423
749440
724458
699475
674493
649510
624528
599545
574563
549580
524598
499615
474633
449650
424668
399685
374703
349720
324738
299755
274773
249790
224808
199825
174843
149860
124878
99895
74913
49930
24948
-34
-25016
-34
24948
49930
74913
99895
124878
149860
174843
199825
224808
249790
274773
299755
324738
349720
374703
399685
424668
449650
474633
499615
524598
549580
574563
599545
624528
649510
674493
699475
724458
749440
774423
799405
824388
849370
874353
899335
924318
949300
974283
999265
1024248
1049230
1074213
1099195
1124178
1149160
1174143
1199125
1224108
-7874
-7171
-6262
-5334
-4431
-3573
-2790
-2061
-1397
-809
-295
132
497
777
992
1152
1267
1362
1412
1467
1502
1527
1552
1577
1592
1602
1616
1631
1636
1651
1656
1676
1676
1686
1696
1696
1711
1711
1721
1726
1736
1741
1741
1756
1761
1771
1771
1781
1781
1791
1766
1751
1736
1716
1706
1691
1676
1661
1656
1641
1631
1616
1606
1597
1582
1577
1557
1547
1532
1517
1507
1492
1482
1457
1442
1427
1397
1377
1347
1322
1277
1227
1162
1082
972
822
607
317
-55
-509
-1068
-1717
-2465
-3309
-4247
-5270
-6367
-7525
-8747
-10010