1199125
1174143
1149160
1124178
1099195
1074213
1049230
1024248
999265
974283
949300
924318
899335
874353
849370
824388
799405
774423
749440
724458
699475
674493
649510
624528
599545
574563
549580
524598
499615
474633
449650
424668
399685
374703
349720
324738
299755
274773
249790
224808
199825
174843
149860
124878
99895
74913
49930
24948
-34
-25016
-34
24948
49930
74913
99895
124878
149860
174843
199825
224808
249790
274773
299755
324738
349720
374703
399685
424668
449650
474633
499615
524598
549580
574563
599545
624528
649510
674493
699475
724458
749440
774423
799405
824388
849370
874353
899335
924318
949300
974283
999265
1024248
1049230
1074213
1099195
1124178
1149160
1174143
1199125
1224108
-7784
-7046
-6113
-5160
-4227
-3343
-2530
-1787
-1118
-519
-7
427
777
1057
1277
1437
1552
1641
1711
1751
1796
1831
1861
1876
1896
1916
1931
1946
1956
1966
1976
1996
1996
2011
2016
2021
2031
2046
2046
2061
2066
2071
2071
2086
2096
2096
2106
2116
2121
2126
2101
2081
2056
2036
2031
2011
2001
1986
1976
1956
1946
1926
1916
1901
1886
1876
1861
1841
1826
1816
1796
1781
1756
1736
1721
1701
1681
1646
1626
1587
1542
1487
1422
1337
1227
1072
857
577
207
-260
-819
-1477
-2241
-3094
-4037
-5070
-6178
-7345
-8568
-9845