1199125
1174143
1149160
1124178
1099195
1074213
1049230
1024248
999265
974283
949300
924318
899335
874353
849370
824388
799405
774423
749440
724458
699475
674493
649510
624528
599545
574563
549580
524598
499615
474633
449650
424668
399685
374703
349720
324738
299755
274773
249790
224808
199825
174843
149860
124878
99895
74913
49930
24948
-34
-25016
-34
24948
49930
74913
99895
124878
149860
174843
199825
224808
249790
274773
299755
324738
349720
374703
399685
424668
449650
474633
499615
524598
549580
574563
599545
624528
649510
674493
699475
724458
749440
774423
799405
824388
849370
874353
899335
924318
949300
974283
999265
1024248
1049230
1074213
1099195
1124178
1149160
1174143
1199125
1224108
-3568
-3159
-2775
-2400
-2036
-1697
-1372
-1078
-794
-539
-310
-120
47
187
292
372
422
467
492
512
522
542
542
547
552
557
562
562
562
567
567
572
572
567
572
577
572
577
567
577
572
582
572
572
572
577
577
572
572
577
552
542
527
517
512
507
502
497
487
477
477
472
462
457
452
447
442
437
427
427
422
412
402
397
387
377
372
367
352
337
317
292
252
197
132
22
-105
-260
-449
-659
-893
-1148
-1417
-1712
-2026
-2365
-2710
-3079
-3468
-3882