1199125
1174143
1149160
1124178
1099195
1074213
1049230
1024248
999265
974283
949300
924318
899335
874353
849370
824388
799405
774423
749440
724458
699475
674493
649510
624528
599545
574563
549580
524598
499615
474633
449650
424668
399685
374703
349720
324738
299755
274773
249790
224808
199825
174843
149860
124878
99895
74913
49930
24948
-34
-25016
-34
24948
49930
74913
99895
124878
149860
174843
199825
224808
249790
274773
299755
324738
349720
374703
399685
424668
449650
474633
499615
524598
549580
574563
599545
624528
649510
674493
699475
724458
749440
774423
799405
824388
849370
874353
899335
924318
949300
974283
999265
1024248
1049230
1074213
1099195
1124178
1149160
1174143
1199125
1224108
-7889
-6991
-6093
-5210
-4346
-3493
-2655
-1827
-1023
-240
507
1227
1906
2516
3046
3506
3876
4160
4375
4535
4660
4760
4840
4910
4960
5010
5050
5090
5125
5165
5195
5225
5255
5275
5300
5320
5325
5340
5350
5370
5375
5390
5395
5410
5410
5420
5420
5425
5430
5425
5405
5390
5380
5360
5350
5335
5315
5305
5285
5270
5245
5225
5200
5160
5120
5075
5030
4975
4925
4850
4785
4705
4610
4505
4400
4270
4130
3971
3791
3566
3321
3036
2701
2321
1891
1417
902
342
-245
-869
-1532
-2206
-2894
-3608
-4316
-5035
-5759
-6487
-7211
-7934