1199125
1174143
1149160
1124178
1099195
1074213
1049230
1024248
999265
974283
949300
924318
899335
874353
849370
824388
799405
774423
749440
724458
699475
674493
649510
624528
599545
574563
549580
524598
499615
474633
449650
424668
399685
374703
349720
324738
299755
274773
249790
224808
199825
174843
149860
124878
99895
74913
49930
24948
-34
-25016
-34
24948
49930
74913
99895
124878
149860
174843
199825
224808
249790
274773
299755
324738
349720
374703
399685
424668
449650
474633
499615
524598
549580
574563
599545
624528
649510
674493
699475
724458
749440
774423
799405
824388
849370
874353
899335
924318
949300
974283
999265
1024248
1049230
1074213
1099195
1124178
1149160
1174143
1199125
1224108
-3358
-3074
-2805
-2525
-2256
-1986
-1707
-1442
-1158
-893
-619
-350
-90
157
397
602
807
982
1132
1257
1357
1447
1507
1562
1606
1631
1666
1676
1691
1701
1716
1716
1726
1721
1731
1726
1726
1731
1731
1731
1736
1731
1731
1736
1731
1726
1726
1731
1726
1731
1696
1681
1671
1656
1651
1636
1631
1626
1611
1606
1597
1592
1587
1572
1567
1552
1547
1527
1517
1497
1477
1457
1432
1402
1367
1322
1277
1217
1142
1057
947
827
677
507
317
107
-120
-375
-634
-893
-1168
-1442
-1717
-1991
-2266
-2535
-2810
-3074
-3338
-3673