1199125
1174143
1149160
1124178
1099195
1074213
1049230
1024248
999265
974283
949300
924318
899335
874353
849370
824388
799405
774423
749440
724458
699475
674493
649510
624528
599545
574563
549580
524598
499615
474633
449650
424668
399685
374703
349720
324738
299755
274773
249790
224808
199825
174843
149860
124878
99895
74913
49930
24948
-34
-25016
-34
24948
49930
74913
99895
124878
149860
174843
199825
224808
249790
274773
299755
324738
349720
374703
399685
424668
449650
474633
499615
524598
549580
574563
599545
624528
649510
674493
699475
724458
749440
774423
799405
824388
849370
874353
899335
924318
949300
974283
999265
1024248
1049230
1074213
1099195
1124178
1149160
1174143
1199125
1224108
-9057
-7964
-6891
-5893
-4945
-4052
-3189
-2365
-1572
-814
-90
582
1227
1811
2331
2791
3186
3516
3771
3981
4145
4285
4380
4465
4525
4570
4610
4640
4670
4685
4705
4715
4720
4730
4740
4745
4750
4760
4760
4755
4755
4755
4750
4745
4740
4735
4730
4730
4725
4710
4610
4555
4485
4445
4410
4365
4340
4300
4275
4235
4215
4180
4140
4105
4075
4045
4000
3966
3926
3876
3826
3761
3691
3606
3496
3371
3231
3056
2846
2606
2331
2006
1661
1267
852
377
-100
-614
-1163
-1727
-2316
-2924
-3558
-4207
-4865
-5549
-6228
-6936
-7650
-8368