1199125
1174143
1149160
1124178
1099195
1074213
1049230
1024248
999265
974283
949300
924318
899335
874353
849370
824388
799405
774423
749440
724458
699475
674493
649510
624528
599545
574563
549580
524598
499615
474633
449650
424668
399685
374703
349720
324738
299755
274773
249790
224808
199825
174843
149860
124878
99895
74913
49930
24948
-34
-25016
-34
24948
49930
74913
99895
124878
149860
174843
199825
224808
249790
274773
299755
324738
349720
374703
399685
424668
449650
474633
499615
524598
549580
574563
599545
624528
649510
674493
699475
724458
749440
774423
799405
824388
849370
874353
899335
924318
949300
974283
999265
1024248
1049230
1074213
1099195
1124178
1149160
1174143
1199125
1224108
-4810
-4202
-3643
-3114
-2600
-2121
-1652
-1213
-794
-409
-60
247
517
747
942
1087
1217
1307
1372
1427
1462
1487
1502
1512
1527
1532
1537
1537
1532
1537
1532
1532
1532
1522
1522
1517
1517
1507
1502
1502
1492
1492
1487
1482
1477
1467
1462
1462
1462
1452
1382
1332
1302
1267
1247
1227
1207
1187
1172
1157
1132
1122
1107
1087
1072
1057
1042
1032
1017
992
977
967
952
927
912
897
872
857
832
797
757
712
647
562
442
297
112
-115
-370
-669
-998
-1363
-1747
-2166
-2600
-3059
-3543
-4047
-4561
-5095