1199125
1174143
1149160
1124178
1099195
1074213
1049230
1024248
999265
974283
949300
924318
899335
874353
849370
824388
799405
774423
749440
724458
699475
674493
649510
624528
599545
574563
549580
524598
499615
474633
449650
424668
399685
374703
349720
324738
299755
274773
249790
224808
199825
174843
149860
124878
99895
74913
49930
24948
-34
-25016
-34
24948
49930
74913
99895
124878
149860
174843
199825
224808
249790
274773
299755
324738
349720
374703
399685
424668
449650
474633
499615
524598
549580
574563
599545
624528
649510
674493
699475
724458
749440
774423
799405
824388
849370
874353
899335
924318
949300
974283
999265
1024248
1049230
1074213
1099195
1124178
1149160
1174143
1199125
1224108
-9251
-8209
-7156
-6138
-5165
-4232
-3348
-2490
-1662
-874
-125
582
1257
1876
2426
2906
3311
3651
3916
4125
4295
4415
4520
4605
4670
4715
4755
4785
4815
4830
4845
4865
4880
4890
4900
4905
4915
4920
4915
4920
4925
4920
4915
4925
4910
4920
4910
4910
4905
4900
4810
4755
4715
4680
4640
4605
4580
4545
4515
4485
4465
4430
4405
4375
4345
4310
4275
4235
4180
4140
4080
4010
3936
3836
3731
3596
3441
3256
3036
2781
2486
2151
1781
1367
932
452
-50
-589
-1153
-1752
-2365
-2999
-3658
-4321
-5000
-5704
-6402
-7136
-7854
-8603