1199125
1174143
1149160
1124178
1099195
1074213
1049230
1024248
999265
974283
949300
924318
899335
874353
849370
824388
799405
774423
749440
724458
699475
674493
649510
624528
599545
574563
549580
524598
499615
474633
449650
424668
399685
374703
349720
324738
299755
274773
249790
224808
199825
174843
149860
124878
99895
74913
49930
24948
-34
-25016
-34
24948
49930
74913
99895
124878
149860
174843
199825
224808
249790
274773
299755
324738
349720
374703
399685
424668
449650
474633
499615
524598
549580
574563
599545
624528
649510
674493
699475
724458
749440
774423
799405
824388
849370
874353
899335
924318
949300
974283
999265
1024248
1049230
1074213
1099195
1124178
1149160
1174143
1199125
1224108
-8493
-7550
-6602
-5689
-4800
-3927
-3069
-2236
-1422
-629
127
847
1542
2171
2736
3221
3621
3951
4190
4395
4545
4660
4735
4820
4880
4930
4980
5030
5060
5105
5135
5155
5175
5200
5220
5235
5250
5260
5275
5285
5295
5290
5300
5305
5305
5300
5310
5310
5305
5310
5270
5240
5215
5195
5175
5160
5140
5125
5105
5085
5060
5035
5015
4980
4940
4905
4860
4815
4755
4685
4615
4535
4435
4335
4215
4085
3926
3746
3536
3301
3021
2701
2336
1926
1467
967
422
-145
-749
-1392
-2046
-2730
-3428
-4132
-4855
-5579
-6312
-7041
-7779
-8518