1199125
1174143
1149160
1124178
1099195
1074213
1049230
1024248
999265
974283
949300
924318
899335
874353
849370
824388
799405
774423
749440
724458
699475
674493
649510
624528
599545
574563
549580
524598
499615
474633
449650
424668
399685
374703
349720
324738
299755
274773
249790
224808
199825
174843
149860
124878
99895
74913
49930
24948
-34
-25016
-34
24948
49930
74913
99895
124878
149860
174843
199825
224808
249790
274773
299755
324738
349720
374703
399685
424668
449650
474633
499615
524598
549580
574563
599545
624528
649510
674493
699475
724458
749440
774423
799405
824388
849370
874353
899335
924318
949300
974283
999265
1024248
1049230
1074213
1099195
1124178
1149160
1174143
1199125
1224108
-2181
-1996
-1827
-1657
-1497
-1338
-1173
-1018
-859
-704
-549
-404
-265
-130
7
117
232
317
397
467
527
567
592
622
647
652
662
677
677
692
687
692
692
697
702
697
697
702
702
697
707
707
702
702
707
707
707
702
707
717
697
697
687
682
682
677
677
667
662
667
662
662
652
642
647
642
637
632
627
622
617
612
592
582
567
552
512
482
442
387
327
252
162
67
-50
-170
-295
-434
-574
-719
-864
-1018
-1183
-1338
-1492
-1657
-1822
-1986
-2151
-2311