1199125
1174143
1149160
1124178
1099195
1074213
1049230
1024248
999265
974283
949300
924318
899335
874353
849370
824388
799405
774423
749440
724458
699475
674493
649510
624528
599545
574563
549580
524598
499615
474633
449650
424668
399685
374703
349720
324738
299755
274773
249790
224808
199825
174843
149860
124878
99895
74913
49930
24948
-34
-25016
-34
24948
49930
74913
99895
124878
149860
174843
199825
224808
249790
274773
299755
324738
349720
374703
399685
424668
449650
474633
499615
524598
549580
574563
599545
624528
649510
674493
699475
724458
749440
774423
799405
824388
849370
874353
899335
924318
949300
974283
999265
1024248
1049230
1074213
1099195
1124178
1149160
1174143
1199125
1224108
-4132
-3643
-3174
-2720
-2296
-1886
-1497
-1133
-789
-474
-195
52
252
427
552
657
722
787
817
847
862
877
892
897
907
912
912
917
922
922
922
927
927
927
932
927
927
932
927
922
927
927
927
927
927
922
922
922
922
922
877
852
827
807
792
782
767
752
742
737
717
707
702
692
677
672
657
647
642
637
622
612
602
597
577
567
547
542
527
507
482
452
402
342
267
147
7
-170
-390
-629
-913
-1213
-1547
-1911
-2276
-2680
-3099
-3538
-3992
-4481