1199125
1174143
1149160
1124178
1099195
1074213
1049230
1024248
999265
974283
949300
924318
899335
874353
849370
824388
799405
774423
749440
724458
699475
674493
649510
624528
599545
574563
549580
524598
499615
474633
449650
424668
399685
374703
349720
324738
299755
274773
249790
224808
199825
174843
149860
124878
99895
74913
49930
24948
-34
-25016
-34
24948
49930
74913
99895
124878
149860
174843
199825
224808
249790
274773
299755
324738
349720
374703
399685
424668
449650
474633
499615
524598
549580
574563
599545
624528
649510
674493
699475
724458
749440
774423
799405
824388
849370
874353
899335
924318
949300
974283
999265
1024248
1049230
1074213
1099195
1124178
1149160
1174143
1199125
1224108
-4476
-4416
-4032
-3548
-3049
-2560
-2111
-1682
-1313
-988
-709
-469
-285
-130
-15
72
137
182
217
242
272
287
302
327
342
357
367
392
397
417
427
442
457
472
487
497
512
522
537
547
567
572
587
597
612
617
627
632
642
642
637
622
617
607
602
592
587
577
572
552
542
532
522
512
497
487
477
462
447
427
412
397
387
367
352
327
312
292
272
252
222
192
152
102
37
-55
-165
-315
-504
-759
-1058
-1432
-1886
-2420
-3049
-3768
-4576
-5459
-6422
-7440