1199125
1174143
1149160
1124178
1099195
1074213
1049230
1024248
999265
974283
949300
924318
899335
874353
849370
824388
799405
774423
749440
724458
699475
674493
649510
624528
599545
574563
549580
524598
499615
474633
449650
424668
399685
374703
349720
324738
299755
274773
249790
224808
199825
174843
149860
124878
99895
74913
49930
24948
-34
-25016
-34
24948
49930
74913
99895
124878
149860
174843
199825
224808
249790
274773
299755
324738
349720
374703
399685
424668
449650
474633
499615
524598
549580
574563
599545
624528
649510
674493
699475
724458
749440
774423
799405
824388
849370
874353
899335
924318
949300
974283
999265
1024248
1049230
1074213
1099195
1124178
1149160
1174143
1199125
1224108
-6931
-6422
-5709
-4970
-4232
-3543
-2899
-2311
-1772
-1293
-883
-524
-225
7
197
332
432
507
552
597
617
647
662
682
692
717
727
742
752
762
782
792
807
817
827
842
852
862
872
882
892
907
912
922
932
937
952
957
962
962
952
932
927
922
912
902
892
882
867
857
847
837
822
812
802
792
777
767
747
737
727
707
692
677
657
642
627
607
582
552
522
477
422
352
262
122
-50
-285
-574
-943
-1382
-1911
-2535
-3249
-4062
-4975
-5978
-7041
-8174
-9356