1199125
1174143
1149160
1124178
1099195
1074213
1049230
1024248
999265
974283
949300
924318
899335
874353
849370
824388
799405
774423
749440
724458
699475
674493
649510
624528
599545
574563
549580
524598
499615
474633
449650
424668
399685
374703
349720
324738
299755
274773
249790
224808
199825
174843
149860
124878
99895
74913
49930
24948
-34
-25016
-34
24948
49930
74913
99895
124878
149860
174843
199825
224808
249790
274773
299755
324738
349720
374703
399685
424668
449650
474633
499615
524598
549580
574563
599545
624528
649510
674493
699475
724458
749440
774423
799405
824388
849370
874353
899335
924318
949300
974283
999265
1024248
1049230
1074213
1099195
1124178
1149160
1174143
1199125
1224108
-8238
-7345
-6447
-5559
-4696
-3847
-3009
-2191
-1392
-609
142
862
1552
2186
2756
3246
3656
3981
4235
4425
4570
4685
4770
4845
4900
4960
5010
5050
5095
5125
5165
5195
5220
5245
5255
5280
5295
5310
5325
5340
5345
5355
5360
5365
5370
5375
5375
5380
5380
5385
5355
5335
5320
5300
5280
5270
5255
5235
5225
5205
5180
5160
5130
5095
5060
5015
4970
4920
4860
4795
4720
4640
4555
4450
4335
4210
4060
3886
3691
3466
3201
2901
2556
2151
1706
1217
687
112
-494
-1133
-1792
-2480
-3184
-3902
-4621
-5354
-6088
-6831
-7570
-8308