1199125
1174143
1149160
1124178
1099195
1074213
1049230
1024248
999265
974283
949300
924318
899335
874353
849370
824388
799405
774423
749440
724458
699475
674493
649510
624528
599545
574563
549580
524598
499615
474633
449650
424668
399685
374703
349720
324738
299755
274773
249790
224808
199825
174843
149860
124878
99895
74913
49930
24948
-34
-25016
-34
24948
49930
74913
99895
124878
149860
174843
199825
224808
249790
274773
299755
324738
349720
374703
399685
424668
449650
474633
499615
524598
549580
574563
599545
624528
649510
674493
699475
724458
749440
774423
799405
824388
849370
874353
899335
924318
949300
974283
999265
1024248
1049230
1074213
1099195
1124178
1149160
1174143
1199125
1224108
-3393
-3019
-2640
-2291
-1946
-1622
-1313
-1033
-774
-534
-320
-140
17
142
247
322
377
417
442
457
477
487
487
502
497
507
507
512
517
517
517
517
517
527
517
517
522
522
522
517
522
522
527
522
517
527
522
527
522
527
507
497
482
487
477
467
462
457
457
457
447
442
437
427
427
422
422
412
412
402
402
387
382
382
377
367
362
352
337
322
307
272
232
182
107
7
-120
-270
-439
-649
-864
-1098
-1363
-1642
-1941
-2256
-2585
-2939
-3309
-3693