1199125
1174143
1149160
1124178
1099195
1074213
1049230
1024248
999265
974283
949300
924318
899335
874353
849370
824388
799405
774423
749440
724458
699475
674493
649510
624528
599545
574563
549580
524598
499615
474633
449650
424668
399685
374703
349720
324738
299755
274773
249790
224808
199825
174843
149860
124878
99895
74913
49930
24948
-34
-25016
-34
24948
49930
74913
99895
124878
149860
174843
199825
224808
249790
274773
299755
324738
349720
374703
399685
424668
449650
474633
499615
524598
549580
574563
599545
624528
649510
674493
699475
724458
749440
774423
799405
824388
849370
874353
899335
924318
949300
974283
999265
1024248
1049230
1074213
1099195
1124178
1149160
1174143
1199125
1224108
-7475
-6871
-6088
-5260
-4461
-3698
-2994
-2341
-1752
-1218
-754
-355
-20
247
447
602
712
797
852
897
927
942
972
982
997
1012
1027
1037
1047
1062
1067
1082
1092
1092
1107
1112
1117
1137
1142
1152
1157
1162
1172
1177
1187
1187
1202
1202
1207
1222
1197
1192
1172
1162
1152
1142
1132
1122
1107
1102
1092
1082
1072
1062
1052
1037
1022
1017
1002
992
977
962
947
937
922
902
892
867
842
812
777
737
682
597
487
347
137
-130
-464
-883
-1372
-1966
-2645
-3423
-4297
-5265
-6312
-7425
-8603
-9815