1199125
1174143
1149160
1124178
1099195
1074213
1049230
1024248
999265
974283
949300
924318
899335
874353
849370
824388
799405
774423
749440
724458
699475
674493
649510
624528
599545
574563
549580
524598
499615
474633
449650
424668
399685
374703
349720
324738
299755
274773
249790
224808
199825
174843
149860
124878
99895
74913
49930
24948
-34
-25016
-34
24948
49930
74913
99895
124878
149860
174843
199825
224808
249790
274773
299755
324738
349720
374703
399685
424668
449650
474633
499615
524598
549580
574563
599545
624528
649510
674493
699475
724458
749440
774423
799405
824388
849370
874353
899335
924318
949300
974283
999265
1024248
1049230
1074213
1099195
1124178
1149160
1174143
1199125
1224108
-5185
-5025
-4536
-3977
-3408
-2864
-2346
-1871
-1457
-1083
-769
-499
-285
-110
12
117
197
242
282
307
332
352
372
382
402
417
432
452
462
477
492
507
522
532
547
562
577
582
597
617
622
637
652
652
667
677
687
692
702
707
692
682
667
667
662
657
642
637
617
607
597
592
577
562
552
537
527
512
502
482
467
447
432
422
402
387
372
352
327
302
277
247
202
147
77
-20
-150
-310
-529
-804
-1148
-1562
-2071
-2665
-3348
-4132
-5005
-5963
-6986
-8064