1199125
1174143
1149160
1124178
1099195
1074213
1049230
1024248
999265
974283
949300
924318
899335
874353
849370
824388
799405
774423
749440
724458
699475
674493
649510
624528
599545
574563
549580
524598
499615
474633
449650
424668
399685
374703
349720
324738
299755
274773
249790
224808
199825
174843
149860
124878
99895
74913
49930
24948
-34
-25016
-34
24948
49930
74913
99895
124878
149860
174843
199825
224808
249790
274773
299755
324738
349720
374703
399685
424668
449650
474633
499615
524598
549580
574563
599545
624528
649510
674493
699475
724458
749440
774423
799405
824388
849370
874353
899335
924318
949300
974283
999265
1024248
1049230
1074213
1099195
1124178
1149160
1174143
1199125
1224108
-3438
-3054
-2680
-2321
-1976
-1652
-1343
-1048
-779
-539
-325
-135
22
157
257
332
382
422
457
472
487
497
507
512
512
517
522
532
522
522
527
532
532
532
537
537
537
537
537
537
542
532
542
537
537
532
542
537
542
537
522
512
502
492
482
477
472
472
462
462
452
452
442
442
432
422
422
422
412
412
402
397
392
382
377
367
362
352
342
332
307
282
237
192
112
12
-115
-265
-444
-649
-869
-1113
-1377
-1662
-1961
-2281
-2620
-2974
-3353
-3748