1199125
1174143
1149160
1124178
1099195
1074213
1049230
1024248
999265
974283
949300
924318
899335
874353
849370
824388
799405
774423
749440
724458
699475
674493
649510
624528
599545
574563
549580
524598
499615
474633
449650
424668
399685
374703
349720
324738
299755
274773
249790
224808
199825
174843
149860
124878
99895
74913
49930
24948
-34
-25016
-34
24948
49930
74913
99895
124878
149860
174843
199825
224808
249790
274773
299755
324738
349720
374703
399685
424668
449650
474633
499615
524598
549580
574563
599545
624528
649510
674493
699475
724458
749440
774423
799405
824388
849370
874353
899335
924318
949300
974283
999265
1024248
1049230
1074213
1099195
1124178
1149160
1174143
1199125
1224108
-7729
-6991
-6058
-5095
-4172
-3294
-2480
-1732
-1058
-464
47
477
832
1112
1322
1477
1597
1686
1761
1806
1846
1881
1901
1931
1956
1961
1981
2001
2011
2021
2036
2041
2051
2066
2081
2081
2086
2091
2101
2111
2116
2126
2141
2136
2146
2156
2156
2166
2166
2186
2156
2131
2116
2101
2081
2066
2046
2036
2021
2011
1996
1981
1971
1946
1936
1926
1906
1896
1881
1866
1851
1841
1816
1791
1771
1756
1726
1696
1666
1626
1582
1532
1467
1377
1272
1112
902
612
252
-215
-769
-1432
-2191
-3044
-3992
-5025
-6128
-7300
-8518
-9795