1199125
1174143
1149160
1124178
1099195
1074213
1049230
1024248
999265
974283
949300
924318
899335
874353
849370
824388
799405
774423
749440
724458
699475
674493
649510
624528
599545
574563
549580
524598
499615
474633
449650
424668
399685
374703
349720
324738
299755
274773
249790
224808
199825
174843
149860
124878
99895
74913
49930
24948
-34
-25016
-34
24948
49930
74913
99895
124878
149860
174843
199825
224808
249790
274773
299755
324738
349720
374703
399685
424668
449650
474633
499615
524598
549580
574563
599545
624528
649510
674493
699475
724458
749440
774423
799405
824388
849370
874353
899335
924318
949300
974283
999265
1024248
1049230
1074213
1099195
1124178
1149160
1174143
1199125
1224108
-7814
-7136
-6267
-5374
-4501
-3673
-2909
-2201
-1557
-988
-489
-60
292
567
792
947
1067
1147
1212
1262
1287
1317
1337
1362
1372
1392
1402
1412
1417
1427
1432
1447
1457
1467
1472
1482
1487
1492
1497
1507
1512
1517
1527
1532
1537
1542
1547
1552
1557
1562
1542
1527
1512
1502
1492
1477
1467
1452
1442
1432
1417
1412
1402
1387
1382
1367
1357
1347
1332
1327
1302
1287
1282
1262
1247
1232
1207
1187
1162
1127
1102
1047
982
907
792
642
427
137
-225
-674
-1208
-1852
-2580
-3413
-4326
-5334
-6417
-7565
-8772
-10020