1199125
1174143
1149160
1124178
1099195
1074213
1049230
1024248
999265
974283
949300
924318
899335
874353
849370
824388
799405
774423
749440
724458
699475
674493
649510
624528
599545
574563
549580
524598
499615
474633
449650
424668
399685
374703
349720
324738
299755
274773
249790
224808
199825
174843
149860
124878
99895
74913
49930
24948
-34
-25016
-34
24948
49930
74913
99895
124878
149860
174843
199825
224808
249790
274773
299755
324738
349720
374703
399685
424668
449650
474633
499615
524598
549580
574563
599545
624528
649510
674493
699475
724458
749440
774423
799405
824388
849370
874353
899335
924318
949300
974283
999265
1024248
1049230
1074213
1099195
1124178
1149160
1174143
1199125
1224108
-9147
-8124
-7071
-6078
-5105
-4177
-3284
-2415
-1582
-789
-20
697
1382
2006
2561
3036
3446
3781
4040
4245
4405
4525
4620
4695
4760
4815
4855
4890
4925
4950
4970
4990
5000
5005
5020
5035
5045
5055
5055
5060
5065
5070
5060
5060
5060
5055
5055
5055
5050
5045
4975
4940
4895
4860
4830
4810
4780
4760
4735
4705
4685
4660
4635
4595
4570
4535
4495
4450
4400
4340
4280
4215
4125
4025
3911
3761
3606
3416
3191
2926
2636
2286
1911
1492
1042
552
37
-524
-1108
-1712
-2346
-2994
-3663
-4356
-5050
-5759
-6472
-7211
-7944
-8683