1199125
1174143
1149160
1124178
1099195
1074213
1049230
1024248
999265
974283
949300
924318
899335
874353
849370
824388
799405
774423
749440
724458
699475
674493
649510
624528
599545
574563
549580
524598
499615
474633
449650
424668
399685
374703
349720
324738
299755
274773
249790
224808
199825
174843
149860
124878
99895
74913
49930
24948
-34
-25016
-34
24948
49930
74913
99895
124878
149860
174843
199825
224808
249790
274773
299755
324738
349720
374703
399685
424668
449650
474633
499615
524598
549580
574563
599545
624528
649510
674493
699475
724458
749440
774423
799405
824388
849370
874353
899335
924318
949300
974283
999265
1024248
1049230
1074213
1099195
1124178
1149160
1174143
1199125
1224108
-5020
-4875
-4411
-3862
-3309
-2780
-2281
-1827
-1417
-1058
-754
-499
-285
-120
7
97
172
217
257
292
312
332
347
362
377
397
412
422
442
457
467
482
487
507
517
542
547
562
572
587
602
612
622
637
647
657
662
662
677
682
667
657
652
642
637
622
617
607
597
592
577
562
557
547
532
517
502
487
472
462
447
427
412
392
382
367
342
332
307
292
252
222
182
132
62
-30
-150
-315
-524
-794
-1113
-1517
-2001
-2570
-3234
-4002
-4840
-5773
-6771
-7834