1199125
1174143
1149160
1124178
1099195
1074213
1049230
1024248
999265
974283
949300
924318
899335
874353
849370
824388
799405
774423
749440
724458
699475
674493
649510
624528
599545
574563
549580
524598
499615
474633
449650
424668
399685
374703
349720
324738
299755
274773
249790
224808
199825
174843
149860
124878
99895
74913
49930
24948
-34
-25016
-34
24948
49930
74913
99895
124878
149860
174843
199825
224808
249790
274773
299755
324738
349720
374703
399685
424668
449650
474633
499615
524598
549580
574563
599545
624528
649510
674493
699475
724458
749440
774423
799405
824388
849370
874353
899335
924318
949300
974283
999265
1024248
1049230
1074213
1099195
1124178
1149160
1174143
1199125
1224108
-6801
-6322
-5629
-4895
-4187
-3513
-2874
-2296
-1767
-1298
-888
-539
-255
-25
157
292
392
462
507
542
572
597
617
632
642
667
677
687
702
717
732
747
757
772
787
792
812
817
827
842
847
862
877
887
902
907
907
917
922
932
917
902
897
882
872
867
852
842
837
822
812
802
792
782
767
752
732
722
712
697
687
667
652
637
622
597
582
562
532
512
482
442
387
317
227
92
-75
-305
-594
-943
-1382
-1901
-2510
-3219
-4032
-4925
-5918
-6976
-8099
-9266