1199125
1174143
1149160
1124178
1099195
1074213
1049230
1024248
999265
974283
949300
924318
899335
874353
849370
824388
799405
774423
749440
724458
699475
674493
649510
624528
599545
574563
549580
524598
499615
474633
449650
424668
399685
374703
349720
324738
299755
274773
249790
224808
199825
174843
149860
124878
99895
74913
49930
24948
-34
-25016
-34
24948
49930
74913
99895
124878
149860
174843
199825
224808
249790
274773
299755
324738
349720
374703
399685
424668
449650
474633
499615
524598
549580
574563
599545
624528
649510
674493
699475
724458
749440
774423
799405
824388
849370
874353
899335
924318
949300
974283
999265
1024248
1049230
1074213
1099195
1124178
1149160
1174143
1199125
1224108
-6702
-5838
-4850
-3832
-2849
-1936
-1088
-335
327
892
1372
1776
2106
2386
2601
2786
2936
3051
3156
3231
3301
3366
3406
3451
3486
3521
3541
3571
3591
3611
3631
3656
3666
3681
3701
3711
3716
3726
3741
3751
3766
3776
3786
3796
3806
3806
3816
3826
3836
3841
3801
3771
3746
3716
3686
3661
3636
3611
3576
3556
3531
3506
3481
3456
3426
3396
3371
3346
3316
3281
3251
3221
3191
3146
3101
3051
3006
2946
2886
2816
2741
2646
2541
2411
2251
2071
1826
1527
1152
712
192
-419
-1138
-1941
-2839
-3817
-4850
-5968
-7126
-8343