1199125
1174143
1149160
1124178
1099195
1074213
1049230
1024248
999265
974283
949300
924318
899335
874353
849370
824388
799405
774423
749440
724458
699475
674493
649510
624528
599545
574563
549580
524598
499615
474633
449650
424668
399685
374703
349720
324738
299755
274773
249790
224808
199825
174843
149860
124878
99895
74913
49930
24948
-34
-25016
-34
24948
49930
74913
99895
124878
149860
174843
199825
224808
249790
274773
299755
324738
349720
374703
399685
424668
449650
474633
499615
524598
549580
574563
599545
624528
649510
674493
699475
724458
749440
774423
799405
824388
849370
874353
899335
924318
949300
974283
999265
1024248
1049230
1074213
1099195
1124178
1149160
1174143
1199125
1224108
-8782
-7695
-6657
-5684
-4776
-3912
-3089
-2306
-1542
-819
-135
507
1112
1666
2171
2606
2981
3301
3561
3771
3941
4075
4180
4260
4315
4365
4400
4430
4450
4470
4480
4485
4495
4505
4505
4505
4505
4510
4505
4510
4500
4500
4495
4490
4485
4475
4470
4470
4460
4455
4330
4240
4180
4130
4080
4030
3995
3951
3916
3881
3846
3806
3771
3731
3691
3656
3621
3581
3526
3486
3436
3381
3321
3246
3161
3051
2926
2776
2586
2371
2116
1826
1502
1137
742
312
-140
-634
-1143
-1687
-2251
-2835
-3438
-4067
-4701
-5344
-6018
-6697
-7390
-8094