1199125
1174143
1149160
1124178
1099195
1074213
1049230
1024248
999265
974283
949300
924318
899335
874353
849370
824388
799405
774423
749440
724458
699475
674493
649510
624528
599545
574563
549580
524598
499615
474633
449650
424668
399685
374703
349720
324738
299755
274773
249790
224808
199825
174843
149860
124878
99895
74913
49930
24948
-34
-25016
-34
24948
49930
74913
99895
124878
149860
174843
199825
224808
249790
274773
299755
324738
349720
374703
399685
424668
449650
474633
499615
524598
549580
574563
599545
624528
649510
674493
699475
724458
749440
774423
799405
824388
849370
874353
899335
924318
949300
974283
999265
1024248
1049230
1074213
1099195
1124178
1149160
1174143
1199125
1224108
-7784
-7116
-6258
-5369
-4506
-3698
-2934
-2236
-1597
-1028
-544
-115
237
512
727
892
1007
1092
1147
1197
1237
1252
1277
1292
1307
1322
1332
1347
1357
1367
1377
1382
1387
1402
1407
1412
1422
1432
1437
1442
1447
1457
1457
1467
1472
1487
1482
1497
1492
1502
1487
1462
1452
1437
1432
1417
1402
1397
1382
1372
1362
1347
1337
1332
1322
1307
1302
1292
1282
1262
1257
1237
1222
1207
1192
1172
1152
1137
1107
1077
1042
992
937
852
742
582
367
87
-270
-719
-1253
-1886
-2610
-3433
-4336
-5344
-6417
-7565
-8762
-10005