1199125
1174143
1149160
1124178
1099195
1074213
1049230
1024248
999265
974283
949300
924318
899335
874353
849370
824388
799405
774423
749440
724458
699475
674493
649510
624528
599545
574563
549580
524598
499615
474633
449650
424668
399685
374703
349720
324738
299755
274773
249790
224808
199825
174843
149860
124878
99895
74913
49930
24948
-34
-25016
-34
24948
49930
74913
99895
124878
149860
174843
199825
224808
249790
274773
299755
324738
349720
374703
399685
424668
449650
474633
499615
524598
549580
574563
599545
624528
649510
674493
699475
724458
749440
774423
799405
824388
849370
874353
899335
924318
949300
974283
999265
1024248
1049230
1074213
1099195
1124178
1149160
1174143
1199125
1224108
-3673
-3249
-2839
-2450
-2076
-1732
-1392
-1078
-794
-529
-295
-90
82
222
322
407
462
507
532
552
567
577
587
592
592
602
607
607
607
607
612
612
612
617
612
617
622
617
617
622
617
617
622
612
622
617
622
627
617
622
602
577
567
552
547
537
532
527
517
512
502
497
487
482
477
472
462
457
447
447
437
432
417
412
412
402
392
382
372
357
337
312
262
212
142
42
-90
-250
-439
-654
-898
-1163
-1442
-1752
-2076
-2420
-2780
-3159
-3558
-3982