1199125
1174143
1149160
1124178
1099195
1074213
1049230
1024248
999265
974283
949300
924318
899335
874353
849370
824388
799405
774423
749440
724458
699475
674493
649510
624528
599545
574563
549580
524598
499615
474633
449650
424668
399685
374703
349720
324738
299755
274773
249790
224808
199825
174843
149860
124878
99895
74913
49930
24948
-34
-25016
-34
24948
49930
74913
99895
124878
149860
174843
199825
224808
249790
274773
299755
324738
349720
374703
399685
424668
449650
474633
499615
524598
549580
574563
599545
624528
649510
674493
699475
724458
749440
774423
799405
824388
849370
874353
899335
924318
949300
974283
999265
1024248
1049230
1074213
1099195
1124178
1149160
1174143
1199125
1224108
-5868
-5589
-5010
-4391
-3748
-3149
-2585
-2071
-1607
-1193
-839
-539
-290
-100
52
162
237
297
342
372
402
422
437
457
472
487
502
522
532
542
567
577
587
602
622
632
642
657
672
682
697
707
712
732
742
747
762
767
772
777
767
752
742
737
727
722
707
697
692
672
667
657
647
632
622
602
592
577
562
547
537
517
502
482
472
457
422
412
387
362
332
297
252
197
117
7
-140
-330
-569
-879
-1263
-1722
-2271
-2914
-3653
-4491
-5424
-6427
-7495
-8623