1199125
1174143
1149160
1124178
1099195
1074213
1049230
1024248
999265
974283
949300
924318
899335
874353
849370
824388
799405
774423
749440
724458
699475
674493
649510
624528
599545
574563
549580
524598
499615
474633
449650
424668
399685
374703
349720
324738
299755
274773
249790
224808
199825
174843
149860
124878
99895
74913
49930
24948
-34
-25016
-34
24948
49930
74913
99895
124878
149860
174843
199825
224808
249790
274773
299755
324738
349720
374703
399685
424668
449650
474633
499615
524598
549580
574563
599545
624528
649510
674493
699475
724458
749440
774423
799405
824388
849370
874353
899335
924318
949300
974283
999265
1024248
1049230
1074213
1099195
1124178
1149160
1174143
1199125
1224108
-4052
-3563
-3109
-2665
-2251
-1852
-1467
-1113
-779
-469
-200
32
232
387
517
617
682
727
767
797
807
822
832
837
847
857
862
862
862
862
867
867
872
872
867
867
867
872
872
872
877
877
867
862
862
867
867
867
867
867
827
797
777
762
752
732
717
707
697
692
682
672
657
642
642
632
622
607
602
592
582
577
562
547
547
527
517
507
492
472
447
422
382
322
237
132
-7
-190
-399
-629
-903
-1198
-1527
-1876
-2241
-2635
-3039
-3473
-3922
-4401