1199125
1174143
1149160
1124178
1099195
1074213
1049230
1024248
999265
974283
949300
924318
899335
874353
849370
824388
799405
774423
749440
724458
699475
674493
649510
624528
599545
574563
549580
524598
499615
474633
449650
424668
399685
374703
349720
324738
299755
274773
249790
224808
199825
174843
149860
124878
99895
74913
49930
24948
-34
-25016
-34
24948
49930
74913
99895
124878
149860
174843
199825
224808
249790
274773
299755
324738
349720
374703
399685
424668
449650
474633
499615
524598
549580
574563
599545
624528
649510
674493
699475
724458
749440
774423
799405
824388
849370
874353
899335
924318
949300
974283
999265
1024248
1049230
1074213
1099195
1124178
1149160
1174143
1199125
1224108
-3618
-3209
-2810
-2430
-2061
-1717
-1392
-1078
-804
-539
-310
-115
57
192
297
382
437
467
507
522
542
552
552
562
567
572
572
572
577
577
582
587
582
587
587
582
587
587
587
587
592
587
587
587
592
582
587
587
592
587
567
552
537
532
517
512
512
497
497
487
482
477
472
467
462
457
447
442
432
427
427
417
412
402
392
387
382
372
352
347
322
297
257
202
127
27
-110
-260
-444
-659
-893
-1153
-1437
-1727
-2051
-2390
-2745
-3119
-3518
-3927