1199125
1174143
1149160
1124178
1099195
1074213
1049230
1024248
999265
974283
949300
924318
899335
874353
849370
824388
799405
774423
749440
724458
699475
674493
649510
624528
599545
574563
549580
524598
499615
474633
449650
424668
399685
374703
349720
324738
299755
274773
249790
224808
199825
174843
149860
124878
99895
74913
49930
24948
-34
-25016
-34
24948
49930
74913
99895
124878
149860
174843
199825
224808
249790
274773
299755
324738
349720
374703
399685
424668
449650
474633
499615
524598
549580
574563
599545
624528
649510
674493
699475
724458
749440
774423
799405
824388
849370
874353
899335
924318
949300
974283
999265
1024248
1049230
1074213
1099195
1124178
1149160
1174143
1199125
1224108
-8209
-7300
-6387
-5484
-4601
-3743
-2884
-2051
-1228
-439
322
1047
1726
2351
2906
3376
3766
4070
4300
4480
4615
4720
4805
4875
4935
4985
5035
5075
5115
5145
5180
5205
5235
5250
5280
5295
5320
5325
5335
5345
5360
5365
5375
5380
5390
5390
5400
5395
5400
5390
5365
5345
5325
5315
5305
5290
5270
5260
5240
5225
5195
5175
5145
5110
5080
5035
4990
4935
4880
4815
4735
4655
4570
4465
4355
4235
4090
3921
3731
3506
3246
2951
2606
2186
1711
1227
697
127
-469
-1103
-1762
-2435
-3129
-3837
-4536
-5260
-5973
-6697
-7415
-8134