1199125
1174143
1149160
1124178
1099195
1074213
1049230
1024248
999265
974283
949300
924318
899335
874353
849370
824388
799405
774423
749440
724458
699475
674493
649510
624528
599545
574563
549580
524598
499615
474633
449650
424668
399685
374703
349720
324738
299755
274773
249790
224808
199825
174843
149860
124878
99895
74913
49930
24948
-34
-25016
-34
24948
49930
74913
99895
124878
149860
174843
199825
224808
249790
274773
299755
324738
349720
374703
399685
424668
449650
474633
499615
524598
549580
574563
599545
624528
649510
674493
699475
724458
749440
774423
799405
824388
849370
874353
899335
924318
949300
974283
999265
1024248
1049230
1074213
1099195
1124178
1149160
1174143
1199125
1224108
-3398
-3029
-2655
-2291
-1961
-1632
-1333
-1043
-784
-539
-330
-145
17
147
242
322
382
412
442
462
472
492
497
502
502
507
507
512
507
522
517
522
527
522
517
522
527
527
527
522
522
527
527
527
527
527
527
522
527
527
512
502
487
482
477
472
467
462
457
452
447
447
442
437
427
427
422
412
412
407
407
392
387
382
377
367
362
352
337
327
302
282
237
182
107
7
-125
-270
-444
-644
-864
-1103
-1368
-1652
-1946
-2256
-2585
-2944
-3314
-3698