1199125
1174143
1149160
1124178
1099195
1074213
1049230
1024248
999265
974283
949300
924318
899335
874353
849370
824388
799405
774423
749440
724458
699475
674493
649510
624528
599545
574563
549580
524598
499615
474633
449650
424668
399685
374703
349720
324738
299755
274773
249790
224808
199825
174843
149860
124878
99895
74913
49930
24948
-34
-25016
-34
24948
49930
74913
99895
124878
149860
174843
199825
224808
249790
274773
299755
324738
349720
374703
399685
424668
449650
474633
499615
524598
549580
574563
599545
624528
649510
674493
699475
724458
749440
774423
799405
824388
849370
874353
899335
924318
949300
974283
999265
1024248
1049230
1074213
1099195
1124178
1149160
1174143
1199125
1224108
-6692
-5848
-4870
-3872
-2904
-2006
-1168
-424
217
772
1247
1641
1966
2236
2446
2616
2761
2871
2961
3036
3106
3156
3206
3241
3276
3296
3321
3346
3366
3391
3406
3416
3441
3446
3456
3466
3486
3491
3506
3516
3526
3536
3541
3551
3566
3561
3576
3586
3591
3596
3566
3536
3506
3481
3461
3431
3406
3386
3361
3341
3321
3296
3271
3246
3221
3196
3171
3146
3116
3096
3066
3036
3006
2966
2936
2886
2841
2801
2746
2681
2611
2531
2436
2316
2161
1986
1756
1467
1117
677
157
-459
-1168
-1976
-2879
-3857
-4915
-6048
-7216
-8443