1199125
1174143
1149160
1124178
1099195
1074213
1049230
1024248
999265
974283
949300
924318
899335
874353
849370
824388
799405
774423
749440
724458
699475
674493
649510
624528
599545
574563
549580
524598
499615
474633
449650
424668
399685
374703
349720
324738
299755
274773
249790
224808
199825
174843
149860
124878
99895
74913
49930
24948
-34
-25016
-34
24948
49930
74913
99895
124878
149860
174843
199825
224808
249790
274773
299755
324738
349720
374703
399685
424668
449650
474633
499615
524598
549580
574563
599545
624528
649510
674493
699475
724458
749440
774423
799405
824388
849370
874353
899335
924318
949300
974283
999265
1024248
1049230
1074213
1099195
1124178
1149160
1174143
1199125
1224108
-8668
-7585
-6572
-5619
-4721
-3877
-3059
-2291
-1542
-829
-155
477
1072
1616
2111
2546
2921
3231
3491
3701
3871
4000
4110
4190
4250
4305
4350
4370
4385
4405
4410
4420
4425
4435
4430
4440
4440
4445
4435
4435
4430
4420
4415
4415
4405
4400
4395
4390
4385
4375
4245
4155
4080
4035
3976
3931
3891
3846
3811
3771
3741
3696
3656
3626
3581
3546
3506
3466
3426
3371
3331
3271
3206
3141
3066
2951
2841
2701
2521
2306
2056
1776
1452
1107
712
302
-150
-634
-1138
-1667
-2226
-2795
-3393
-4012
-4636
-5289
-5943
-6617
-7310
-8004