1199125
1174143
1149160
1124178
1099195
1074213
1049230
1024248
999265
974283
949300
924318
899335
874353
849370
824388
799405
774423
749440
724458
699475
674493
649510
624528
599545
574563
549580
524598
499615
474633
449650
424668
399685
374703
349720
324738
299755
274773
249790
224808
199825
174843
149860
124878
99895
74913
49930
24948
-34
-25016
-34
24948
49930
74913
99895
124878
149860
174843
199825
224808
249790
274773
299755
324738
349720
374703
399685
424668
449650
474633
499615
524598
549580
574563
599545
624528
649510
674493
699475
724458
749440
774423
799405
824388
849370
874353
899335
924318
949300
974283
999265
1024248
1049230
1074213
1099195
1124178
1149160
1174143
1199125
1224108
-7560
-6667
-5773
-4900
-4042
-3194
-2355
-1522
-724
52
792
1502
2156
2746
3261
3686
4020
4280
4475
4625
4735
4825
4895
4955
5010
5055
5100
5135
5165
5190
5215
5245
5265
5280
5305
5325
5330
5350
5360
5365
5375
5390
5400
5400
5410
5420
5425
5430
5425
5430
5410
5395
5385
5365
5360
5350
5325
5320
5300
5270
5255
5235
5210
5175
5140
5095
5050
5000
4940
4870
4800
4720
4635
4530
4425
4305
4160
4005
3821
3616
3381
3096
2776
2411
1996
1527
1027
482
-95
-709
-1353
-2016
-2700
-3398
-4107
-4820
-5534
-6262
-6981
-7700