1199125
1174143
1149160
1124178
1099195
1074213
1049230
1024248
999265
974283
949300
924318
899335
874353
849370
824388
799405
774423
749440
724458
699475
674493
649510
624528
599545
574563
549580
524598
499615
474633
449650
424668
399685
374703
349720
324738
299755
274773
249790
224808
199825
174843
149860
124878
99895
74913
49930
24948
-34
-25016
-34
24948
49930
74913
99895
124878
149860
174843
199825
224808
249790
274773
299755
324738
349720
374703
399685
424668
449650
474633
499615
524598
549580
574563
599545
624528
649510
674493
699475
724458
749440
774423
799405
824388
849370
874353
899335
924318
949300
974283
999265
1024248
1049230
1074213
1099195
1124178
1149160
1174143
1199125
1224108
-2455
-2251
-2056
-1852
-1657
-1457
-1268
-1073
-883
-694
-504
-325
-145
22
182
317
442
567
657
737
802
857
897
932
952
977
987
997
1007
1012
1012
1017
1022
1022
1027
1022
1027
1022
1027
1027
1027
1032
1027
1032
1027
1037
1032
1032
1037
1032
1022
1012
1007
1002
997
992
987
982
982
977
972
962
967
962
957
947
937
932
927
912
912
897
882
857
837
807
772
732
682
622
547
462
362
247
122
-20
-180
-340
-514
-699
-883
-1078
-1273
-1462
-1662
-1857
-2046
-2251
-2450
-2640