1199125
1174143
1149160
1124178
1099195
1074213
1049230
1024248
999265
974283
949300
924318
899335
874353
849370
824388
799405
774423
749440
724458
699475
674493
649510
624528
599545
574563
549580
524598
499615
474633
449650
424668
399685
374703
349720
324738
299755
274773
249790
224808
199825
174843
149860
124878
99895
74913
49930
24948
-34
-25016
-34
24948
49930
74913
99895
124878
149860
174843
199825
224808
249790
274773
299755
324738
349720
374703
399685
424668
449650
474633
499615
524598
549580
574563
599545
624528
649510
674493
699475
724458
749440
774423
799405
824388
849370
874353
899335
924318
949300
974283
999265
1024248
1049230
1074213
1099195
1124178
1149160
1174143
1199125
1224108
-4506
-4421
-4027
-3538
-3044
-2560
-2101
-1687
-1313
-983
-709
-469
-285
-135
-20
72
137
182
222
247
272
292
307
322
342
352
372
382
397
412
422
437
452
467
477
487
507
522
532
552
557
567
582
587
607
612
617
622
637
637
627
617
612
602
597
587
577
572
567
552
537
522
522
502
492
477
462
457
437
422
407
387
377
357
342
322
307
282
272
247
227
182
152
102
37
-50
-170
-315
-509
-744
-1048
-1422
-1871
-2395
-3014
-3718
-4521
-5399
-6352
-7365