1199125
1174143
1149160
1124178
1099195
1074213
1049230
1024248
999265
974283
949300
924318
899335
874353
849370
824388
799405
774423
749440
724458
699475
674493
649510
624528
599545
574563
549580
524598
499615
474633
449650
424668
399685
374703
349720
324738
299755
274773
249790
224808
199825
174843
149860
124878
99895
74913
49930
24948
-34
-25016
-34
24948
49930
74913
99895
124878
149860
174843
199825
224808
249790
274773
299755
324738
349720
374703
399685
424668
449650
474633
499615
524598
549580
574563
599545
624528
649510
674493
699475
724458
749440
774423
799405
824388
849370
874353
899335
924318
949300
974283
999265
1024248
1049230
1074213
1099195
1124178
1149160
1174143
1199125
1224108
-3643
-3234
-2835
-2445
-2076
-1727
-1387
-1083
-789
-534
-300
-95
77
212
317
397
457
492
522
542
562
567
577
577
587
587
592
592
602
597
607
602
602
602
602
607
612
612
607
602
607
607
602
607
607
607
612
607
607
607
587
567
557
547
537
527
522
522
507
497
492
492
482
472
467
467
457
442
447
442
437
422
422
417
407
392
387
382
367
352
327
307
267
212
132
32
-90
-255
-439
-649
-893
-1153
-1447
-1742
-2066
-2405
-2765
-3149
-3548
-3967