1199125
1174143
1149160
1124178
1099195
1074213
1049230
1024248
999265
974283
949300
924318
899335
874353
849370
824388
799405
774423
749440
724458
699475
674493
649510
624528
599545
574563
549580
524598
499615
474633
449650
424668
399685
374703
349720
324738
299755
274773
249790
224808
199825
174843
149860
124878
99895
74913
49930
24948
-34
-25016
-34
24948
49930
74913
99895
124878
149860
174843
199825
224808
249790
274773
299755
324738
349720
374703
399685
424668
449650
474633
499615
524598
549580
574563
599545
624528
649510
674493
699475
724458
749440
774423
799405
824388
849370
874353
899335
924318
949300
974283
999265
1024248
1049230
1074213
1099195
1124178
1149160
1174143
1199125
1224108
-3528
-3139
-2750
-2385
-2031
-1687
-1372
-1068
-804
-539
-315
-125
37
172
272
352
407
447
482
497
512
512
527
537
537
537
547
542
547
547
557
557
557
562
557
562
562
557
562
557
557
567
562
562
562
562
562
562
562
562
542
527
522
512
502
492
492
477
477
467
467
457
457
447
452
442
442
432
427
417
412
402
402
392
382
377
372
367
352
332
317
282
252
192
122
17
-115
-265
-444
-654
-893
-1138
-1417
-1702
-2011
-2341
-2690
-3064
-3453
-3867