1199125
1174143
1149160
1124178
1099195
1074213
1049230
1024248
999265
974283
949300
924318
899335
874353
849370
824388
799405
774423
749440
724458
699475
674493
649510
624528
599545
574563
549580
524598
499615
474633
449650
424668
399685
374703
349720
324738
299755
274773
249790
224808
199825
174843
149860
124878
99895
74913
49930
24948
-34
-25016
-34
24948
49930
74913
99895
124878
149860
174843
199825
224808
249790
274773
299755
324738
349720
374703
399685
424668
449650
474633
499615
524598
549580
574563
599545
624528
649510
674493
699475
724458
749440
774423
799405
824388
849370
874353
899335
924318
949300
974283
999265
1024248
1049230
1074213
1099195
1124178
1149160
1174143
1199125
1224108
-5858
-5105
-4421
-3788
-3169
-2595
-2041
-1517
-1008
-539
-105
302
662
982
1267
1502
1711
1876
2006
2116
2191
2261
2306
2331
2351
2366
2376
2381
2381
2376
2371
2366
2361
2361
2351
2346
2331
2326
2316
2306
2296
2281
2271
2266
2256
2241
2236
2236
2216
2211
2096
2016
1961
1921
1881
1846
1811
1786
1756
1741
1711
1681
1656
1636
1616
1587
1572
1547
1522
1507
1477
1452
1427
1402
1372
1342
1307
1277
1232
1172
1102
1017
902
752
562
347
82
-210
-539
-908
-1303
-1722
-2186
-2655
-3144
-3663
-4197
-4746
-5309
-5888