1199125
1174143
1149160
1124178
1099195
1074213
1049230
1024248
999265
974283
949300
924318
899335
874353
849370
824388
799405
774423
749440
724458
699475
674493
649510
624528
599545
574563
549580
524598
499615
474633
449650
424668
399685
374703
349720
324738
299755
274773
249790
224808
199825
174843
149860
124878
99895
74913
49930
24948
-34
-25016
-34
24948
49930
74913
99895
124878
149860
174843
199825
224808
249790
274773
299755
324738
349720
374703
399685
424668
449650
474633
499615
524598
549580
574563
599545
624528
649510
674493
699475
724458
749440
774423
799405
824388
849370
874353
899335
924318
949300
974283
999265
1024248
1049230
1074213
1099195
1124178
1149160
1174143
1199125
1224108
-5729
-4980
-4321
-3688
-3084
-2520
-1976
-1452
-968
-504
-80
312
662
977
1252
1482
1676
1826
1951
2051
2126
2186
2226
2251
2271
2281
2286
2291
2286
2291
2286
2281
2276
2266
2261
2246
2246
2231
2226
2221
2211
2196
2186
2176
2171
2161
2151
2151
2136
2121
2016
1941
1881
1846
1806
1771
1746
1711
1691
1671
1646
1621
1597
1577
1552
1542
1512
1487
1472
1442
1422
1402
1372
1347
1322
1287
1267
1227
1187
1132
1072
987
872
732
557
347
102
-195
-514
-874
-1263
-1687
-2126
-2595
-3084
-3593
-4117
-4661
-5220
-5798