1199125
1174143
1149160
1124178
1099195
1074213
1049230
1024248
999265
974283
949300
924318
899335
874353
849370
824388
799405
774423
749440
724458
699475
674493
649510
624528
599545
574563
549580
524598
499615
474633
449650
424668
399685
374703
349720
324738
299755
274773
249790
224808
199825
174843
149860
124878
99895
74913
49930
24948
-34
-25016
-34
24948
49930
74913
99895
124878
149860
174843
199825
224808
249790
274773
299755
324738
349720
374703
399685
424668
449650
474633
499615
524598
549580
574563
599545
624528
649510
674493
699475
724458
749440
774423
799405
824388
849370
874353
899335
924318
949300
974283
999265
1024248
1049230
1074213
1099195
1124178
1149160
1174143
1199125
1224108
-7151
-6243
-5419
-4646
-3917
-3234
-2570
-1941
-1338
-774
-235
262
732
1162
1537
1871
2161
2411
2621
2791
2926
3026
3116
3176
3221
3251
3276
3291
3296
3301
3306
3311
3316
3306
3301
3296
3286
3281
3271
3261
3251
3241
3231
3216
3211
3196
3181
3171
3161
3151
2981
2866
2791
2726
2671
2621
2576
2536
2496
2461
2431
2391
2361
2331
2296
2261
2236
2201
2161
2136
2101
2066
2031
1991
1946
1896
1846
1776
1701
1592
1462
1302
1107
877
602
297
-45
-424
-839
-1278
-1752
-2246
-2760
-3294
-3847
-4416
-5010
-5619
-6233
-6866