1199125
1174143
1149160
1124178
1099195
1074213
1049230
1024248
999265
974283
949300
924318
899335
874353
849370
824388
799405
774423
749440
724458
699475
674493
649510
624528
599545
574563
549580
524598
499615
474633
449650
424668
399685
374703
349720
324738
299755
274773
249790
224808
199825
174843
149860
124878
99895
74913
49930
24948
-34
-25016
-34
24948
49930
74913
99895
124878
149860
174843
199825
224808
249790
274773
299755
324738
349720
374703
399685
424668
449650
474633
499615
524598
549580
574563
599545
624528
649510
674493
699475
724458
749440
774423
799405
824388
849370
874353
899335
924318
949300
974283
999265
1024248
1049230
1074213
1099195
1124178
1149160
1174143
1199125
1224108
-4326
-3798
-3304
-2825
-2375
-1941
-1532
-1143
-774
-449
-145
122
342
532
677
787
877
937
987
1012
1032
1052
1067
1072
1082
1082
1082
1092
1092
1097
1092
1092
1102
1092
1092
1097
1092
1097
1092
1082
1087
1087
1082
1077
1082
1082
1077
1077
1077
1072
1017
992
962
942
927
902
887
877
862
847
837
827
812
802
792
777
767
757
742
727
722
712
692
687
672
657
642
627
612
592
562
527
477
412
327
202
52
-140
-370
-629
-918
-1248
-1602
-1976
-2370
-2795
-3234
-3693
-4177
-4676