1199125
1174143
1149160
1124178
1099195
1074213
1049230
1024248
999265
974283
949300
924318
899335
874353
849370
824388
799405
774423
749440
724458
699475
674493
649510
624528
599545
574563
549580
524598
499615
474633
449650
424668
399685
374703
349720
324738
299755
274773
249790
224808
199825
174843
149860
124878
99895
74913
49930
24948
-34
-25016
-34
24948
49930
74913
99895
124878
149860
174843
199825
224808
249790
274773
299755
324738
349720
374703
399685
424668
449650
474633
499615
524598
549580
574563
599545
624528
649510
674493
699475
724458
749440
774423
799405
824388
849370
874353
899335
924318
949300
974283
999265
1024248
1049230
1074213
1099195
1124178
1149160
1174143
1199125
1224108
-3513
-3114
-2730
-2365
-2011
-1677
-1363
-1063
-789
-544
-320
-130
37
167
267
342
397
437
477
487
502
517
517
522
527
532
527
537
542
542
542
542
547
542
552
552
547
547
547
547
552
547
547
547
552
547
547
552
552
547
527
522
507
502
497
482
482
477
467
472
462
457
442
442
437
432
427
427
422
412
402
402
397
392
382
377
362
357
347
332
312
287
247
187
117
22
-115
-265
-439
-649
-874
-1133
-1402
-1687
-2001
-2326
-2670
-3029
-3428
-3822