1199125
1174143
1149160
1124178
1099195
1074213
1049230
1024248
999265
974283
949300
924318
899335
874353
849370
824388
799405
774423
749440
724458
699475
674493
649510
624528
599545
574563
549580
524598
499615
474633
449650
424668
399685
374703
349720
324738
299755
274773
249790
224808
199825
174843
149860
124878
99895
74913
49930
24948
-34
-25016
-34
24948
49930
74913
99895
124878
149860
174843
199825
224808
249790
274773
299755
324738
349720
374703
399685
424668
449650
474633
499615
524598
549580
574563
599545
624528
649510
674493
699475
724458
749440
774423
799405
824388
849370
874353
899335
924318
949300
974283
999265
1024248
1049230
1074213
1099195
1124178
1149160
1174143
1199125
1224108
-3209
-2839
-2495
-2156
-1837
-1532
-1248
-978
-734
-509
-315
-140
17
132
222
297
352
397
412
437
452
457
462
467
472
477
482
487
487
492
487
487
497
487
497
492
492
502
497
497
502
502
502
502
502
502
507
502
497
497
487
472
467
467
457
452
452
442
442
437
432
422
422
417
407
407
402
397
392
387
382
382
372
372
367
347
347
337
327
317
292
267
232
177
97
12
-110
-250
-414
-599
-819
-1038
-1288
-1552
-1832
-2126
-2440
-2765
-3119
-3488