1199125
1174143
1149160
1124178
1099195
1074213
1049230
1024248
999265
974283
949300
924318
899335
874353
849370
824388
799405
774423
749440
724458
699475
674493
649510
624528
599545
574563
549580
524598
499615
474633
449650
424668
399685
374703
349720
324738
299755
274773
249790
224808
199825
174843
149860
124878
99895
74913
49930
24948
-34
-25016
-34
24948
49930
74913
99895
124878
149860
174843
199825
224808
249790
274773
299755
324738
349720
374703
399685
424668
449650
474633
499615
524598
549580
574563
599545
624528
649510
674493
699475
724458
749440
774423
799405
824388
849370
874353
899335
924318
949300
974283
999265
1024248
1049230
1074213
1099195
1124178
1149160
1174143
1199125
1224108
-4441
-3897
-3378
-2904
-2430
-1986
-1557
-1158
-774
-434
-125
157
387
582
742
857
957
1027
1077
1107
1137
1157
1172
1177
1182
1192
1192
1197
1192
1202
1197
1202
1197
1197
1197
1192
1192
1187
1187
1187
1182
1177
1182
1177
1177
1172
1172
1162
1172
1167
1112
1072
1042
1012
1002
982
967
947
942
922
912
897
877
872
857
842
837
822
807
802
782
767
762
742
732
717
702
682
662
642
612
572
522
452
362
232
77
-125
-360
-634
-928
-1268
-1627
-2021
-2430
-2859
-3314
-3778
-4277
-4781