1199125
1174143
1149160
1124178
1099195
1074213
1049230
1024248
999265
974283
949300
924318
899335
874353
849370
824388
799405
774423
749440
724458
699475
674493
649510
624528
599545
574563
549580
524598
499615
474633
449650
424668
399685
374703
349720
324738
299755
274773
249790
224808
199825
174843
149860
124878
99895
74913
49930
24948
-34
-25016
-34
24948
49930
74913
99895
124878
149860
174843
199825
224808
249790
274773
299755
324738
349720
374703
399685
424668
449650
474633
499615
524598
549580
574563
599545
624528
649510
674493
699475
724458
749440
774423
799405
824388
849370
874353
899335
924318
949300
974283
999265
1024248
1049230
1074213
1099195
1124178
1149160
1174143
1199125
1224108
-7645
-7021
-6193
-5334
-4501
-3708
-2974
-2296
-1677
-1133
-649
-225
107
382
592
752
867
957
1007
1047
1082
1107
1132
1147
1157
1172
1187
1197
1207
1217
1227
1237
1242
1257
1267
1267
1277
1282
1292
1297
1307
1312
1317
1327
1332
1337
1347
1352
1352
1357
1347
1332
1312
1302
1292
1277
1272
1257
1247
1242
1232
1212
1207
1197
1187
1177
1167
1157
1137
1132
1122
1112
1092
1077
1062
1047
1027
1007
977
952
922
867
812
732
617
467
257
-25
-375
-804
-1328
-1941
-2645
-3453
-4351
-5329
-6392
-7530
-8717
-9950