1199125
1174143
1149160
1124178
1099195
1074213
1049230
1024248
999265
974283
949300
924318
899335
874353
849370
824388
799405
774423
749440
724458
699475
674493
649510
624528
599545
574563
549580
524598
499615
474633
449650
424668
399685
374703
349720
324738
299755
274773
249790
224808
199825
174843
149860
124878
99895
74913
49930
24948
-34
-25016
-34
24948
49930
74913
99895
124878
149860
174843
199825
224808
249790
274773
299755
324738
349720
374703
399685
424668
449650
474633
499615
524598
549580
574563
599545
624528
649510
674493
699475
724458
749440
774423
799405
824388
849370
874353
899335
924318
949300
974283
999265
1024248
1049230
1074213
1099195
1124178
1149160
1174143
1199125
1224108
-9007
-7919
-6866
-5873
-4940
-4032
-3184
-2360
-1592
-834
-130
557
1177
1761
2281
2731
3121
3446
3726
3926
4100
4225
4335
4410
4475
4525
4555
4595
4620
4630
4640
4655
4665
4675
4685
4685
4700
4700
4690
4690
4690
4690
4680
4690
4680
4675
4670
4665
4655
4650
4540
4465
4420
4370
4325
4290
4250
4215
4180
4150
4125
4085
4065
4025
3995
3956
3926
3886
3831
3786
3736
3676
3606
3521
3426
3301
3161
2991
2781
2546
2271
1961
1611
1227
802
362
-115
-624
-1153
-1727
-2301
-2909
-3538
-4187
-4840
-5494
-6193
-6871
-7580
-8303