1199125
1174143
1149160
1124178
1099195
1074213
1049230
1024248
999265
974283
949300
924318
899335
874353
849370
824388
799405
774423
749440
724458
699475
674493
649510
624528
599545
574563
549580
524598
499615
474633
449650
424668
399685
374703
349720
324738
299755
274773
249790
224808
199825
174843
149860
124878
99895
74913
49930
24948
-34
-25016
-34
24948
49930
74913
99895
124878
149860
174843
199825
224808
249790
274773
299755
324738
349720
374703
399685
424668
449650
474633
499615
524598
549580
574563
599545
624528
649510
674493
699475
724458
749440
774423
799405
824388
849370
874353
899335
924318
949300
974283
999265
1024248
1049230
1074213
1099195
1124178
1149160
1174143
1199125
1224108
-6128
-5334
-4616
-3947
-3314
-2715
-2141
-1582
-1063
-569
-115
302
687
1037
1337
1597
1816
1996
2141
2256
2351
2421
2476
2511
2531
2546
2551
2561
2556
2566
2561
2561
2551
2541
2536
2531
2516
2506
2501
2491
2481
2471
2456
2451
2431
2426
2416
2406
2396
2391
2256
2176
2116
2076
2026
1991
1956
1926
1896
1871
1846
1821
1791
1766
1741
1716
1686
1671
1641
1616
1592
1577
1542
1507
1482
1452
1417
1372
1317
1257
1177
1077
937
772
567
332
57
-260
-609
-993
-1397
-1837
-2301
-2795
-3294
-3817
-4366
-4925
-5504
-6098