1199125
1174143
1149160
1124178
1099195
1074213
1049230
1024248
999265
974283
949300
924318
899335
874353
849370
824388
799405
774423
749440
724458
699475
674493
649510
624528
599545
574563
549580
524598
499615
474633
449650
424668
399685
374703
349720
324738
299755
274773
249790
224808
199825
174843
149860
124878
99895
74913
49930
24948
-34
-25016
-34
24948
49930
74913
99895
124878
149860
174843
199825
224808
249790
274773
299755
324738
349720
374703
399685
424668
449650
474633
499615
524598
549580
574563
599545
624528
649510
674493
699475
724458
749440
774423
799405
824388
849370
874353
899335
924318
949300
974283
999265
1024248
1049230
1074213
1099195
1124178
1149160
1174143
1199125
1224108
-8877
-7959
-6976
-6008
-5060
-4147
-3249
-2380
-1537
-714
62
797
1492
2126
2701
3186
3596
3926
4180
4380
4525
4645
4740
4820
4885
4930
4970
5015
5040
5070
5095
5120
5140
5165
5170
5185
5195
5210
5215
5225
5230
5235
5245
5245
5240
5235
5235
5235
5230
5230
5180
5145
5125
5100
5075
5055
5035
5005
4990
4970
4955
4925
4900
4870
4840
4800
4760
4710
4655
4600
4525
4445
4360
4255
4135
4005
3836
3651
3436
3191
2896
2566
2196
1781
1322
817
287
-280
-883
-1527
-2176
-2854
-3553
-4267
-4980
-5719
-6457
-7196
-7949
-8703