1199125
1174143
1149160
1124178
1099195
1074213
1049230
1024248
999265
974283
949300
924318
899335
874353
849370
824388
799405
774423
749440
724458
699475
674493
649510
624528
599545
574563
549580
524598
499615
474633
449650
424668
399685
374703
349720
324738
299755
274773
249790
224808
199825
174843
149860
124878
99895
74913
49930
24948
-34
-25016
-34
24948
49930
74913
99895
124878
149860
174843
199825
224808
249790
274773
299755
324738
349720
374703
399685
424668
449650
474633
499615
524598
549580
574563
599545
624528
649510
674493
699475
724458
749440
774423
799405
824388
849370
874353
899335
924318
949300
974283
999265
1024248
1049230
1074213
1099195
1124178
1149160
1174143
1199125
1224108
-3623
-3219
-2820
-2440
-2071
-1727
-1397
-1088
-804
-544
-315
-115
62
197
302
387
437
482
497
527
537
542
557
557
567
577
572
577
582
582
582
587
587
582
587
582
582
587
587
587
587
597
587
592
587
592
592
587
587
592
572
557
547
532
527
517
507
507
497
492
482
477
472
467
462
452
452
442
442
437
427
422
417
407
402
387
377
377
362
342
332
297
262
202
132
27
-100
-260
-444
-659
-893
-1158
-1432
-1737
-2056
-2395
-2750
-3129
-3528
-3937