1199125
1174143
1149160
1124178
1099195
1074213
1049230
1024248
999265
974283
949300
924318
899335
874353
849370
824388
799405
774423
749440
724458
699475
674493
649510
624528
599545
574563
549580
524598
499615
474633
449650
424668
399685
374703
349720
324738
299755
274773
249790
224808
199825
174843
149860
124878
99895
74913
49930
24948
-34
-25016
-34
24948
49930
74913
99895
124878
149860
174843
199825
224808
249790
274773
299755
324738
349720
374703
399685
424668
449650
474633
499615
524598
549580
574563
599545
624528
649510
674493
699475
724458
749440
774423
799405
824388
849370
874353
899335
924318
949300
974283
999265
1024248
1049230
1074213
1099195
1124178
1149160
1174143
1199125
1224108
-9172
-8199
-7171
-6163
-5190
-4262
-3363
-2485
-1652
-834
-65
657
1352
1981
2546
3041
3456
3786
4060
4265
4425
4555
4650
4725
4790
4840
4890
4920
4955
4980
5000
5020
5030
5045
5060
5070
5075
5095
5100
5100
5105
5110
5105
5105
5105
5100
5095
5105
5095
5095
5030
4985
4950
4920
4895
4875
4840
4825
4805
4775
4750
4730
4700
4670
4635
4610
4565
4525
4480
4415
4350
4270
4190
4085
3966
3831
3661
3471
3241
2991
2676
2346
1961
1542
1087
592
72
-489
-1083
-1692
-2331
-2994
-3663
-4361
-5070
-5778
-6507
-7240
-7989
-8732