1199125
1174143
1149160
1124178
1099195
1074213
1049230
1024248
999265
974283
949300
924318
899335
874353
849370
824388
799405
774423
749440
724458
699475
674493
649510
624528
599545
574563
549580
524598
499615
474633
449650
424668
399685
374703
349720
324738
299755
274773
249790
224808
199825
174843
149860
124878
99895
74913
49930
24948
-34
-25016
-34
24948
49930
74913
99895
124878
149860
174843
199825
224808
249790
274773
299755
324738
349720
374703
399685
424668
449650
474633
499615
524598
549580
574563
599545
624528
649510
674493
699475
724458
749440
774423
799405
824388
849370
874353
899335
924318
949300
974283
999265
1024248
1049230
1074213
1099195
1124178
1149160
1174143
1199125
1224108
-4581
-4501
-4107
-3608
-3099
-2605
-2141
-1717
-1333
-998
-719
-474
-285
-125
-7
77
147
187
232
262
282
302
317
337
352
362
382
392
407
427
432
452
462
477
487
502
517
532
552
557
572
582
597
607
617
632
637
642
647
652
647
632
622
617
612
597
592
582
577
562
552
542
532
522
507
492
482
467
452
442
422
397
392
377
352
342
327
307
277
257
232
202
167
107
42
-45
-160
-315
-509
-754
-1063
-1447
-1911
-2455
-3084
-3813
-4636
-5534
-6502
-7535