1199125
1174143
1149160
1124178
1099195
1074213
1049230
1024248
999265
974283
949300
924318
899335
874353
849370
824388
799405
774423
749440
724458
699475
674493
649510
624528
599545
574563
549580
524598
499615
474633
449650
424668
399685
374703
349720
324738
299755
274773
249790
224808
199825
174843
149860
124878
99895
74913
49930
24948
-34
-25016
-34
24948
49930
74913
99895
124878
149860
174843
199825
224808
249790
274773
299755
324738
349720
374703
399685
424668
449650
474633
499615
524598
549580
574563
599545
624528
649510
674493
699475
724458
749440
774423
799405
824388
849370
874353
899335
924318
949300
974283
999265
1024248
1049230
1074213
1099195
1124178
1149160
1174143
1199125
1224108
-3653
-3249
-2839
-2450
-2086
-1732
-1397
-1088
-799
-539
-300
-95
77
212
317
402
457
492
522
547
562
562
577
577
592
592
597
597
602
602
602
607
602
607
612
612
607
617
607
607
612
607
607
607
612
607
612
612
612
612
582
567
557
547
537
532
527
512
507
497
497
492
482
482
472
467
457
457
447
442
437
427
422
422
407
402
392
382
372
352
332
302
267
212
142
37
-95
-255
-444
-649
-893
-1163
-1447
-1747
-2066
-2415
-2775
-3154
-3553
-3977