1199125
1174143
1149160
1124178
1099195
1074213
1049230
1024248
999265
974283
949300
924318
899335
874353
849370
824388
799405
774423
749440
724458
699475
674493
649510
624528
599545
574563
549580
524598
499615
474633
449650
424668
399685
374703
349720
324738
299755
274773
249790
224808
199825
174843
149860
124878
99895
74913
49930
24948
-34
-25016
-34
24948
49930
74913
99895
124878
149860
174843
199825
224808
249790
274773
299755
324738
349720
374703
399685
424668
449650
474633
499615
524598
549580
574563
599545
624528
649510
674493
699475
724458
749440
774423
799405
824388
849370
874353
899335
924318
949300
974283
999265
1024248
1049230
1074213
1099195
1124178
1149160
1174143
1199125
1224108
-7630
-7006
-6178
-5334
-4501
-3723
-2989
-2311
-1697
-1148
-669
-260
82
357
562
732
842
927
982
1027
1052
1077
1097
1112
1127
1147
1157
1167
1182
1187
1202
1212
1212
1227
1237
1242
1247
1257
1262
1277
1272
1282
1292
1302
1307
1317
1317
1322
1327
1337
1317
1297
1292
1277
1267
1252
1247
1237
1222
1217
1202
1192
1187
1172
1167
1152
1137
1132
1122
1112
1097
1077
1067
1052
1037
1022
1002
977
957
927
892
842
787
712
592
437
232
-45
-399
-829
-1338
-1951
-2655
-3453
-4341
-5329
-6392
-7525
-8708
-9930