1199125
1174143
1149160
1124178
1099195
1074213
1049230
1024248
999265
974283
949300
924318
899335
874353
849370
824388
799405
774423
749440
724458
699475
674493
649510
624528
599545
574563
549580
524598
499615
474633
449650
424668
399685
374703
349720
324738
299755
274773
249790
224808
199825
174843
149860
124878
99895
74913
49930
24948
-34
-25016
-34
24948
49930
74913
99895
124878
149860
174843
199825
224808
249790
274773
299755
324738
349720
374703
399685
424668
449650
474633
499615
524598
549580
574563
599545
624528
649510
674493
699475
724458
749440
774423
799405
824388
849370
874353
899335
924318
949300
974283
999265
1024248
1049230
1074213
1099195
1124178
1149160
1174143
1199125
1224108
-6352
-5704
-4865
-4022
-3164
-2291
-1397
-554
292
1027
1711
2301
2821
3276
3646
3981
4210
4335
4590
4730
4855
4970
5055
5130
5210
5265
5315
5360
5405
5440
5470
5510
5540
5560
5590
5620
5635
5660
5685
5695
5710
5735
5755
5765
5785
5805
5815
5835
5845
5860
5795
5745
5705
5660
5620
5585
5540
5500
5455
5415
5375
5330
5295
5245
5205
5165
5115
5070
5005
4955
4895
4820
4755
4690
4615
4500
4360
4300
4160
4010
3871
3711
3511
3241
2896
2636
2196
1711
1327
787
177
-524
-1268
-2116
-3014
-3997
-5020
-6093
-7216
-8533