1199125
1174143
1149160
1124178
1099195
1074213
1049230
1024248
999265
974283
949300
924318
899335
874353
849370
824388
799405
774423
749440
724458
699475
674493
649510
624528
599545
574563
549580
524598
499615
474633
449650
424668
399685
374703
349720
324738
299755
274773
249790
224808
199825
174843
149860
124878
99895
74913
49930
24948
-34
-25016
-34
24948
49930
74913
99895
124878
149860
174843
199825
224808
249790
274773
299755
324738
349720
374703
399685
424668
449650
474633
499615
524598
549580
574563
599545
624528
649510
674493
699475
724458
749440
774423
799405
824388
849370
874353
899335
924318
949300
974283
999265
1024248
1049230
1074213
1099195
1124178
1149160
1174143
1199125
1224108
-8099
-7096
-6168
-5289
-4476
-3693
-2949
-2236
-1547
-898
-275
297
847
1347
1791
2196
2546
2836
3086
3291
3451
3591
3696
3766
3821
3871
3906
3921
3941
3951
3961
3961
3971
3971
3966
3966
3961
3956
3961
3951
3946
3941
3931
3916
3906
3901
3896
3881
3876
3876
3701
3586
3501
3436
3366
3316
3271
3226
3186
3146
3101
3061
3021
2986
2936
2911
2871
2836
2791
2751
2711
2666
2616
2561
2501
2431
2346
2246
2111
1956
1766
1537
1272
962
622
252
-155
-589
-1058
-1542
-2066
-2605
-3164
-3738
-4331
-4945
-5574
-6218
-6866
-7535