1199125
1174143
1149160
1124178
1099195
1074213
1049230
1024248
999265
974283
949300
924318
899335
874353
849370
824388
799405
774423
749440
724458
699475
674493
649510
624528
599545
574563
549580
524598
499615
474633
449650
424668
399685
374703
349720
324738
299755
274773
249790
224808
199825
174843
149860
124878
99895
74913
49930
24948
-34
-25016
-34
24948
49930
74913
99895
124878
149860
174843
199825
224808
249790
274773
299755
324738
349720
374703
399685
424668
449650
474633
499615
524598
549580
574563
599545
624528
649510
674493
699475
724458
749440
774423
799405
824388
849370
874353
899335
924318
949300
974283
999265
1024248
1049230
1074213
1099195
1124178
1149160
1174143
1199125
1224108
-9077
-7640
-6248
-4980
-3822
-2735
-1752
-883
-135
472
962
1327
1587
1776
1906
1986
2051
2091
2116
2131
2141
2141
2146
2141
2136
2136
2131
2126
2121
2116
2111
2106
2101
2096
2086
2086
2081
2076
2066
2066
2071
2061
2056
2061
2051
2051
2051
2046
2041
2046
2001
1986
1971
1961
1956
1946
1946
1931
1926
1921
1916
1911
1896
1891
1881
1871
1861
1856
1846
1836
1821
1811
1801
1786
1776
1756
1746
1726
1711
1691
1671
1641
1602
1552
1477
1372
1217
1007
702
292
-230
-903
-1732
-2700
-3803
-5035
-6367
-7779
-9266
-10229