1199125
1174143
1149160
1124178
1099195
1074213
1049230
1024248
999265
974283
949300
924318
899335
874353
849370
824388
799405
774423
749440
724458
699475
674493
649510
624528
599545
574563
549580
524598
499615
474633
449650
424668
399685
374703
349720
324738
299755
274773
249790
224808
199825
174843
149860
124878
99895
74913
49930
24948
-34
-25016
-34
24948
49930
74913
99895
124878
149860
174843
199825
224808
249790
274773
299755
324738
349720
374703
399685
424668
449650
474633
499615
524598
549580
574563
599545
624528
649510
674493
699475
724458
749440
774423
799405
824388
849370
874353
899335
924318
949300
974283
999265
1024248
1049230
1074213
1099195
1124178
1149160
1174143
1199125
1224108
-4526
-3952
-3438
-2939
-2460
-2011
-1572
-1163
-774
-419
-100
187
432
632
797
927
1027
1092
1147
1192
1222
1237
1257
1267
1272
1277
1282
1282
1282
1282
1282
1287
1282
1282
1282
1277
1277
1272
1267
1272
1267
1257
1257
1257
1252
1247
1247
1247
1242
1242
1177
1137
1112
1082
1062
1047
1027
1012
997
977
967
957
942
922
917
902
887
867
862
842
837
817
807
787
777
757
747
722
707
677
652
607
557
482
382
257
92
-110
-365
-634
-943
-1283
-1657
-2046
-2460
-2894
-3358
-3832
-4326
-4840