1199125
1174143
1149160
1124178
1099195
1074213
1049230
1024248
999265
974283
949300
924318
899335
874353
849370
824388
799405
774423
749440
724458
699475
674493
649510
624528
599545
574563
549580
524598
499615
474633
449650
424668
399685
374703
349720
324738
299755
274773
249790
224808
199825
174843
149860
124878
99895
74913
49930
24948
-34
-25016
-34
24948
49930
74913
99895
124878
149860
174843
199825
224808
249790
274773
299755
324738
349720
374703
399685
424668
449650
474633
499615
524598
549580
574563
599545
624528
649510
674493
699475
724458
749440
774423
799405
824388
849370
874353
899335
924318
949300
974283
999265
1024248
1049230
1074213
1099195
1124178
1149160
1174143
1199125
1224108
-7181
-6382
-5424
-4451
-3493
-2595
-1772
-1023
-365
207
702
1117
1462
1731
1941
2111
2241
2341
2426
2486
2536
2586
2616
2651
2676
2706
2726
2736
2761
2776
2791
2801
2816
2826
2836
2846
2861
2871
2876
2891
2891
2906
2911
2926
2926
2946
2941
2951
2961
2966
2931
2911
2881
2866
2841
2821
2801
2786
2766
2746
2721
2706
2686
2666
2651
2626
2611
2591
2566
2546
2521
2501
2471
2441
2416
2386
2346
2311
2266
2216
2161
2091
2016
1916
1796
1626
1412
1132
767
317
-220
-854
-1597
-2435
-3368
-4381
-5474
-6627
-7834
-9092