1199125
1174143
1149160
1124178
1099195
1074213
1049230
1024248
999265
974283
949300
924318
899335
874353
849370
824388
799405
774423
749440
724458
699475
674493
649510
624528
599545
574563
549580
524598
499615
474633
449650
424668
399685
374703
349720
324738
299755
274773
249790
224808
199825
174843
149860
124878
99895
74913
49930
24948
-34
-25016
-34
24948
49930
74913
99895
124878
149860
174843
199825
224808
249790
274773
299755
324738
349720
374703
399685
424668
449650
474633
499615
524598
549580
574563
599545
624528
649510
674493
699475
724458
749440
774423
799405
824388
849370
874353
899335
924318
949300
974283
999265
1024248
1049230
1074213
1099195
1124178
1149160
1174143
1199125
1224108
-2111
-1931
-1772
-1602
-1442
-1288
-1128
-973
-824
-684
-534
-394
-260
-130
-2
102
202
287
362
427
477
517
547
567
587
602
607
617
617
622
622
627
627
637
632
632
632
637
632
642
637
637
642
642
642
642
647
642
642
642
637
627
632
627
617
622
612
617
612
607
607
597
602
592
587
587
587
572
567
562
557
552
542
527
517
497
477
437
397
352
292
222
132
42
-65
-175
-295
-414
-554
-694
-839
-988
-1138
-1288
-1442
-1597
-1757
-1916
-2071
-2236