1199125
1174143
1149160
1124178
1099195
1074213
1049230
1024248
999265
974283
949300
924318
899335
874353
849370
824388
799405
774423
749440
724458
699475
674493
649510
624528
599545
574563
549580
524598
499615
474633
449650
424668
399685
374703
349720
324738
299755
274773
249790
224808
199825
174843
149860
124878
99895
74913
49930
24948
-34
-25016
-34
24948
49930
74913
99895
124878
149860
174843
199825
224808
249790
274773
299755
324738
349720
374703
399685
424668
449650
474633
499615
524598
549580
574563
599545
624528
649510
674493
699475
724458
749440
774423
799405
824388
849370
874353
899335
924318
949300
974283
999265
1024248
1049230
1074213
1099195
1124178
1149160
1174143
1199125
1224108
-3378
-3004
-2640
-2281
-1941
-1627
-1323
-1038
-779
-539
-330
-150
17
142
242
317
367
407
437
457
472
482
487
492
497
497
502
507
502
507
512
507
517
517
522
512
522
517
512
517
517
522
522
517
517
522
522
522
527
522
507
492
487
477
472
472
462
462
447
452
442
437
432
432
432
422
422
417
407
402
397
387
387
377
372
367
357
352
337
327
302
277
232
177
102
2
-120
-270
-449
-644
-859
-1103
-1363
-1642
-1926
-2241
-2575
-2924
-3289
-3683