1199125
1174143
1149160
1124178
1099195
1074213
1049230
1024248
999265
974283
949300
924318
899335
874353
849370
824388
799405
774423
749440
724458
699475
674493
649510
624528
599545
574563
549580
524598
499615
474633
449650
424668
399685
374703
349720
324738
299755
274773
249790
224808
199825
174843
149860
124878
99895
74913
49930
24948
-34
-25016
-34
24948
49930
74913
99895
124878
149860
174843
199825
224808
249790
274773
299755
324738
349720
374703
399685
424668
449650
474633
499615
524598
549580
574563
599545
624528
649510
674493
699475
724458
749440
774423
799405
824388
849370
874353
899335
924318
949300
974283
999265
1024248
1049230
1074213
1099195
1124178
1149160
1174143
1199125
1224108
-3633
-3224
-2830
-2440
-2071
-1717
-1397
-1088
-804
-539
-315
-110
67
197
307
387
442
487
512
527
547
562
572
577
577
582
582
587
587
592
592
592
597
597
597
597
592
597
602
597
602
592
602
597
602
602
597
597
602
597
572
562
547
542
537
517
522
507
502
497
492
487
482
472
472
462
457
447
442
437
432
427
417
407
412
397
382
377
362
352
332
302
262
207
132
32
-90
-250
-444
-659
-893
-1158
-1437
-1742
-2056
-2400
-2755
-3134
-3528
-3952