1199125
1174143
1149160
1124178
1099195
1074213
1049230
1024248
999265
974283
949300
924318
899335
874353
849370
824388
799405
774423
749440
724458
699475
674493
649510
624528
599545
574563
549580
524598
499615
474633
449650
424668
399685
374703
349720
324738
299755
274773
249790
224808
199825
174843
149860
124878
99895
74913
49930
24948
-34
-25016
-34
24948
49930
74913
99895
124878
149860
174843
199825
224808
249790
274773
299755
324738
349720
374703
399685
424668
449650
474633
499615
524598
549580
574563
599545
624528
649510
674493
699475
724458
749440
774423
799405
824388
849370
874353
899335
924318
949300
974283
999265
1024248
1049230
1074213
1099195
1124178
1149160
1174143
1199125
1224108
-2575
-2360
-2146
-1941
-1732
-1532
-1323
-1118
-913
-714
-514
-320
-125
57
217
377
512
632
737
832
902
957
1002
1042
1072
1087
1112
1122
1127
1132
1142
1142
1147
1152
1152
1152
1152
1162
1162
1157
1162
1162
1157
1162
1162
1167
1162
1162
1162
1167
1152
1142
1137
1127
1127
1112
1112
1107
1097
1097
1097
1082
1077
1072
1072
1062
1052
1052
1037
1032
1017
1002
982
967
937
902
867
817
762
697
627
527
427
302
167
12
-155
-340
-519
-719
-913
-1118
-1328
-1532
-1737
-1946
-2156
-2355
-2565
-2780