1199125
1174143
1149160
1124178
1099195
1074213
1049230
1024248
999265
974283
949300
924318
899335
874353
849370
824388
799405
774423
749440
724458
699475
674493
649510
624528
599545
574563
549580
524598
499615
474633
449650
424668
399685
374703
349720
324738
299755
274773
249790
224808
199825
174843
149860
124878
99895
74913
49930
24948
-34
-25016
-34
24948
49930
74913
99895
124878
149860
174843
199825
224808
249790
274773
299755
324738
349720
374703
399685
424668
449650
474633
499615
524598
549580
574563
599545
624528
649510
674493
699475
724458
749440
774423
799405
824388
849370
874353
899335
924318
949300
974283
999265
1024248
1049230
1074213
1099195
1124178
1149160
1174143
1199125
1224108
-6258
-5903
-5280
-4611
-3937
-3304
-2720
-2171
-1677
-1248
-869
-544
-285
-80
87
192
287
352
397
432
452
477
492
507
527
537
567
577
587
602
622
632
642
657
672
682
697
707
722
737
752
757
772
777
787
802
807
812
822
827
817
802
797
787
777
772
757
752
737
727
712
697
687
677
662
647
642
622
612
592
582
567
547
537
517
497
477
457
437
407
377
342
292
232
147
42
-125
-325
-594
-913
-1323
-1802
-2370
-3044
-3803
-4671
-5629
-6652
-7744
-8887