1199125
1174143
1149160
1124178
1099195
1074213
1049230
1024248
999265
974283
949300
924318
899335
874353
849370
824388
799405
774423
749440
724458
699475
674493
649510
624528
599545
574563
549580
524598
499615
474633
449650
424668
399685
374703
349720
324738
299755
274773
249790
224808
199825
174843
149860
124878
99895
74913
49930
24948
-34
-25016
-34
24948
49930
74913
99895
124878
149860
174843
199825
224808
249790
274773
299755
324738
349720
374703
399685
424668
449650
474633
499615
524598
549580
574563
599545
624528
649510
674493
699475
724458
749440
774423
799405
824388
849370
874353
899335
924318
949300
974283
999265
1024248
1049230
1074213
1099195
1124178
1149160
1174143
1199125
1224108
-7610
-6986
-6163
-5319
-4496
-3723
-2989
-2321
-1712
-1163
-684
-280
62
337
547
702
817
897
952
992
1027
1052
1072
1092
1107
1122
1127
1137
1152
1162
1172
1182
1187
1197
1207
1207
1222
1237
1237
1242
1257
1257
1267
1282
1282
1287
1292
1297
1307
1312
1292
1277
1267
1252
1247
1232
1217
1207
1197
1187
1177
1167
1162
1147
1142
1127
1122
1107
1097
1082
1067
1052
1042
1027
1012
997
972
952
937
897
872
822
762
682
572
422
212
-60
-409
-839
-1348
-1951
-2650
-3448
-4331
-5309
-6377
-7505
-8683
-9920