1199125
1174143
1149160
1124178
1099195
1074213
1049230
1024248
999265
974283
949300
924318
899335
874353
849370
824388
799405
774423
749440
724458
699475
674493
649510
624528
599545
574563
549580
524598
499615
474633
449650
424668
399685
374703
349720
324738
299755
274773
249790
224808
199825
174843
149860
124878
99895
74913
49930
24948
-34
-25016
-34
24948
49930
74913
99895
124878
149860
174843
199825
224808
249790
274773
299755
324738
349720
374703
399685
424668
449650
474633
499615
524598
549580
574563
599545
624528
649510
674493
699475
724458
749440
774423
799405
824388
849370
874353
899335
924318
949300
974283
999265
1024248
1049230
1074213
1099195
1124178
1149160
1174143
1199125
1224108
-3284
-2919
-2555
-2216
-1881
-1577
-1278
-1003
-759
-524
-320
-135
17
137
232
312
372
402
432
447
467
477
482
487
492
497
502
497
497
507
507
507
507
512
512
512
517
517
512
512
512
517
517
522
517
517
522
517
517
517
507
497
487
472
467
467
457
457
457
442
442
437
427
427
422
422
417
412
407
397
397
392
387
377
367
367
357
347
342
317
302
272
232
182
107
7
-115
-265
-429
-624
-829
-1073
-1323
-1592
-1876
-2186
-2505
-2849
-3204
-3583