1199125
1174143
1149160
1124178
1099195
1074213
1049230
1024248
999265
974283
949300
924318
899335
874353
849370
824388
799405
774423
749440
724458
699475
674493
649510
624528
599545
574563
549580
524598
499615
474633
449650
424668
399685
374703
349720
324738
299755
274773
249790
224808
199825
174843
149860
124878
99895
74913
49930
24948
-34
-25016
-34
24948
49930
74913
99895
124878
149860
174843
199825
224808
249790
274773
299755
324738
349720
374703
399685
424668
449650
474633
499615
524598
549580
574563
599545
624528
649510
674493
699475
724458
749440
774423
799405
824388
849370
874353
899335
924318
949300
974283
999265
1024248
1049230
1074213
1099195
1124178
1149160
1174143
1199125
1224108
-6801
-6327
-5634
-4910
-4182
-3508
-2869
-2286
-1757
-1288
-869
-519
-235
-2
182
312
412
482
532
567
597
617
637
657
667
682
702
712
722
737
752
767
777
792
797
812
822
842
847
862
872
877
887
897
907
917
917
932
937
947
927
917
907
897
892
877
862
862
847
832
822
812
802
787
782
767
762
742
732
722
702
692
672
657
642
622
602
577
562
532
492
462
407
342
242
117
-70
-290
-579
-943
-1377
-1901
-2510
-3224
-4032
-4945
-5938
-7006
-8134
-9301