1199125
1174143
1149160
1124178
1099195
1074213
1049230
1024248
999265
974283
949300
924318
899335
874353
849370
824388
799405
774423
749440
724458
699475
674493
649510
624528
599545
574563
549580
524598
499615
474633
449650
424668
399685
374703
349720
324738
299755
274773
249790
224808
199825
174843
149860
124878
99895
74913
49930
24948
-34
-25016
-34
24948
49930
74913
99895
124878
149860
174843
199825
224808
249790
274773
299755
324738
349720
374703
399685
424668
449650
474633
499615
524598
549580
574563
599545
624528
649510
674493
699475
724458
749440
774423
799405
824388
849370
874353
899335
924318
949300
974283
999265
1024248
1049230
1074213
1099195
1124178
1149160
1174143
1199125
1224108
-3508
-3119
-2730
-2365
-2011
-1677
-1358
-1058
-794
-539
-320
-135
32
172
272
347
407
447
472
492
507
512
527
527
537
542
542
547
542
547
547
552
547
547
552
552
552
552
547
552
552
552
552
552
557
557
552
552
557
557
537
522
512
502
497
497
477
482
477
472
467
457
457
447
437
432
432
427
422
422
407
407
402
392
382
377
367
357
347
337
312
287
242
187
122
22
-110
-260
-444
-649
-879
-1133
-1407
-1692
-1996
-2321
-2665
-3029
-3418
-3827