1199125
1174143
1149160
1124178
1099195
1074213
1049230
1024248
999265
974283
949300
924318
899335
874353
849370
824388
799405
774423
749440
724458
699475
674493
649510
624528
599545
574563
549580
524598
499615
474633
449650
424668
399685
374703
349720
324738
299755
274773
249790
224808
199825
174843
149860
124878
99895
74913
49930
24948
-34
-25016
-34
24948
49930
74913
99895
124878
149860
174843
199825
224808
249790
274773
299755
324738
349720
374703
399685
424668
449650
474633
499615
524598
549580
574563
599545
624528
649510
674493
699475
724458
749440
774423
799405
824388
849370
874353
899335
924318
949300
974283
999265
1024248
1049230
1074213
1099195
1124178
1149160
1174143
1199125
1224108
-9087
-8009
-6951
-5948
-4990
-4082
-3199
-2355
-1532
-754
-7
697
1352
1961
2501
2981
3381
3711
3966
4170
4335
4460
4560
4635
4705
4750
4795
4830
4850
4875
4895
4910
4925
4940
4955
4955
4965
4970
4970
4975
4980
4980
4975
4980
4975
4965
4970
4965
4955
4955
4880
4825
4785
4745
4720
4685
4655
4630
4600
4570
4545
4510
4485
4460
4425
4390
4355
4310
4260
4205
4145
4070
3990
3896
3786
3651
3491
3301
3081
2821
2536
2201
1831
1422
982
492
-7
-544
-1123
-1712
-2331
-2969
-3628
-4311
-4995
-5684
-6402
-7121
-7844
-8583