1199125
1174143
1149160
1124178
1099195
1074213
1049230
1024248
999265
974283
949300
924318
899335
874353
849370
824388
799405
774423
749440
724458
699475
674493
649510
624528
599545
574563
549580
524598
499615
474633
449650
424668
399685
374703
349720
324738
299755
274773
249790
224808
199825
174843
149860
124878
99895
74913
49930
24948
-34
-25016
-34
24948
49930
74913
99895
124878
149860
174843
199825
224808
249790
274773
299755
324738
349720
374703
399685
424668
449650
474633
499615
524598
549580
574563
599545
624528
649510
674493
699475
724458
749440
774423
799405
824388
849370
874353
899335
924318
949300
974283
999265
1024248
1049230
1074213
1099195
1124178
1149160
1174143
1199125
1224108
-2116
-1946
-1782
-1622
-1467
-1313
-1163
-1018
-864
-714
-579
-444
-305
-180
-60
52
147
237
307
367
427
457
492
522
532
552
552
562
572
572
577
577
577
582
582
587
582
587
592
592
587
592
592
592
587
597
592
592
592
597
587
582
572
582
567
572
562
572
557
552
552
557
547
542
547
537
537
527
527
517
517
512
497
487
472
457
427
392
357
307
252
177
92
-2
-110
-215
-340
-464
-594
-729
-879
-1013
-1163
-1318
-1467
-1612
-1772
-1926
-2221
-2380