1199125
1174143
1149160
1124178
1099195
1074213
1049230
1024248
999265
974283
949300
924318
899335
874353
849370
824388
799405
774423
749440
724458
699475
674493
649510
624528
599545
574563
549580
524598
499615
474633
449650
424668
399685
374703
349720
324738
299755
274773
249790
224808
199825
174843
149860
124878
99895
74913
49930
24948
-34
-25016
-34
24948
49930
74913
99895
124878
149860
174843
199825
224808
249790
274773
299755
324738
349720
374703
399685
424668
449650
474633
499615
524598
549580
574563
599545
624528
649510
674493
699475
724458
749440
774423
799405
824388
849370
874353
899335
924318
949300
974283
999265
1024248
1049230
1074213
1099195
1124178
1149160
1174143
1199125
1224108
-5080
-4930
-4471
-3912
-3358
-2815
-2311
-1847
-1432
-1073
-754
-494
-285
-115
17
112
182
232
272
307
327
347
367
372
392
412
422
442
457
467
482
497
512
522
537
552
557
577
587
597
622
627
637
652
657
672
677
682
692
692
687
672
672
657
647
642
627
622
612
602
592
577
572
557
547
537
522
507
492
472
462
447
427
417
402
377
362
337
317
302
267
232
197
147
72
-15
-145
-310
-524
-799
-1133
-1547
-2041
-2630
-3304
-4072
-4950
-5893
-6906
-7979