1199125
1174143
1149160
1124178
1099195
1074213
1049230
1024248
999265
974283
949300
924318
899335
874353
849370
824388
799405
774423
749440
724458
699475
674493
649510
624528
599545
574563
549580
524598
499615
474633
449650
424668
399685
374703
349720
324738
299755
274773
249790
224808
199825
174843
149860
124878
99895
74913
49930
24948
-34
-25016
-34
24948
49930
74913
99895
124878
149860
174843
199825
224808
249790
274773
299755
324738
349720
374703
399685
424668
449650
474633
499615
524598
549580
574563
599545
624528
649510
674493
699475
724458
749440
774423
799405
824388
849370
874353
899335
924318
949300
974283
999265
1024248
1049230
1074213
1099195
1124178
1149160
1174143
1199125
1224108
-6128
-5798
-5195
-4526
-3872
-3244
-2660
-2131
-1652
-1218
-849
-539
-285
-85
77
182
272
332
377
412
437
457
477
497
512
527
542
557
572
582
602
607
627
642
652
667
677
697
702
712
727
742
747
762
777
782
792
797
807
807
792
782
777
767
762
747
742
727
722
707
692
687
677
662
647
632
627
607
597
582
567
547
532
517
497
482
462
447
417
392
367
332
287
222
142
32
-125
-330
-584
-898
-1288
-1772
-2331
-2989
-3743
-4601
-5539
-6562
-7650
-8782