1199125
1174143
1149160
1124178
1099195
1074213
1049230
1024248
999265
974283
949300
924318
899335
874353
849370
824388
799405
774423
749440
724458
699475
674493
649510
624528
599545
574563
549580
524598
499615
474633
449650
424668
399685
374703
349720
324738
299755
274773
249790
224808
199825
174843
149860
124878
99895
74913
49930
24948
-34
-25016
-34
24948
49930
74913
99895
124878
149860
174843
199825
224808
249790
274773
299755
324738
349720
374703
399685
424668
449650
474633
499615
524598
549580
574563
599545
624528
649510
674493
699475
724458
749440
774423
799405
824388
849370
874353
899335
924318
949300
974283
999265
1024248
1049230
1074213
1099195
1124178
1149160
1174143
1199125
1224108
-3862
-3403
-2969
-2565
-2161
-1787
-1427
-1088
-774
-489
-240
-20
172
317
437
517
582
627
662
687
707
712
722
732
737
737
737
747
757
752
752
752
757
762
767
762
762
757
757
762
757
757
762
762
762
762
762
762
757
762
727
707
682
672
657
652
637
627
622
607
602
592
582
577
572
562
547
542
537
527
517
502
497
492
482
472
462
447
437
417
402
367
327
277
197
92
-45
-210
-404
-634
-893
-1173
-1482
-1812
-2151
-2520
-2904
-3314
-3728
-4177