1199125
1174143
1149160
1124178
1099195
1074213
1049230
1024248
999265
974283
949300
924318
899335
874353
849370
824388
799405
774423
749440
724458
699475
674493
649510
624528
599545
574563
549580
524598
499615
474633
449650
424668
399685
374703
349720
324738
299755
274773
249790
224808
199825
174843
149860
124878
99895
74913
49930
24948
-34
-25016
-34
24948
49930
74913
99895
124878
149860
174843
199825
224808
249790
274773
299755
324738
349720
374703
399685
424668
449650
474633
499615
524598
549580
574563
599545
624528
649510
674493
699475
724458
749440
774423
799405
824388
849370
874353
899335
924318
949300
974283
999265
1024248
1049230
1074213
1099195
1124178
1149160
1174143
1199125
1224108
-7211
-6178
-5160
-4152
-3224
-2385
-1582
-844
-215
297
707
1007
1222
1362
1452
1512
1547
1572
1592
1602
1606
1611
1611
1611
1611
1611
1611
1616
1611
1611
1611
1606
1606
1606
1602
1602
1602
1606
1602
1602
1602
1602
1602
1597
1602
1602
1602
1602
1597
1602
1592
1582
1572
1567
1562
1562
1557
1547
1547
1547
1542
1537
1532
1527
1522
1512
1512
1507
1507
1497
1487
1477
1477
1467
1452
1447
1432
1427
1417
1407
1392
1367
1347
1307
1257
1177
1062
887
642
287
-190
-784
-1512
-2365
-3319
-4351
-5479
-6657
-7884
-9167