1199125
1174143
1149160
1124178
1099195
1074213
1049230
1024248
999265
974283
949300
924318
899335
874353
849370
824388
799405
774423
749440
724458
699475
674493
649510
624528
599545
574563
549580
524598
499615
474633
449650
424668
399685
374703
349720
324738
299755
274773
249790
224808
199825
174843
149860
124878
99895
74913
49930
24948
-34
-25016
-34
24948
49930
74913
99895
124878
149860
174843
199825
224808
249790
274773
299755
324738
349720
374703
399685
424668
449650
474633
499615
524598
549580
574563
599545
624528
649510
674493
699475
724458
749440
774423
799405
824388
849370
874353
899335
924318
949300
974283
999265
1024248
1049230
1074213
1099195
1124178
1149160
1174143
1199125
1224108
-4706
-4127
-3578
-3059
-2560
-2091
-1632
-1203
-804
-429
-90
207
472
687
867
1007
1117
1202
1267
1312
1352
1367
1387
1397
1402
1407
1417
1412
1417
1412
1417
1412
1412
1407
1407
1407
1397
1397
1392
1392
1382
1382
1377
1382
1367
1367
1362
1367
1362
1357
1282
1237
1217
1187
1162
1137
1122
1107
1092
1077
1057
1047
1032
1012
997
987
967
957
947
932
912
897
887
867
857
832
812
797
772
742
712
667
607
522
417
282
107
-110
-365
-649
-968
-1333
-1707
-2121
-2550
-2999
-3473
-3962
-4471
-5000