1199125
1174143
1149160
1124178
1099195
1074213
1049230
1024248
999265
974283
949300
924318
899335
874353
849370
824388
799405
774423
749440
724458
699475
674493
649510
624528
599545
574563
549580
524598
499615
474633
449650
424668
399685
374703
349720
324738
299755
274773
249790
224808
199825
174843
149860
124878
99895
74913
49930
24948
-34
-25016
-34
24948
49930
74913
99895
124878
149860
174843
199825
224808
249790
274773
299755
324738
349720
374703
399685
424668
449650
474633
499615
524598
549580
574563
599545
624528
649510
674493
699475
724458
749440
774423
799405
824388
849370
874353
899335
924318
949300
974283
999265
1024248
1049230
1074213
1099195
1124178
1149160
1174143
1199125
1224108
-5714
-5464
-4920
-4302
-3683
-3084
-2540
-2031
-1572
-1173
-824
-529
-295
-105
47
147
222
282
327
362
387
407
422
437
452
472
482
497
517
527
547
557
572
582
602
612
637
642
657
672
682
692
702
717
732
727
747
757
757
762
757
747
732
722
717
707
697
687
677
672
647
647
627
622
602
592
577
562
552
537
517
502
482
472
452
437
412
392
377
347
317
282
242
182
102
-2
-150
-325
-569
-864
-1238
-1692
-2236
-2869
-3603
-4426
-5354
-6352
-7405
-8533