1199125
1174143
1149160
1124178
1099195
1074213
1049230
1024248
999265
974283
949300
924318
899335
874353
849370
824388
799405
774423
749440
724458
699475
674493
649510
624528
599545
574563
549580
524598
499615
474633
449650
424668
399685
374703
349720
324738
299755
274773
249790
224808
199825
174843
149860
124878
99895
74913
49930
24948
-34
-25016
-34
24948
49930
74913
99895
124878
149860
174843
199825
224808
249790
274773
299755
324738
349720
374703
399685
424668
449650
474633
499615
524598
549580
574563
599545
624528
649510
674493
699475
724458
749440
774423
799405
824388
849370
874353
899335
924318
949300
974283
999265
1024248
1049230
1074213
1099195
1124178
1149160
1174143
1199125
1224108
-9022
-7924
-6851
-5853
-4905
-4007
-3154
-2321
-1527
-774
-45
627
1277
1861
2391
2846
3246
3571
3821
4035
4195
4325
4425
4515
4575
4615
4660
4695
4710
4735
4760
4765
4775
4785
4795
4795
4805
4805
4810
4810
4810
4805
4805
4800
4795
4785
4785
4780
4780
4770
4680
4610
4565
4515
4480
4440
4410
4375
4350
4310
4280
4255
4230
4200
4160
4130
4090
4040
4000
3956
3896
3836
3761
3671
3571
3441
3291
3121
2901
2656
2371
2051
1696
1302
872
407
-75
-599
-1143
-1717
-2316
-2939
-3573
-4227
-4895
-5574
-6277
-6971
-7695
-8423