1199125
1174143
1149160
1124178
1099195
1074213
1049230
1024248
999265
974283
949300
924318
899335
874353
849370
824388
799405
774423
749440
724458
699475
674493
649510
624528
599545
574563
549580
524598
499615
474633
449650
424668
399685
374703
349720
324738
299755
274773
249790
224808
199825
174843
149860
124878
99895
74913
49930
24948
-34
-25016
-34
24948
49930
74913
99895
124878
149860
174843
199825
224808
249790
274773
299755
324738
349720
374703
399685
424668
449650
474633
499615
524598
549580
574563
599545
624528
649510
674493
699475
724458
749440
774423
799405
824388
849370
874353
899335
924318
949300
974283
999265
1024248
1049230
1074213
1099195
1124178
1149160
1174143
1199125
1224108
-6851
-5988
-5185
-4441
-3738
-3079
-2445
-1847
-1268
-714
-200
277
712
1117
1477
1781
2051
2286
2476
2626
2751
2846
2921
2971
3011
3041
3061
3076
3076
3086
3086
3086
3076
3076
3066
3071
3056
3046
3041
3031
3016
3011
3001
2981
2966
2956
2951
2936
2921
2916
2756
2651
2576
2521
2466
2421
2381
2341
2311
2276
2241
2206
2176
2146
2116
2086
2056
2031
2001
1966
1936
1901
1866
1831
1796
1751
1711
1646
1577
1487
1377
1232
1057
842
597
302
-20
-380
-769
-1193
-1647
-2121
-2620
-3139
-3688
-4237
-4810
-5404
-6013
-6632