1199125
1174143
1149160
1124178
1099195
1074213
1049230
1024248
999265
974283
949300
924318
899335
874353
849370
824388
799405
774423
749440
724458
699475
674493
649510
624528
599545
574563
549580
524598
499615
474633
449650
424668
399685
374703
349720
324738
299755
274773
249790
224808
199825
174843
149860
124878
99895
74913
49930
24948
-34
-25016
-34
24948
49930
74913
99895
124878
149860
174843
199825
224808
249790
274773
299755
324738
349720
374703
399685
424668
449650
474633
499615
524598
549580
574563
599545
624528
649510
674493
699475
724458
749440
774423
799405
824388
849370
874353
899335
924318
949300
974283
999265
1024248
1049230
1074213
1099195
1124178
1149160
1174143
1199125
1224108
-3518
-3129
-2745
-2375
-2021
-1687
-1368
-1073
-794
-544
-320
-125
37
172
277
352
402
452
477
492
507
517
527
527
537
537
542
542
547
552
552
552
557
552
557
552
552
557
547
557
557
557
557
557
557
557
557
562
557
562
537
522
517
507
497
492
482
477
477
472
462
457
457
452
442
442
437
427
427
417
412
397
397
387
387
377
362
357
352
332
317
287
252
187
112
12
-110
-265
-449
-649
-888
-1138
-1412
-1697
-2011
-2336
-2680
-3039
-3433
-3832