1199125
1174143
1149160
1124178
1099195
1074213
1049230
1024248
999265
974283
949300
924318
899335
874353
849370
824388
799405
774423
749440
724458
699475
674493
649510
624528
599545
574563
549580
524598
499615
474633
449650
424668
399685
374703
349720
324738
299755
274773
249790
224808
199825
174843
149860
124878
99895
74913
49930
24948
-34
-25016
-34
24948
49930
74913
99895
124878
149860
174843
199825
224808
249790
274773
299755
324738
349720
374703
399685
424668
449650
474633
499615
524598
549580
574563
599545
624528
649510
674493
699475
724458
749440
774423
799405
824388
849370
874353
899335
924318
949300
974283
999265
1024248
1049230
1074213
1099195
1124178
1149160
1174143
1199125
1224108
-6452
-5893
-5140
-4272
-3363
-2435
-1537
-689
122
797
1437
1981
2481
2866
3196
3471
3706
3896
4045
4175
4295
4380
4455
4525
4585
4635
4685
4725
4765
4795
4835
4860
4880
4915
4935
4955
4980
5015
5030
5040
5065
5085
5095
5110
5135
5145
5160
5185
5200
5205
5150
5110
5055
5020
4980
4935
4900
4865
4825
4780
4745
4705
4655
4615
4580
4530
4480
4440
4390
4340
4285
4230
4160
4095
4020
3941
3856
3756
3651
3526
3386
3216
3036
2816
2571
2281
1941
1537
1062
517
-85
-769
-1552
-2400
-3304
-4287
-5319
-6412
-7530
-8737