1199125
1174143
1149160
1124178
1099195
1074213
1049230
1024248
999265
974283
949300
924318
899335
874353
849370
824388
799405
774423
749440
724458
699475
674493
649510
624528
599545
574563
549580
524598
499615
474633
449650
424668
399685
374703
349720
324738
299755
274773
249790
224808
199825
174843
149860
124878
99895
74913
49930
24948
-34
-25016
-34
24948
49930
74913
99895
124878
149860
174843
199825
224808
249790
274773
299755
324738
349720
374703
399685
424668
449650
474633
499615
524598
549580
574563
599545
624528
649510
674493
699475
724458
749440
774423
799405
824388
849370
874353
899335
924318
949300
974283
999265
1024248
1049230
1074213
1099195
1124178
1149160
1174143
1199125
1224108
-8079
-7151
-6243
-5364
-4486
-3638
-2800
-1966
-1158
-370
382
1107
1791
2411
2961
3426
3801
4100
4320
4490
4625
4725
4810
4870
4935
4985
5030
5075
5105
5150
5180
5220
5240
5265
5285
5300
5320
5340
5345
5365
5375
5380
5390
5395
5400
5400
5405
5410
5410
5415
5395
5370
5355
5350
5325
5315
5300
5280
5265
5250
5230
5200
5175
5145
5105
5065
5015
4965
4905
4845
4765
4685
4600
4495
4385
4260
4115
3941
3756
3541
3286
2996
2646
2271
1841
1352
822
252
-345
-983
-1647
-2321
-3024
-3728
-4451
-5175
-5903
-6632
-7365
-8089