1199125
1174143
1149160
1124178
1099195
1074213
1049230
1024248
999265
974283
949300
924318
899335
874353
849370
824388
799405
774423
749440
724458
699475
674493
649510
624528
599545
574563
549580
524598
499615
474633
449650
424668
399685
374703
349720
324738
299755
274773
249790
224808
199825
174843
149860
124878
99895
74913
49930
24948
-34
-25016
-34
24948
49930
74913
99895
124878
149860
174843
199825
224808
249790
274773
299755
324738
349720
374703
399685
424668
449650
474633
499615
524598
549580
574563
599545
624528
649510
674493
699475
724458
749440
774423
799405
824388
849370
874353
899335
924318
949300
974283
999265
1024248
1049230
1074213
1099195
1124178
1149160
1174143
1199125
1224108
-7894
-7191
-6302
-5389
-4501
-3658
-2874
-2146
-1497
-913
-404
27
382
662
887
1047
1162
1257
1312
1362
1397
1422
1447
1467
1477
1497
1512
1522
1532
1542
1547
1562
1562
1572
1582
1587
1592
1602
1606
1616
1626
1626
1631
1636
1646
1651
1656
1661
1666
1676
1651
1636
1621
1606
1587
1577
1572
1557
1542
1542
1522
1512
1502
1492
1477
1462
1452
1437
1432
1417
1407
1392
1377
1362
1347
1317
1307
1282
1257
1217
1187
1137
1072
992
877
722
507
217
-150
-609
-1158
-1802
-2545
-3383
-4316
-5329
-6412
-7575
-8787
-10050