1199125
1174143
1149160
1124178
1099195
1074213
1049230
1024248
999265
974283
949300
924318
899335
874353
849370
824388
799405
774423
749440
724458
699475
674493
649510
624528
599545
574563
549580
524598
499615
474633
449650
424668
399685
374703
349720
324738
299755
274773
249790
224808
199825
174843
149860
124878
99895
74913
49930
24948
-34
-25016
-34
24948
49930
74913
99895
124878
149860
174843
199825
224808
249790
274773
299755
324738
349720
374703
399685
424668
449650
474633
499615
524598
549580
574563
599545
624528
649510
674493
699475
724458
749440
774423
799405
824388
849370
874353
899335
924318
949300
974283
999265
1024248
1049230
1074213
1099195
1124178
1149160
1174143
1199125
1224108
-6662
-5808
-5035
-4311
-3623
-2979
-2365
-1772
-1213
-674
-180
287
707
1107
1442
1746
2006
2231
2406
2556
2681
2766
2836
2891
2921
2956
2971
2981
2986
2991
2991
2981
2986
2981
2976
2966
2961
2951
2936
2931
2916
2906
2896
2886
2871
2861
2846
2851
2821
2811
2661
2561
2481
2426
2376
2331
2291
2261
2221
2186
2156
2126
2096
2071
2036
2001
1981
1951
1916
1896
1861
1826
1796
1761
1726
1691
1641
1592
1522
1437
1332
1197
1027
827
587
307
2
-350
-734
-1148
-1587
-2056
-2545
-3054
-3583
-4137
-4701
-5280
-5883
-6502