1199125
1174143
1149160
1124178
1099195
1074213
1049230
1024248
999265
974283
949300
924318
899335
874353
849370
824388
799405
774423
749440
724458
699475
674493
649510
624528
599545
574563
549580
524598
499615
474633
449650
424668
399685
374703
349720
324738
299755
274773
249790
224808
199825
174843
149860
124878
99895
74913
49930
24948
-34
-25016
-34
24948
49930
74913
99895
124878
149860
174843
199825
224808
249790
274773
299755
324738
349720
374703
399685
424668
449650
474633
499615
524598
549580
574563
599545
624528
649510
674493
699475
724458
749440
774423
799405
824388
849370
874353
899335
924318
949300
974283
999265
1024248
1049230
1074213
1099195
1124178
1149160
1174143
1199125
1224108
-3428
-3049
-2675
-2316
-1971
-1647
-1338
-1053
-779
-544
-325
-140
22
152
252
327
392
427
457
472
487
492
507
507
512
522
522
527
527
522
532
532
527
532
532
537
532
537
537
527
537
537
532
537
537
537
532
537
542
542
522
507
497
492
487
482
477
472
462
457
457
447
442
442
442
427
422
422
412
407
407
397
392
382
377
367
367
357
337
327
312
282
242
182
107
12
-120
-265
-444
-644
-869
-1118
-1368
-1662
-1956
-2276
-2615
-2974
-3343
-3738