1199125
1174143
1149160
1124178
1099195
1074213
1049230
1024248
999265
974283
949300
924318
899335
874353
849370
824388
799405
774423
749440
724458
699475
674493
649510
624528
599545
574563
549580
524598
499615
474633
449650
424668
399685
374703
349720
324738
299755
274773
249790
224808
199825
174843
149860
124878
99895
74913
49930
24948
-34
-25016
-34
24948
49930
74913
99895
124878
149860
174843
199825
224808
249790
274773
299755
324738
349720
374703
399685
424668
449650
474633
499615
524598
549580
574563
599545
624528
649510
674493
699475
724458
749440
774423
799405
824388
849370
874353
899335
924318
949300
974283
999265
1024248
1049230
1074213
1099195
1124178
1149160
1174143
1199125
1224108
-6038
-5719
-5130
-4476
-3827
-3214
-2635
-2106
-1632
-1213
-844
-544
-300
-95
57
177
262
317
362
397
417
447
462
477
492
507
522
537
552
562
582
597
607
622
637
647
662
672
697
702
717
722
737
752
757
757
777
782
787
792
782
772
762
757
747
737
727
717
702
697
687
672
657
652
637
617
602
592
577
562
552
532
517
497
487
462
447
427
402
377
352
312
272
207
127
22
-130
-330
-579
-888
-1278
-1742
-2306
-2959
-3703
-4551
-5494
-6507
-7580
-8708