1199125
1174143
1149160
1124178
1099195
1074213
1049230
1024248
999265
974283
949300
924318
899335
874353
849370
824388
799405
774423
749440
724458
699475
674493
649510
624528
599545
574563
549580
524598
499615
474633
449650
424668
399685
374703
349720
324738
299755
274773
249790
224808
199825
174843
149860
124878
99895
74913
49930
24948
-34
-25016
-34
24948
49930
74913
99895
124878
149860
174843
199825
224808
249790
274773
299755
324738
349720
374703
399685
424668
449650
474633
499615
524598
549580
574563
599545
624528
649510
674493
699475
724458
749440
774423
799405
824388
849370
874353
899335
924318
949300
974283
999265
1024248
1049230
1074213
1099195
1124178
1149160
1174143
1199125
1224108
-8892
-7725
-6352
-5005
-3743
-2590
-1547
-629
142
777
1287
1671
1961
2161
2301
2411
2491
2551
2601
2646
2681
2706
2726
2736
2756
2761
2761
2761
2761
2756
2756
2751
2746
2736
2731
2731
2726
2721
2711
2706
2706
2696
2691
2686
2676
2676
2676
2671
2666
2661
2601
2566
2541
2526
2511
2501
2486
2481
2466
2461
2446
2436
2426
2411
2406
2391
2376
2361
2351
2331
2316
2296
2276
2266
2251
2221
2206
2186
2161
2126
2091
2036
1976
1896
1771
1611
1402
1117
737
277
-305
-1008
-1837
-2785
-3837
-5000
-6262
-7590
-8987
-10229