1199125
1174143
1149160
1124178
1099195
1074213
1049230
1024248
999265
974283
949300
924318
899335
874353
849370
824388
799405
774423
749440
724458
699475
674493
649510
624528
599545
574563
549580
524598
499615
474633
449650
424668
399685
374703
349720
324738
299755
274773
249790
224808
199825
174843
149860
124878
99895
74913
49930
24948
-34
-25016
-34
24948
49930
74913
99895
124878
149860
174843
199825
224808
249790
274773
299755
324738
349720
374703
399685
424668
449650
474633
499615
524598
549580
574563
599545
624528
649510
674493
699475
724458
749440
774423
799405
824388
849370
874353
899335
924318
949300
974283
999265
1024248
1049230
1074213
1099195
1124178
1149160
1174143
1199125
1224108
-3638
-3219
-2820
-2435
-2066
-1717
-1387
-1073
-789
-534
-305
-110
72
212
302
382
442
482
517
532
552
557
572
577
577
577
582
587
592
592
592
597
592
592
597
592
602
597
597
592
597
597
602
592
602
597
597
597
592
602
577
562
547
537
527
522
517
512
497
492
487
487
482
467
462
467
452
452
442
437
422
417
417
407
397
392
387
377
357
352
327
307
267
207
132
22
-95
-255
-444
-654
-898
-1158
-1442
-1737
-2061
-2395
-2760
-3129
-3533
-3952