1199125
1174143
1149160
1124178
1099195
1074213
1049230
1024248
999265
974283
949300
924318
899335
874353
849370
824388
799405
774423
749440
724458
699475
674493
649510
624528
599545
574563
549580
524598
499615
474633
449650
424668
399685
374703
349720
324738
299755
274773
249790
224808
199825
174843
149860
124878
99895
74913
49930
24948
-34
-25016
-34
24948
49930
74913
99895
124878
149860
174843
199825
224808
249790
274773
299755
324738
349720
374703
399685
424668
449650
474633
499615
524598
549580
574563
599545
624528
649510
674493
699475
724458
749440
774423
799405
824388
849370
874353
899335
924318
949300
974283
999265
1024248
1049230
1074213
1099195
1124178
1149160
1174143
1199125
1224108
-6372
-5988
-5344
-4661
-3987
-3343
-2740
-2191
-1697
-1253
-874
-549
-285
-70
92
217
307
372
422
452
477
497
517
537
557
567
582
597
607
622
627
657
662
677
692
697
722
732
742
757
762
777
787
792
802
812
822
827
837
847
827
822
807
797
787
777
772
762
752
742
722
717
707
692
687
667
657
647
627
602
597
582
567
547
532
517
497
477
457
427
397
362
317
252
162
47
-115
-325
-584
-918
-1323
-1822
-2390
-3069
-3842
-4716
-5674
-6712
-7804
-8947