1199125
1174143
1149160
1124178
1099195
1074213
1049230
1024248
999265
974283
949300
924318
899335
874353
849370
824388
799405
774423
749440
724458
699475
674493
649510
624528
599545
574563
549580
524598
499615
474633
449650
424668
399685
374703
349720
324738
299755
274773
249790
224808
199825
174843
149860
124878
99895
74913
49930
24948
-34
-25016
-34
24948
49930
74913
99895
124878
149860
174843
199825
224808
249790
274773
299755
324738
349720
374703
399685
424668
449650
474633
499615
524598
549580
574563
599545
624528
649510
674493
699475
724458
749440
774423
799405
824388
849370
874353
899335
924318
949300
974283
999265
1024248
1049230
1074213
1099195
1124178
1149160
1174143
1199125
1224108
-2859
-2625
-2395
-2166
-1941
-1712
-1482
-1248
-1023
-794
-564
-335
-130
87
282
462
622
767
897
997
1082
1157
1212
1262
1297
1317
1342
1362
1367
1382
1397
1387
1397
1397
1402
1402
1402
1407
1402
1407
1407
1412
1407
1407
1407
1412
1407
1407
1407
1417
1392
1377
1367
1367
1357
1347
1342
1332
1332
1322
1317
1307
1307
1297
1287
1277
1267
1262
1252
1237
1227
1202
1182
1152
1117
1087
1042
982
922
842
757
647
522
382
222
42
-155
-355
-574
-799
-1028
-1258
-1482
-1722
-1946
-2176
-2405
-2635
-2859
-3084