1199125
1174143
1149160
1124178
1099195
1074213
1049230
1024248
999265
974283
949300
924318
899335
874353
849370
824388
799405
774423
749440
724458
699475
674493
649510
624528
599545
574563
549580
524598
499615
474633
449650
424668
399685
374703
349720
324738
299755
274773
249790
224808
199825
174843
149860
124878
99895
74913
49930
24948
-34
-25016
-34
24948
49930
74913
99895
124878
149860
174843
199825
224808
249790
274773
299755
324738
349720
374703
399685
424668
449650
474633
499615
524598
549580
574563
599545
624528
649510
674493
699475
724458
749440
774423
799405
824388
849370
874353
899335
924318
949300
974283
999265
1024248
1049230
1074213
1099195
1124178
1149160
1174143
1199125
1224108
-6966
-6457
-5739
-4990
-4257
-3563
-2909
-2321
-1777
-1293
-874
-509
-210
37
217
357
462
532
582
622
647
667
692
707
722
742
752
762
777
792
797
817
832
837
852
857
877
882
892
902
907
927
942
942
952
962
967
977
977
982
972
957
952
932
932
917
907
897
892
877
862
857
842
832
822
812
797
787
772
757
742
732
717
692
682
667
647
622
597
582
547
502
447
372
282
137
-35
-275
-569
-938
-1387
-1921
-2550
-3274
-4092
-5010
-6013
-7091
-8223
-9406