1199125
1174143
1149160
1124178
1099195
1074213
1049230
1024248
999265
974283
949300
924318
899335
874353
849370
824388
799405
774423
749440
724458
699475
674493
649510
624528
599545
574563
549580
524598
499615
474633
449650
424668
399685
374703
349720
324738
299755
274773
249790
224808
199825
174843
149860
124878
99895
74913
49930
24948
-34
-25016
-34
24948
49930
74913
99895
124878
149860
174843
199825
224808
249790
274773
299755
324738
349720
374703
399685
424668
449650
474633
499615
524598
549580
574563
599545
624528
649510
674493
699475
724458
749440
774423
799405
824388
849370
874353
899335
924318
949300
974283
999265
1024248
1049230
1074213
1099195
1124178
1149160
1174143
1199125
1224108
-3563
-3164
-2775
-2395
-2036
-1692
-1372
-1073
-799
-544
-315
-120
42
187
282
367
427
462
492
507
517
532
537
547
552
552
552
552
557
562
562
567
567
567
567
567
567
567
572
572
572
572
572
567
567
577
577
567
567
572
547
537
527
517
517
502
492
487
487
477
467
462
462
457
452
447
442
432
432
422
422
417
407
402
392
377
377
362
347
332
317
292
252
197
127
27
-105
-265
-449
-659
-883
-1138
-1422
-1712
-2026
-2355
-2710
-3074
-3463
-3877