1199125
1174143
1149160
1124178
1099195
1074213
1049230
1024248
999265
974283
949300
924318
899335
874353
849370
824388
799405
774423
749440
724458
699475
674493
649510
624528
599545
574563
549580
524598
499615
474633
449650
424668
399685
374703
349720
324738
299755
274773
249790
224808
199825
174843
149860
124878
99895
74913
49930
24948
-34
-25016
-34
24948
49930
74913
99895
124878
149860
174843
199825
224808
249790
274773
299755
324738
349720
374703
399685
424668
449650
474633
499615
524598
549580
574563
599545
624528
649510
674493
699475
724458
749440
774423
799405
824388
849370
874353
899335
924318
949300
974283
999265
1024248
1049230
1074213
1099195
1124178
1149160
1174143
1199125
1224108
-6397
-5589
-4845
-4152
-3493
-2874
-2281
-1702
-1168
-659
-180
262
672
1042
1362
1641
1881
2086
2251
2386
2491
2576
2636
2681
2716
2736
2751
2756
2761
2756
2761
2756
2756
2751
2741
2741
2731
2716
2701
2701
2686
2671
2666
2656
2641
2631
2621
2616
2601
2591
2456
2356
2291
2241
2196
2146
2116
2086
2051
2016
1991
1961
1936
1906
1881
1856
1826
1801
1766
1746
1716
1686
1661
1626
1592
1567
1522
1477
1417
1342
1252
1132
977
797
582
332
37
-300
-664
-1068
-1492
-1941
-2425
-2919
-3438
-3972
-4526
-5105
-5694
-6297