1199125
1174143
1149160
1124178
1099195
1074213
1049230
1024248
999265
974283
949300
924318
899335
874353
849370
824388
799405
774423
749440
724458
699475
674493
649510
624528
599545
574563
549580
524598
499615
474633
449650
424668
399685
374703
349720
324738
299755
274773
249790
224808
199825
174843
149860
124878
99895
74913
49930
24948
-34
-25016
-34
24948
49930
74913
99895
124878
149860
174843
199825
224808
249790
274773
299755
324738
349720
374703
399685
424668
449650
474633
499615
524598
549580
574563
599545
624528
649510
674493
699475
724458
749440
774423
799405
824388
849370
874353
899335
924318
949300
974283
999265
1024248
1049230
1074213
1099195
1124178
1149160
1174143
1199125
1224108
-7769
-7051
-6138
-5190
-4277
-3408
-2600
-1861
-1188
-604
-100
337
697
977
1187
1342
1467
1547
1606
1661
1691
1726
1756
1771
1791
1816
1821
1836
1851
1856
1871
1876
1891
1896
1901
1916
1921
1936
1941
1941
1951
1956
1971
1966
1976
1986
1991
1996
2006
2011
1996
1966
1946
1931
1921
1911
1891
1876
1861
1846
1836
1826
1806
1801
1786
1776
1761
1746
1731
1721
1711
1686
1666
1656
1631
1616
1587
1562
1532
1492
1447
1412
1347
1257
1157
997
787
502
132
-335
-893
-1547
-2311
-3159
-4107
-5135
-6243
-7415
-8633
-9900