1199125
1174143
1149160
1124178
1099195
1074213
1049230
1024248
999265
974283
949300
924318
899335
874353
849370
824388
799405
774423
749440
724458
699475
674493
649510
624528
599545
574563
549580
524598
499615
474633
449650
424668
399685
374703
349720
324738
299755
274773
249790
224808
199825
174843
149860
124878
99895
74913
49930
24948
-34
-25016
-34
24948
49930
74913
99895
124878
149860
174843
199825
224808
249790
274773
299755
324738
349720
374703
399685
424668
449650
474633
499615
524598
549580
574563
599545
624528
649510
674493
699475
724458
749440
774423
799405
824388
849370
874353
899335
924318
949300
974283
999265
1024248
1049230
1074213
1099195
1124178
1149160
1174143
1199125
1224108
-7844
-7161
-6282
-5389
-4521
-3698
-2929
-2231
-1592
-1023
-524
-90
257
542
762
922
1042
1122
1187
1237
1262
1287
1317
1332
1347
1362
1372
1387
1397
1402
1412
1427
1427
1437
1447
1457
1457
1472
1472
1482
1487
1492
1502
1507
1507
1517
1522
1527
1537
1537
1517
1502
1482
1472
1462
1452
1432
1427
1412
1402
1392
1382
1372
1362
1352
1342
1332
1312
1302
1292
1282
1267
1252
1237
1227
1207
1182
1162
1137
1102
1067
1027
957
882
767
612
392
107
-255
-699
-1238
-1866
-2595
-3418
-4331
-5339
-6422
-7570
-8772
-10015