1199125
1174143
1149160
1124178
1099195
1074213
1049230
1024248
999265
974283
949300
924318
899335
874353
849370
824388
799405
774423
749440
724458
699475
674493
649510
624528
599545
574563
549580
524598
499615
474633
449650
424668
399685
374703
349720
324738
299755
274773
249790
224808
199825
174843
149860
124878
99895
74913
49930
24948
-34
-25016
-34
24948
49930
74913
99895
124878
149860
174843
199825
224808
249790
274773
299755
324738
349720
374703
399685
424668
449650
474633
499615
524598
549580
574563
599545
624528
649510
674493
699475
724458
749440
774423
799405
824388
849370
874353
899335
924318
949300
974283
999265
1024248
1049230
1074213
1099195
1124178
1149160
1174143
1199125
1224108
-3413
-3014
-2650
-2296
-1956
-1632
-1328
-1043
-779
-534
-325
-135
22
152
247
322
382
422
457
472
482
492
497
507
517
512
517
522
522
527
527
527
532
527
527
527
532
532
532
532
537
532
527
532
532
537
532
532
532
537
522
502
502
492
487
482
477
462
467
452
452
447
442
437
437
427
422
422
417
407
402
397
392
387
372
372
362
352
342
327
312
272
242
187
112
7
-110
-260
-444
-639
-864
-1108
-1372
-1647
-1936
-2256
-2590
-2939
-3314
-3698