1199125
1174143
1149160
1124178
1099195
1074213
1049230
1024248
999265
974283
949300
924318
899335
874353
849370
824388
799405
774423
749440
724458
699475
674493
649510
624528
599545
574563
549580
524598
499615
474633
449650
424668
399685
374703
349720
324738
299755
274773
249790
224808
199825
174843
149860
124878
99895
74913
49930
24948
-34
-25016
-34
24948
49930
74913
99895
124878
149860
174843
199825
224808
249790
274773
299755
324738
349720
374703
399685
424668
449650
474633
499615
524598
549580
574563
599545
624528
649510
674493
699475
724458
749440
774423
799405
824388
849370
874353
899335
924318
949300
974283
999265
1024248
1049230
1074213
1099195
1124178
1149160
1174143
1199125
1224108
-3174
-2825
-2475
-2141
-1822
-1517
-1238
-973
-719
-504
-305
-135
17
132
227
292
347
392
412
422
437
447
462
462
472
472
472
477
482
482
487
487
482
487
482
492
492
492
497
492
492
492
492
497
497
497
502
497
502
497
487
472
467
457
452
447
442
437
437
427
432
422
417
412
407
407
402
397
387
392
387
377
372
367
362
352
342
332
327
312
287
267
232
172
107
12
-105
-240
-404
-594
-799
-1018
-1273
-1532
-1812
-2106
-2415
-2755
-3104
-3463