1199125
1174143
1149160
1124178
1099195
1074213
1049230
1024248
999265
974283
949300
924318
899335
874353
849370
824388
799405
774423
749440
724458
699475
674493
649510
624528
599545
574563
549580
524598
499615
474633
449650
424668
399685
374703
349720
324738
299755
274773
249790
224808
199825
174843
149860
124878
99895
74913
49930
24948
-34
-25016
-34
24948
49930
74913
99895
124878
149860
174843
199825
224808
249790
274773
299755
324738
349720
374703
399685
424668
449650
474633
499615
524598
549580
574563
599545
624528
649510
674493
699475
724458
749440
774423
799405
824388
849370
874353
899335
924318
949300
974283
999265
1024248
1049230
1074213
1099195
1124178
1149160
1174143
1199125
1224108
-9062
-7964
-6906
-5898
-4945
-4042
-3179
-2341
-1542
-759
-30
662
1307
1911
2446
2916
3321
3636
3901
4105
4270
4400
4495
4585
4645
4695
4730
4770
4785
4815
4835
4845
4860
4875
4885
4885
4890
4900
4895
4895
4905
4900
4900
4895
4900
4890
4890
4885
4875
4875
4790
4730
4675
4640
4605
4575
4545
4520
4480
4450
4430
4395
4365
4330
4305
4265
4225
4190
4145
4085
4030
3966
3886
3786
3681
3551
3401
3211
2996
2741
2451
2131
1761
1357
917
447
-45
-584
-1138
-1722
-2331
-2964
-3608
-4267
-4945
-5639
-6337
-7056
-7774
-8503