1199125
1174143
1149160
1124178
1099195
1074213
1049230
1024248
999265
974283
949300
924318
899335
874353
849370
824388
799405
774423
749440
724458
699475
674493
649510
624528
599545
574563
549580
524598
499615
474633
449650
424668
399685
374703
349720
324738
299755
274773
249790
224808
199825
174843
149860
124878
99895
74913
49930
24948
-34
-25016
-34
24948
49930
74913
99895
124878
149860
174843
199825
224808
249790
274773
299755
324738
349720
374703
399685
424668
449650
474633
499615
524598
549580
574563
599545
624528
649510
674493
699475
724458
749440
774423
799405
824388
849370
874353
899335
924318
949300
974283
999265
1024248
1049230
1074213
1099195
1124178
1149160
1174143
1199125
1224108
-5399
-4711
-4077
-3478
-2919
-2375
-1866
-1377
-908
-474
-75
292
617
907
1147
1352
1517
1651
1756
1836
1896
1941
1971
1991
2006
2016
2021
2021
2021
2021
2011
2011
2011
1996
1996
1986
1981
1971
1966
1956
1946
1941
1931
1926
1916
1916
1906
1896
1886
1891
1786
1726
1676
1641
1606
1577
1557
1532
1512
1487
1467
1442
1427
1407
1387
1367
1347
1317
1307
1287
1267
1247
1222
1197
1182
1157
1127
1092
1067
1022
972
892
802
682
527
342
117
-150
-449
-789
-1158
-1557
-1981
-2430
-2914
-3398
-3912
-4441
-4990
-5549