1199125
1174143
1149160
1124178
1099195
1074213
1049230
1024248
999265
974283
949300
924318
899335
874353
849370
824388
799405
774423
749440
724458
699475
674493
649510
624528
599545
574563
549580
524598
499615
474633
449650
424668
399685
374703
349720
324738
299755
274773
249790
224808
199825
174843
149860
124878
99895
74913
49930
24948
-34
-25016
-34
24948
49930
74913
99895
124878
149860
174843
199825
224808
249790
274773
299755
324738
349720
374703
399685
424668
449650
474633
499615
524598
549580
574563
599545
624528
649510
674493
699475
724458
749440
774423
799405
824388
849370
874353
899335
924318
949300
974283
999265
1024248
1049230
1074213
1099195
1124178
1149160
1174143
1199125
1224108
-6552
-6133
-5469
-4766
-4072
-3418
-2800
-2236
-1727
-1273
-893
-554
-270
-55
112
242
332
397
447
477
507
527
552
567
587
602
622
627
642
657
667
687
697
712
727
737
747
757
772
787
802
807
817
827
837
842
857
862
867
882
862
857
837
832
827
812
802
792
777
767
757
747
732
722
712
697
687
672
662
637
627
612
592
572
562
547
527
507
487
452
427
392
337
277
182
57
-110
-320
-599
-938
-1353
-1852
-2435
-3134
-3917
-4795
-5773
-6821
-7934
-9092