1199125
1174143
1149160
1124178
1099195
1074213
1049230
1024248
999265
974283
949300
924318
899335
874353
849370
824388
799405
774423
749440
724458
699475
674493
649510
624528
599545
574563
549580
524598
499615
474633
449650
424668
399685
374703
349720
324738
299755
274773
249790
224808
199825
174843
149860
124878
99895
74913
49930
24948
-34
-25016
-34
24948
49930
74913
99895
124878
149860
174843
199825
224808
249790
274773
299755
324738
349720
374703
399685
424668
449650
474633
499615
524598
549580
574563
599545
624528
649510
674493
699475
724458
749440
774423
799405
824388
849370
874353
899335
924318
949300
974283
999265
1024248
1049230
1074213
1099195
1124178
1149160
1174143
1199125
1224108
-5469
-5260
-4746
-4157
-3553
-2989
-2455
-1966
-1527
-1128
-799
-519
-290
-110
22
132
207
257
307
332
357
382
392
412
427
442
462
482
487
507
522
537
547
557
577
587
597
612
627
637
657
667
682
682
702
712
722
727
727
737
727
722
707
702
692
677
672
662
642
642
627
617
602
597
582
572
557
542
522
512
492
482
462
442
427
407
392
367
352
327
302
262
222
172
87
-15
-145
-330
-554
-839
-1208
-1642
-2166
-2785
-3493
-4302
-5205
-6183
-7231
-8333