1199125
1174143
1149160
1124178
1099195
1074213
1049230
1024248
999265
974283
949300
924318
899335
874353
849370
824388
799405
774423
749440
724458
699475
674493
649510
624528
599545
574563
549580
524598
499615
474633
449650
424668
399685
374703
349720
324738
299755
274773
249790
224808
199825
174843
149860
124878
99895
74913
49930
24948
-34
-25016
-34
24948
49930
74913
99895
124878
149860
174843
199825
224808
249790
274773
299755
324738
349720
374703
399685
424668
449650
474633
499615
524598
549580
574563
599545
624528
649510
674493
699475
724458
749440
774423
799405
824388
849370
874353
899335
924318
949300
974283
999265
1024248
1049230
1074213
1099195
1124178
1149160
1174143
1199125
1224108
-3558
-3154
-2760
-2380
-2031
-1687
-1368
-1078
-794
-544
-320
-125
47
177
282
362
412
452
477
502
517
522
527
537
542
547
547
557
557
557
557
557
562
567
562
562
562
562
562
567
567
562
562
567
572
562
562
562
572
562
542
537
522
512
502
497
487
482
482
467
472
467
462
447
447
437
437
432
427
422
412
412
402
397
392
382
367
362
352
337
317
287
247
197
122
17
-110
-270
-449
-654
-883
-1138
-1412
-1707
-2016
-2341
-2695
-3054
-3448
-3872