1199125
1174143
1149160
1124178
1099195
1074213
1049230
1024248
999265
974283
949300
924318
899335
874353
849370
824388
799405
774423
749440
724458
699475
674493
649510
624528
599545
574563
549580
524598
499615
474633
449650
424668
399685
374703
349720
324738
299755
274773
249790
224808
199825
174843
149860
124878
99895
74913
49930
24948
-34
-25016
-34
24948
49930
74913
99895
124878
149860
174843
199825
224808
249790
274773
299755
324738
349720
374703
399685
424668
449650
474633
499615
524598
549580
574563
599545
624528
649510
674493
699475
724458
749440
774423
799405
824388
849370
874353
899335
924318
949300
974283
999265
1024248
1049230
1074213
1099195
1124178
1149160
1174143
1199125
1224108
-7899
-7191
-6292
-5374
-4476
-3633
-2844
-2121
-1472
-883
-370
57
417
697
917
1082
1207
1282
1352
1397
1437
1462
1482
1497
1517
1537
1542
1552
1567
1572
1587
1597
1602
1606
1621
1631
1631
1641
1646
1651
1656
1666
1671
1676
1681
1681
1701
1706
1706
1716
1691
1676
1656
1646
1626
1616
1602
1592
1582
1567
1562
1542
1537
1527
1507
1497
1487
1477
1467
1452
1442
1422
1412
1392
1382
1362
1342
1312
1287
1252
1207
1172
1107
1022
912
752
537
252
-125
-574
-1128
-1772
-2520
-3353
-4287
-5304
-6397
-7565
-8777
-10035