1199125
1174143
1149160
1124178
1099195
1074213
1049230
1024248
999265
974283
949300
924318
899335
874353
849370
824388
799405
774423
749440
724458
699475
674493
649510
624528
599545
574563
549580
524598
499615
474633
449650
424668
399685
374703
349720
324738
299755
274773
249790
224808
199825
174843
149860
124878
99895
74913
49930
24948
-34
-25016
-34
24948
49930
74913
99895
124878
149860
174843
199825
224808
249790
274773
299755
324738
349720
374703
399685
424668
449650
474633
499615
524598
549580
574563
599545
624528
649510
674493
699475
724458
749440
774423
799405
824388
849370
874353
899335
924318
949300
974283
999265
1024248
1049230
1074213
1099195
1124178
1149160
1174143
1199125
1224108
-6642
-5803
-4820
-3822
-2854
-1946
-1108
-365
282
837
1317
1716
2036
2306
2531
2701
2846
2966
3056
3131
3201
3246
3296
3336
3366
3401
3426
3451
3471
3491
3506
3516
3536
3556
3566
3576
3591
3606
3611
3616
3636
3641
3646
3666
3671
3676
3686
3691
3701
3706
3671
3641
3611
3591
3561
3541
3511
3486
3461
3436
3411
3391
3361
3341
3306
3286
3261
3231
3201
3181
3146
3116
3081
3051
3016
2971
2926
2871
2816
2746
2686
2591
2491
2371
2216
2031
1801
1507
1142
702
187
-424
-1133
-1941
-2839
-3813
-4875
-5983
-7151
-8373