1199125
1174143
1149160
1124178
1099195
1074213
1049230
1024248
999265
974283
949300
924318
899335
874353
849370
824388
799405
774423
749440
724458
699475
674493
649510
624528
599545
574563
549580
524598
499615
474633
449650
424668
399685
374703
349720
324738
299755
274773
249790
224808
199825
174843
149860
124878
99895
74913
49930
24948
-34
-25016
-34
24948
49930
74913
99895
124878
149860
174843
199825
224808
249790
274773
299755
324738
349720
374703
399685
424668
449650
474633
499615
524598
549580
574563
599545
624528
649510
674493
699475
724458
749440
774423
799405
824388
849370
874353
899335
924318
949300
974283
999265
1024248
1049230
1074213
1099195
1124178
1149160
1174143
1199125
1224108
-8288
-7370
-6467
-5584
-4711
-3857
-3009
-2186
-1382
-599
157
882
1567
2196
2761
3246
3671
3995
4240
4425
4570
4675
4765
4840
4900
4955
5000
5045
5085
5120
5150
5180
5210
5235
5255
5275
5285
5305
5310
5315
5325
5335
5340
5350
5360
5360
5360
5365
5355
5355
5330
5305
5290
5275
5260
5245
5230
5210
5195
5175
5150
5120
5100
5070
5035
4990
4950
4890
4830
4770
4690
4620
4525
4425
4305
4180
4035
3856
3661
3421
3161
2856
2496
2091
1641
1152
607
32
-574
-1208
-1896
-2580
-3274
-3982
-4691
-5414
-6128
-6856
-7580
-8308