1199125
1174143
1149160
1124178
1099195
1074213
1049230
1024248
999265
974283
949300
924318
899335
874353
849370
824388
799405
774423
749440
724458
699475
674493
649510
624528
599545
574563
549580
524598
499615
474633
449650
424668
399685
374703
349720
324738
299755
274773
249790
224808
199825
174843
149860
124878
99895
74913
49930
24948
-34
-25016
-34
24948
49930
74913
99895
124878
149860
174843
199825
224808
249790
274773
299755
324738
349720
374703
399685
424668
449650
474633
499615
524598
549580
574563
599545
624528
649510
674493
699475
724458
749440
774423
799405
824388
849370
874353
899335
924318
949300
974283
999265
1024248
1049230
1074213
1099195
1124178
1149160
1174143
1199125
1224108
-7365
-6592
-5654
-4681
-3738
-2844
-2026
-1278
-614
-30
462
882
1232
1507
1716
1881
2011
2101
2181
2236
2286
2331
2366
2386
2416
2436
2456
2471
2486
2496
2521
2526
2546
2551
2561
2566
2581
2591
2601
2606
2616
2626
2636
2641
2656
2656
2661
2676
2681
2691
2661
2631
2611
2591
2576
2556
2531
2511
2501
2486
2471
2441
2426
2411
2391
2381
2351
2341
2321
2301
2286
2261
2241
2216
2186
2156
2121
2091
2056
2011
1961
1896
1826
1726
1606
1457
1237
952
587
132
-409
-1058
-1802
-2650
-3588
-4601
-5704
-6866
-8084
-9341