1199125
1174143
1149160
1124178
1099195
1074213
1049230
1024248
999265
974283
949300
924318
899335
874353
849370
824388
799405
774423
749440
724458
699475
674493
649510
624528
599545
574563
549580
524598
499615
474633
449650
424668
399685
374703
349720
324738
299755
274773
249790
224808
199825
174843
149860
124878
99895
74913
49930
24948
-34
-25016
-34
24948
49930
74913
99895
124878
149860
174843
199825
224808
249790
274773
299755
324738
349720
374703
399685
424668
449650
474633
499615
524598
549580
574563
599545
624528
649510
674493
699475
724458
749440
774423
799405
824388
849370
874353
899335
924318
949300
974283
999265
1024248
1049230
1074213
1099195
1124178
1149160
1174143
1199125
1224108
-8877
-7864
-6861
-5888
-4935
-4027
-3144
-2291
-1457
-654
107
832
1517
2136
2691
3171
3566
3881
4140
4335
4485
4600
4690
4765
4830
4880
4930
4970
5005
5035
5060
5085
5100
5120
5130
5150
5155
5170
5175
5185
5185
5185
5195
5190
5200
5200
5195
5190
5195
5190
5135
5100
5075
5045
5020
5005
4980
4960
4945
4915
4895
4865
4845
4810
4785
4750
4705
4660
4605
4545
4470
4395
4310
4200
4085
3951
3796
3611
3386
3141
2856
2521
2151
1731
1277
777
247
-325
-923
-1552
-2201
-2879
-3578
-4287
-5000
-5734
-6477
-7231
-7979
-8742