1199125
1174143
1149160
1124178
1099195
1074213
1049230
1024248
999265
974283
949300
924318
899335
874353
849370
824388
799405
774423
749440
724458
699475
674493
649510
624528
599545
574563
549580
524598
499615
474633
449650
424668
399685
374703
349720
324738
299755
274773
249790
224808
199825
174843
149860
124878
99895
74913
49930
24948
-34
-25016
-34
24948
49930
74913
99895
124878
149860
174843
199825
224808
249790
274773
299755
324738
349720
374703
399685
424668
449650
474633
499615
524598
549580
574563
599545
624528
649510
674493
699475
724458
749440
774423
799405
824388
849370
874353
899335
924318
949300
974283
999265
1024248
1049230
1074213
1099195
1124178
1149160
1174143
1199125
1224108
-4950
-4316
-3738
-3199
-2670
-2181
-1692
-1243
-814
-419
-55
272
552
802
1002
1172
1302
1407
1482
1542
1577
1606
1626
1636
1646
1646
1661
1651
1656
1656
1651
1646
1641
1641
1631
1626
1626
1616
1616
1606
1606
1597
1592
1592
1582
1577
1577
1567
1572
1562
1477
1432
1397
1367
1337
1317
1292
1272
1257
1237
1212
1202
1187
1167
1152
1132
1117
1102
1087
1072
1052
1037
1017
997
977
962
937
912
887
857
807
757
687
592
472
307
112
-115
-385
-694
-1033
-1402
-1807
-2231
-2680
-3149
-3633
-4147
-4661
-5210