1199125
1174143
1149160
1124178
1099195
1074213
1049230
1024248
999265
974283
949300
924318
899335
874353
849370
824388
799405
774423
749440
724458
699475
674493
649510
624528
599545
574563
549580
524598
499615
474633
449650
424668
399685
374703
349720
324738
299755
274773
249790
224808
199825
174843
149860
124878
99895
74913
49930
24948
-34
-25016
-34
24948
49930
74913
99895
124878
149860
174843
199825
224808
249790
274773
299755
324738
349720
374703
399685
424668
449650
474633
499615
524598
549580
574563
599545
624528
649510
674493
699475
724458
749440
774423
799405
824388
849370
874353
899335
924318
949300
974283
999265
1024248
1049230
1074213
1099195
1124178
1149160
1174143
1199125
1224108
-5215
-4551
-3947
-3373
-2825
-2306
-1802
-1328
-874
-459
-75
277
582
852
1082
1262
1417
1537
1636
1701
1751
1796
1816
1836
1846
1856
1856
1856
1856
1856
1851
1851
1846
1836
1836
1831
1831
1816
1811
1806
1796
1791
1781
1781
1771
1771
1756
1751
1751
1746
1651
1597
1552
1522
1492
1467
1442
1417
1392
1372
1362
1337
1327
1302
1287
1267
1242
1232
1212
1197
1177
1157
1132
1112
1092
1077
1047
1027
987
942
902
837
752
642
502
332
117
-130
-419
-749
-1098
-1487
-1901
-2341
-2800
-3294
-3783
-4311
-4850
-5404