1199125
1174143
1149160
1124178
1099195
1074213
1049230
1024248
999265
974283
949300
924318
899335
874353
849370
824388
799405
774423
749440
724458
699475
674493
649510
624528
599545
574563
549580
524598
499615
474633
449650
424668
399685
374703
349720
324738
299755
274773
249790
224808
199825
174843
149860
124878
99895
74913
49930
24948
-34
-25016
-34
24948
49930
74913
99895
124878
149860
174843
199825
224808
249790
274773
299755
324738
349720
374703
399685
424668
449650
474633
499615
524598
549580
574563
599545
624528
649510
674493
699475
724458
749440
774423
799405
824388
849370
874353
899335
924318
949300
974283
999265
1024248
1049230
1074213
1099195
1124178
1149160
1174143
1199125
1224108
-4596
-4187
-3748
-3319
-2904
-2505
-2121
-1772
-1437
-1143
-859
-619
-404
-220
-65
67
167
252
317
372
397
427
437
447
452
462
467
472
472
482
477
477
482
482
487
487
492
487
492
492
497
492
492
497
497
492
492
492
497
497
492
487
482
482
477
477
472
472
472
472
457
462
462
457
452
447
452
447
442
437
432
432
417
417
407
402
387
372
342
307
257
187
97
-2
-130
-285
-459
-669
-898
-1158
-1452
-1782
-2126
-2510
-2914
-3338
-3778
-4242
-4716
-5180