1199125
1174143
1149160
1124178
1099195
1074213
1049230
1024248
999265
974283
949300
924318
899335
874353
849370
824388
799405
774423
749440
724458
699475
674493
649510
624528
599545
574563
549580
524598
499615
474633
449650
424668
399685
374703
349720
324738
299755
274773
249790
224808
199825
174843
149860
124878
99895
74913
49930
24948
-34
-25016
-34
24948
49930
74913
99895
124878
149860
174843
199825
224808
249790
274773
299755
324738
349720
374703
399685
424668
449650
474633
499615
524598
549580
574563
599545
624528
649510
674493
699475
724458
749440
774423
799405
824388
849370
874353
899335
924318
949300
974283
999265
1024248
1049230
1074213
1099195
1124178
1149160
1174143
1199125
1224108
-8932
-7834
-6776
-5793
-4870
-3992
-3154
-2346
-1577
-834
-135
522
1147
1716
2236
2686
3071
3391
3656
3881
4040
4170
4275
4355
4425
4480
4515
4540
4570
4585
4600
4610
4615
4625
4630
4635
4640
4635
4640
4635
4635
4640
4635
4625
4615
4615
4605
4605
4600
4595
4480
4405
4345
4300
4255
4215
4180
4135
4110
4070
4040
4010
3971
3941
3896
3866
3831
3786
3746
3696
3646
3586
3521
3446
3341
3226
3086
2921
2726
2486
2216
1911
1577
1197
782
347
-125
-624
-1158
-1712
-2291
-2889
-3503
-4137
-4786
-5449
-6123
-6806
-7515
-8223