1199125
1174143
1149160
1124178
1099195
1074213
1049230
1024248
999265
974283
949300
924318
899335
874353
849370
824388
799405
774423
749440
724458
699475
674493
649510
624528
599545
574563
549580
524598
499615
474633
449650
424668
399685
374703
349720
324738
299755
274773
249790
224808
199825
174843
149860
124878
99895
74913
49930
24948
-34
-25016
-34
24948
49930
74913
99895
124878
149860
174843
199825
224808
249790
274773
299755
324738
349720
374703
399685
424668
449650
474633
499615
524598
549580
574563
599545
624528
649510
674493
699475
724458
749440
774423
799405
824388
849370
874353
899335
924318
949300
974283
999265
1024248
1049230
1074213
1099195
1124178
1149160
1174143
1199125
1224108
-5040
-4396
-3808
-3264
-2730
-2226
-1737
-1283
-849
-439
-75
262
557
807
1017
1197
1332
1442
1517
1577
1626
1656
1681
1696
1701
1711
1716
1711
1716
1711
1706
1706
1701
1701
1691
1686
1686
1676
1671
1661
1661
1656
1646
1641
1636
1636
1621
1621
1616
1611
1532
1482
1442
1407
1382
1357
1337
1317
1292
1277
1262
1247
1232
1212
1197
1177
1157
1142
1122
1107
1092
1072
1052
1037
1012
997
972
947
912
892
842
787
707
612
477
317
122
-125
-399
-709
-1053
-1427
-1837
-2271
-2715
-3189
-3683
-4192
-4726
-5265