1199125
1174143
1149160
1124178
1099195
1074213
1049230
1024248
999265
974283
949300
924318
899335
874353
849370
824388
799405
774423
749440
724458
699475
674493
649510
624528
599545
574563
549580
524598
499615
474633
449650
424668
399685
374703
349720
324738
299755
274773
249790
224808
199825
174843
149860
124878
99895
74913
49930
24948
-34
-25016
-34
24948
49930
74913
99895
124878
149860
174843
199825
224808
249790
274773
299755
324738
349720
374703
399685
424668
449650
474633
499615
524598
549580
574563
599545
624528
649510
674493
699475
724458
749440
774423
799405
824388
849370
874353
899335
924318
949300
974283
999265
1024248
1049230
1074213
1099195
1124178
1149160
1174143
1199125
1224108
-3678
-3264
-2844
-2465
-2091
-1742
-1402
-1088
-794
-539
-290
-100
82
227
332
412
472
507
537
557
577
582
592
597
607
602
612
612
612
612
617
622
617
622
622
622
627
622
622
622
622
622
622
627
622
627
622
622
627
627
602
587
572
557
557
542
527
527
522
517
502
502
497
487
477
472
477
467
457
447
442
432
427
422
422
402
392
387
372
352
337
307
272
222
147
37
-85
-255
-439
-659
-898
-1163
-1452
-1757
-2081
-2430
-2790
-3169
-3578
-3992