1199125
1174143
1149160
1124178
1099195
1074213
1049230
1024248
999265
974283
949300
924318
899335
874353
849370
824388
799405
774423
749440
724458
699475
674493
649510
624528
599545
574563
549580
524598
499615
474633
449650
424668
399685
374703
349720
324738
299755
274773
249790
224808
199825
174843
149860
124878
99895
74913
49930
24948
-34
-25016
-34
24948
49930
74913
99895
124878
149860
174843
199825
224808
249790
274773
299755
324738
349720
374703
399685
424668
449650
474633
499615
524598
549580
574563
599545
624528
649510
674493
699475
724458
749440
774423
799405
824388
849370
874353
899335
924318
949300
974283
999265
1024248
1049230
1074213
1099195
1124178
1149160
1174143
1199125
1224108
-7490
-6552
-5679
-4870
-4102
-3383
-2695
-2036
-1402
-809
-250
282
767
1227
1626
1981
2296
2556
2776
2956
3111
3221
3316
3386
3426
3461
3491
3506
3511
3521
3531
3531
3536
3531
3526
3526
3521
3511
3506
3491
3481
3476
3466
3456
3441
3431
3416
3406
3396
3386
3211
3101
3016
2941
2891
2836
2791
2746
2701
2671
2631
2591
2566
2526
2491
2461
2416
2376
2351
2321
2276
2241
2206
2166
2111
2056
2001
1916
1826
1711
1562
1377
1162
897
607
277
-85
-489
-918
-1377
-1861
-2365
-2904
-3453
-4017
-4601
-5205
-5818
-6457
-7101