1199125
1174143
1149160
1124178
1099195
1074213
1049230
1024248
999265
974283
949300
924318
899335
874353
849370
824388
799405
774423
749440
724458
699475
674493
649510
624528
599545
574563
549580
524598
499615
474633
449650
424668
399685
374703
349720
324738
299755
274773
249790
224808
199825
174843
149860
124878
99895
74913
49930
24948
-34
-25016
-34
24948
49930
74913
99895
124878
149860
174843
199825
224808
249790
274773
299755
324738
349720
374703
399685
424668
449650
474633
499615
524598
549580
574563
599545
624528
649510
674493
699475
724458
749440
774423
799405
824388
849370
874353
899335
924318
949300
974283
999265
1024248
1049230
1074213
1099195
1124178
1149160
1174143
1199125
1224108
-3683
-3259
-2849
-2455
-2091
-1732
-1392
-1078
-789
-519
-290
-80
92
232
342
417
477
517
547
567
587
592
602
607
617
617
617
622
627
627
622
632
627
637
632
632
637
632
632
622
632
642
637
637
637
632
632
637
637
632
612
587
577
562
557
547
542
537
527
517
512
512
502
497
487
482
472
462
457
457
447
442
437
427
422
412
402
392
377
357
342
312
272
222
147
42
-85
-250
-434
-649
-893
-1163
-1447
-1757
-2076
-2425
-2790
-3169
-3573
-4002