1199125
1174143
1149160
1124178
1099195
1074213
1049230
1024248
999265
974283
949300
924318
899335
874353
849370
824388
799405
774423
749440
724458
699475
674493
649510
624528
599545
574563
549580
524598
499615
474633
449650
424668
399685
374703
349720
324738
299755
274773
249790
224808
199825
174843
149860
124878
99895
74913
49930
24948
-34
-25016
-34
24948
49930
74913
99895
124878
149860
174843
199825
224808
249790
274773
299755
324738
349720
374703
399685
424668
449650
474633
499615
524598
549580
574563
599545
624528
649510
674493
699475
724458
749440
774423
799405
824388
849370
874353
899335
924318
949300
974283
999265
1024248
1049230
1074213
1099195
1124178
1149160
1174143
1199125
1224108
-7510
-6786
-5863
-4905
-3982
-3099
-2286
-1537
-874
-295
212
632
982
1262
1472
1636
1751
1836
1901
1961
1996
2036
2066
2086
2116
2136
2146
2161
2176
2186
2196
2211
2221
2231
2241
2256
2266
2276
2281
2286
2291
2301
2306
2311
2326
2331
2341
2346
2351
2356
2331
2316
2291
2276
2256
2241
2226
2211
2196
2181
2166
2146
2136
2121
2101
2086
2076
2056
2046
2021
2001
1991
1966
1951
1926
1901
1876
1841
1816
1771
1721
1666
1597
1517
1402
1247
1037
752
382
-80
-629
-1288
-2041
-2894
-3832
-4865
-5968
-7141
-8353
-9626