1199125
1174143
1149160
1124178
1099195
1074213
1049230
1024248
999265
974283
949300
924318
899335
874353
849370
824388
799405
774423
749440
724458
699475
674493
649510
624528
599545
574563
549580
524598
499615
474633
449650
424668
399685
374703
349720
324738
299755
274773
249790
224808
199825
174843
149860
124878
99895
74913
49930
24948
-34
-25016
-34
24948
49930
74913
99895
124878
149860
174843
199825
224808
249790
274773
299755
324738
349720
374703
399685
424668
449650
474633
499615
524598
549580
574563
599545
624528
649510
674493
699475
724458
749440
774423
799405
824388
849370
874353
899335
924318
949300
974283
999265
1024248
1049230
1074213
1099195
1124178
1149160
1174143
1199125
1224108
-7729
-6747
-5833
-4995
-4207
-3463
-2750
-2071
-1422
-794
-215
342
852
1327
1761
2126
2456
2736
2971
3166
3306
3436
3531
3606
3656
3696
3721
3741
3756
3766
3766
3771
3771
3771
3766
3771
3766
3756
3751
3741
3731
3726
3716
3701
3696
3686
3671
3661
3651
3641
3466
3351
3266
3191
3136
3091
3031
2986
2946
2901
2866
2826
2791
2746
2716
2676
2651
2611
2566
2526
2491
2446
2401
2351
2306
2241
2166
2076
1971
1831
1661
1452
1207
927
612
262
-120
-539
-993
-1462
-1961
-2480
-3029
-3593
-4172
-4771
-5384
-6008
-6647
-7300