1199125
1174143
1149160
1124178
1099195
1074213
1049230
1024248
999265
974283
949300
924318
899335
874353
849370
824388
799405
774423
749440
724458
699475
674493
649510
624528
599545
574563
549580
524598
499615
474633
449650
424668
399685
374703
349720
324738
299755
274773
249790
224808
199825
174843
149860
124878
99895
74913
49930
24948
-34
-25016
-34
24948
49930
74913
99895
124878
149860
174843
199825
224808
249790
274773
299755
324738
349720
374703
399685
424668
449650
474633
499615
524598
549580
574563
599545
624528
649510
674493
699475
724458
749440
774423
799405
824388
849370
874353
899335
924318
949300
974283
999265
1024248
1049230
1074213
1099195
1124178
1149160
1174143
1199125
1224108
-8917
-7974
-6981
-6003
-5060
-4137
-3244
-2365
-1517
-704
72
807
1502
2141
2706
3181
3596
3916
4180
4375
4520
4635
4730
4800
4870
4920
4965
5000
5035
5060
5090
5110
5125
5140
5155
5175
5180
5195
5200
5210
5210
5210
5215
5215
5220
5220
5215
5215
5210
5210
5150
5120
5095
5065
5040
5025
4995
4985
4960
4950
4920
4895
4870
4840
4805
4770
4735
4685
4630
4575
4500
4425
4330
4220
4110
3976
3821
3621
3411
3161
2866
2536
2166
1741
1287
787
257
-315
-918
-1552
-2201
-2879
-3573
-4277
-5000
-5729
-6467
-7211
-7969
-8722