1199125
1174143
1149160
1124178
1099195
1074213
1049230
1024248
999265
974283
949300
924318
899335
874353
849370
824388
799405
774423
749440
724458
699475
674493
649510
624528
599545
574563
549580
524598
499615
474633
449650
424668
399685
374703
349720
324738
299755
274773
249790
224808
199825
174843
149860
124878
99895
74913
49930
24948
-34
-25016
-34
24948
49930
74913
99895
124878
149860
174843
199825
224808
249790
274773
299755
324738
349720
374703
399685
424668
449650
474633
499615
524598
549580
574563
599545
624528
649510
674493
699475
724458
749440
774423
799405
824388
849370
874353
899335
924318
949300
974283
999265
1024248
1049230
1074213
1099195
1124178
1149160
1174143
1199125
1224108
-8882
-7859
-6846
-5858
-4915
-4012
-3119
-2261
-1422
-629
137
852
1542
2156
2706
3181
3571
3896
4140
4330
4475
4585
4680
4755
4815
4875
4920
4960
4990
5020
5045
5065
5085
5095
5130
5135
5140
5155
5160
5170
5165
5170
5175
5170
5180
5175
5170
5170
5170
5170
5110
5075
5045
5015
4995
4975
4950
4930
4905
4880
4855
4840
4810
4780
4750
4715
4675
4625
4575
4515
4445
4365
4280
4180
4060
3926
3766
3581
3361
3106
2816
2486
2106
1696
1242
747
207
-345
-953
-1572
-2226
-2894
-3588
-4297
-5015
-5744
-6487
-7231
-7984
-8747