1199125
1174143
1149160
1124178
1099195
1074213
1049230
1024248
999265
974283
949300
924318
899335
874353
849370
824388
799405
774423
749440
724458
699475
674493
649510
624528
599545
574563
549580
524598
499615
474633
449650
424668
399685
374703
349720
324738
299755
274773
249790
224808
199825
174843
149860
124878
99895
74913
49930
24948
-34
-25016
-34
24948
49930
74913
99895
124878
149860
174843
199825
224808
249790
274773
299755
324738
349720
374703
399685
424668
449650
474633
499615
524598
549580
574563
599545
624528
649510
674493
699475
724458
749440
774423
799405
824388
849370
874353
899335
924318
949300
974283
999265
1024248
1049230
1074213
1099195
1124178
1149160
1174143
1199125
1224108
-7779
-7116
-6253
-5374
-4516
-3713
-2949
-2251
-1622
-1058
-559
-140
207
492
707
857
972
1062
1117
1167
1202
1227
1242
1267
1277
1297
1302
1317
1327
1342
1342
1357
1357
1372
1377
1382
1387
1397
1407
1417
1422
1432
1427
1437
1447
1452
1457
1457
1467
1472
1457
1442
1422
1412
1402
1387
1377
1367
1357
1342
1332
1327
1307
1302
1287
1282
1267
1252
1247
1242
1222
1207
1192
1182
1167
1157
1132
1102
1082
1052
1012
967
912
822
712
557
342
62
-295
-739
-1278
-1891
-2615
-3433
-4336
-5334
-6412
-7555
-8747
-9995