1199125
1174143
1149160
1124178
1099195
1074213
1049230
1024248
999265
974283
949300
924318
899335
874353
849370
824388
799405
774423
749440
724458
699475
674493
649510
624528
599545
574563
549580
524598
499615
474633
449650
424668
399685
374703
349720
324738
299755
274773
249790
224808
199825
174843
149860
124878
99895
74913
49930
24948
-34
-25016
-34
24948
49930
74913
99895
124878
149860
174843
199825
224808
249790
274773
299755
324738
349720
374703
399685
424668
449650
474633
499615
524598
549580
574563
599545
624528
649510
674493
699475
724458
749440
774423
799405
824388
849370
874353
899335
924318
949300
974283
999265
1024248
1049230
1074213
1099195
1124178
1149160
1174143
1199125
1224108
-7605
-6632
-5744
-4925
-4152
-3413
-2715
-2046
-1407
-799
-225
317
817
1282
1691
2056
2381
2641
2876
3061
3211
3331
3426
3501
3546
3581
3611
3631
3636
3646
3656
3651
3661
3656
3656
3651
3651
3641
3631
3621
3616
3601
3601
3591
3576
3566
3546
3536
3526
3521
3346
3231
3141
3076
3011
2961
2906
2866
2826
2781
2741
2716
2671
2636
2596
2566
2531
2496
2456
2421
2381
2346
2306
2256
2206
2151
2076
1996
1901
1766
1611
1417
1182
912
607
267
-100
-509
-948
-1417
-1911
-2430
-2964
-3518
-4087
-4681
-5289
-5908
-6547
-7191