1199125
1174143
1149160
1124178
1099195
1074213
1049230
1024248
999265
974283
949300
924318
899335
874353
849370
824388
799405
774423
749440
724458
699475
674493
649510
624528
599545
574563
549580
524598
499615
474633
449650
424668
399685
374703
349720
324738
299755
274773
249790
224808
199825
174843
149860
124878
99895
74913
49930
24948
-34
-25016
-34
24948
49930
74913
99895
124878
149860
174843
199825
224808
249790
274773
299755
324738
349720
374703
399685
424668
449650
474633
499615
524598
549580
574563
599545
624528
649510
674493
699475
724458
749440
774423
799405
824388
849370
874353
899335
924318
949300
974283
999265
1024248
1049230
1074213
1099195
1124178
1149160
1174143
1199125
1224108
-4277
-3857
-3438
-3029
-2615
-2216
-1822
-1432
-1048
-684
-335
-2
302
587
832
1062
1247
1407
1532
1641
1711
1781
1831
1861
1896
1916
1926
1941
1951
1956
1956
1961
1966
1971
1971
1971
1971
1966
1966
1966
1966
1966
1961
1961
1961
1961
1961
1951
1961
1956
1911
1886
1871
1861
1846
1831
1826
1816
1801
1796
1781
1771
1761
1751
1741
1726
1711
1701
1681
1671
1651
1631
1611
1587
1557
1522
1487
1437
1382
1307
1227
1122
997
837
652
432
187
-90
-404
-729
-1078
-1452
-1837
-2226
-2630
-3029
-3443
-3857
-4267
-4800