1199125
1174143
1149160
1124178
1099195
1074213
1049230
1024248
999265
974283
949300
924318
899335
874353
849370
824388
799405
774423
749440
724458
699475
674493
649510
624528
599545
574563
549580
524598
499615
474633
449650
424668
399685
374703
349720
324738
299755
274773
249790
224808
199825
174843
149860
124878
99895
74913
49930
24948
-34
-25016
-34
24948
49930
74913
99895
124878
149860
174843
199825
224808
249790
274773
299755
324738
349720
374703
399685
424668
449650
474633
499615
524598
549580
574563
599545
624528
649510
674493
699475
724458
749440
774423
799405
824388
849370
874353
899335
924318
949300
974283
999265
1024248
1049230
1074213
1099195
1124178
1149160
1174143
1199125
1224108
-3219
-2869
-2520
-2176
-1857
-1547
-1258
-988
-734
-514
-315
-135
12
137
232
302
352
392
422
437
447
462
472
467
482
482
482
492
492
497
492
497
497
497
502
502
497
497
512
502
502
502
507
507
507
502
507
507
507
512
487
477
472
472
452
457
452
442
442
437
432
432
417
427
417
407
402
397
397
387
382
387
377
372
367
357
352
342
332
312
297
267
232
172
107
12
-110
-255
-419
-604
-814
-1048
-1298
-1567
-1842
-2141
-2460
-2790
-3134
-3513