1199125
1174143
1149160
1124178
1099195
1074213
1049230
1024248
999265
974283
949300
924318
899335
874353
849370
824388
799405
774423
749440
724458
699475
674493
649510
624528
599545
574563
549580
524598
499615
474633
449650
424668
399685
374703
349720
324738
299755
274773
249790
224808
199825
174843
149860
124878
99895
74913
49930
24948
-34
-25016
-34
24948
49930
74913
99895
124878
149860
174843
199825
224808
249790
274773
299755
324738
349720
374703
399685
424668
449650
474633
499615
524598
549580
574563
599545
624528
649510
674493
699475
724458
749440
774423
799405
824388
849370
874353
899335
924318
949300
974283
999265
1024248
1049230
1074213
1099195
1124178
1149160
1174143
1199125
1224108
-6652
-5913
-4990
-4002
-3024
-2091
-1223
-409
292
902
1437
1881
2251
2556
2821
3026
3201
3331
3456
3551
3621
3691
3746
3791
3836
3876
3906
3936
3956
3981
4005
4020
4035
4055
4070
4090
4100
4115
4135
4135
4145
4170
4175
4190
4200
4205
4215
4230
4240
4250
4200
4165
4130
4095
4070
4040
4010
3976
3946
3916
3881
3861
3826
3796
3771
3736
3701
3666
3626
3591
3556
3516
3476
3421
3376
3326
3266
3196
3121
3031
2941
2826
2691
2531
2356
2131
1856
1517
1107
632
82
-564
-1298
-2116
-3019
-3987
-5030
-6133
-7285
-8483