1199125
1174143
1149160
1124178
1099195
1074213
1049230
1024248
999265
974283
949300
924318
899335
874353
849370
824388
799405
774423
749440
724458
699475
674493
649510
624528
599545
574563
549580
524598
499615
474633
449650
424668
399685
374703
349720
324738
299755
274773
249790
224808
199825
174843
149860
124878
99895
74913
49930
24948
-34
-25016
-34
24948
49930
74913
99895
124878
149860
174843
199825
224808
249790
274773
299755
324738
349720
374703
399685
424668
449650
474633
499615
524598
549580
574563
599545
624528
649510
674493
699475
724458
749440
774423
799405
824388
849370
874353
899335
924318
949300
974283
999265
1024248
1049230
1074213
1099195
1124178
1149160
1174143
1199125
1224108
-7390
-6642
-5699
-4731
-3793
-2909
-2086
-1343
-679
-105
402
817
1167
1442
1651
1811
1931
2026
2101
2161
2211
2251
2281
2306
2326
2346
2366
2386
2396
2411
2436
2441
2446
2466
2476
2491
2496
2506
2506
2521
2531
2531
2546
2556
2561
2561
2576
2581
2591
2601
2566
2546
2526
2501
2481
2471
2451
2436
2416
2401
2381
2366
2351
2331
2311
2296
2281
2261
2241
2231
2206
2186
2166
2146
2116
2086
2051
2026
1991
1941
1896
1836
1766
1676
1552
1397
1187
897
537
82
-464
-1113
-1861
-2705
-3643
-4676
-5773
-6931
-8149
-9416