1199125
1174143
1149160
1124178
1099195
1074213
1049230
1024248
999265
974283
949300
924318
899335
874353
849370
824388
799405
774423
749440
724458
699475
674493
649510
624528
599545
574563
549580
524598
499615
474633
449650
424668
399685
374703
349720
324738
299755
274773
249790
224808
199825
174843
149860
124878
99895
74913
49930
24948
-34
-25016
-34
24948
49930
74913
99895
124878
149860
174843
199825
224808
249790
274773
299755
324738
349720
374703
399685
424668
449650
474633
499615
524598
549580
574563
599545
624528
649510
674493
699475
724458
749440
774423
799405
824388
849370
874353
899335
924318
949300
974283
999265
1024248
1049230
1074213
1099195
1124178
1149160
1174143
1199125
1224108
-8199
-7161
-6203
-5309
-4471
-3673
-2909
-2191
-1497
-824
-195
392
952
1452
1916
2316
2671
2961
3211
3411
3571
3701
3811
3886
3946
3990
4015
4035
4055
4060
4070
4075
4080
4075
4085
4085
4080
4080
4080
4065
4055
4055
4050
4035
4025
4025
4015
4000
3995
3985
3821
3716
3631
3566
3511
3456
3411
3366
3326
3281
3241
3196
3156
3121
3081
3031
3006
2966
2931
2886
2836
2791
2741
2681
2616
2546
2451
2346
2206
2031
1831
1592
1312
992
642
257
-155
-604
-1073
-1572
-2101
-2645
-3219
-3808
-4401
-5025
-5659
-6307
-6971
-7645