1199125
1174143
1149160
1124178
1099195
1074213
1049230
1024248
999265
974283
949300
924318
899335
874353
849370
824388
799405
774423
749440
724458
699475
674493
649510
624528
599545
574563
549580
524598
499615
474633
449650
424668
399685
374703
349720
324738
299755
274773
249790
224808
199825
174843
149860
124878
99895
74913
49930
24948
-34
-25016
-34
24948
49930
74913
99895
124878
149860
174843
199825
224808
249790
274773
299755
324738
349720
374703
399685
424668
449650
474633
499615
524598
549580
574563
599545
624528
649510
674493
699475
724458
749440
774423
799405
824388
849370
874353
899335
924318
949300
974283
999265
1024248
1049230
1074213
1099195
1124178
1149160
1174143
1199125
1224108
-7720
-7076
-6233
-5364
-4521
-3723
-2974
-2291
-1657
-1108
-614
-195
152
432
652
807
912
1002
1062
1107
1142
1167
1182
1202
1217
1237
1242
1252
1262
1272
1287
1297
1302
1312
1322
1317
1327
1337
1342
1352
1362
1372
1372
1377
1392
1392
1397
1402
1407
1417
1397
1382
1372
1352
1342
1332
1317
1307
1297
1287
1277
1267
1257
1247
1247
1232
1217
1202
1192
1182
1167
1157
1142
1132
1112
1092
1077
1052
1032
997
962
912
857
777
667
512
292
12
-345
-784
-1303
-1931
-2640
-3453
-4356
-5354
-6427
-7560
-8752
-9995