1199125
1174143
1149160
1124178
1099195
1074213
1049230
1024248
999265
974283
949300
924318
899335
874353
849370
824388
799405
774423
749440
724458
699475
674493
649510
624528
599545
574563
549580
524598
499615
474633
449650
424668
399685
374703
349720
324738
299755
274773
249790
224808
199825
174843
149860
124878
99895
74913
49930
24948
-34
-25016
-34
24948
49930
74913
99895
124878
149860
174843
199825
224808
249790
274773
299755
324738
349720
374703
399685
424668
449650
474633
499615
524598
549580
574563
599545
624528
649510
674493
699475
724458
749440
774423
799405
824388
849370
874353
899335
924318
949300
974283
999265
1024248
1049230
1074213
1099195
1124178
1149160
1174143
1199125
1224108
-6727
-6078
-5210
-4277
-3294
-2341
-1432
-594
162
837
1437
1941
2371
2721
3011
3256
3461
3626
3761
3876
3966
4045
4110
4165
4205
4250
4290
4325
4350
4380
4405
4430
4450
4470
4490
4500
4515
4530
4550
4575
4580
4595
4610
4615
4630
4640
4650
4660
4670
4685
4635
4595
4555
4520
4480
4450
4420
4380
4350
4315
4280
4250
4215
4175
4145
4105
4070
4030
3990
3946
3906
3861
3811
3746
3696
3631
3561
3481
3386
3286
3171
3036
2886
2696
2486
2226
1911
1542
1092
572
-25
-724
-1497
-2341
-3259
-4247
-5275
-6422
-7570
-8762