1199125
1174143
1149160
1124178
1099195
1074213
1049230
1024248
999265
974283
949300
924318
899335
874353
849370
824388
799405
774423
749440
724458
699475
674493
649510
624528
599545
574563
549580
524598
499615
474633
449650
424668
399685
374703
349720
324738
299755
274773
249790
224808
199825
174843
149860
124878
99895
74913
49930
24948
-34
-25016
-34
24948
49930
74913
99895
124878
149860
174843
199825
224808
249790
274773
299755
324738
349720
374703
399685
424668
449650
474633
499615
524598
549580
574563
599545
624528
649510
674493
699475
724458
749440
774423
799405
824388
849370
874353
899335
924318
949300
974283
999265
1024248
1049230
1074213
1099195
1124178
1149160
1174143
1199125
1224108
-6672
-5883
-4915
-3922
-2939
-2001
-1143
-360
317
912
1427
1851
2201
2491
2736
2931
3101
3231
3336
3431
3496
3556
3616
3661
3696
3736
3761
3791
3816
3831
3856
3871
3886
3911
3931
3941
3951
3966
3976
3985
4000
4010
4020
4035
4040
4050
4065
4075
4075
4085
4045
4010
3976
3951
3921
3891
3861
3836
3806
3776
3746
3721
3691
3661
3636
3601
3576
3546
3506
3476
3436
3401
3356
3316
3266
3221
3166
3101
3031
2946
2856
2751
2631
2491
2316
2096
1836
1522
1137
672
122
-504
-1223
-2036
-2929
-3902
-4940
-6048
-7191
-8393