1199125
1174143
1149160
1124178
1099195
1074213
1049230
1024248
999265
974283
949300
924318
899335
874353
849370
824388
799405
774423
749440
724458
699475
674493
649510
624528
599545
574563
549580
524598
499615
474633
449650
424668
399685
374703
349720
324738
299755
274773
249790
224808
199825
174843
149860
124878
99895
74913
49930
24948
-34
-25016
-34
24948
49930
74913
99895
124878
149860
174843
199825
224808
249790
274773
299755
324738
349720
374703
399685
424668
449650
474633
499615
524598
549580
574563
599545
624528
649510
674493
699475
724458
749440
774423
799405
824388
849370
874353
899335
924318
949300
974283
999265
1024248
1049230
1074213
1099195
1124178
1149160
1174143
1199125
1224108
-8703
-7744
-6781
-5843
-4920
-4027
-3149
-2291
-1472
-674
92
817
1507
2141
2701
3186
3596
3926
4175
4365
4515
4640
4725
4795
4870
4915
4960
5005
5045
5085
5110
5145
5165
5180
5200
5210
5220
5235
5245
5250
5260
5280
5285
5280
5285
5280
5275
5280
5275
5270
5225
5205
5170
5150
5140
5115
5090
5070
5050
5030
5010
4985
4960
4925
4895
4850
4810
4760
4705
4635
4570
4490
4400
4295
4175
4040
3876
3696
3476
3231
2951
2621
2256
1836
1377
882
342
-230
-829
-1472
-2131
-2815
-3508
-4227
-4945
-5674
-6407
-7141
-7889
-8638