1199125
1174143
1149160
1124178
1099195
1074213
1049230
1024248
999265
974283
949300
924318
899335
874353
849370
824388
799405
774423
749440
724458
699475
674493
649510
624528
599545
574563
549580
524598
499615
474633
449650
424668
399685
374703
349720
324738
299755
274773
249790
224808
199825
174843
149860
124878
99895
74913
49930
24948
-34
-25016
-34
24948
49930
74913
99895
124878
149860
174843
199825
224808
249790
274773
299755
324738
349720
374703
399685
424668
449650
474633
499615
524598
549580
574563
599545
624528
649510
674493
699475
724458
749440
774423
799405
824388
849370
874353
899335
924318
949300
974283
999265
1024248
1049230
1074213
1099195
1124178
1149160
1174143
1199125
1224108
-7051
-6532
-5803
-5035
-4292
-3593
-2934
-2321
-1777
-1288
-854
-489
-185
57
247
397
497
567
622
667
692
712
732
752
762
782
792
807
822
832
852
857
872
877
887
902
912
927
932
947
952
962
972
982
987
997
1002
1012
1022
1022
1002
997
982
972
967
957
947
942
922
917
902
887
882
872
862
847
837
822
812
797
777
767
757
737
722
702
682
667
642
612
582
542
492
417
312
172
-20
-255
-559
-933
-1392
-1936
-2575
-3309
-4132
-5065
-6078
-7166
-8303
-9491