1199125
1174143
1149160
1124178
1099195
1074213
1049230
1024248
999265
974283
949300
924318
899335
874353
849370
824388
799405
774423
749440
724458
699475
674493
649510
624528
599545
574563
549580
524598
499615
474633
449650
424668
399685
374703
349720
324738
299755
274773
249790
224808
199825
174843
149860
124878
99895
74913
49930
24948
-34
-25016
-34
24948
49930
74913
99895
124878
149860
174843
199825
224808
249790
274773
299755
324738
349720
374703
399685
424668
449650
474633
499615
524598
549580
574563
599545
624528
649510
674493
699475
724458
749440
774423
799405
824388
849370
874353
899335
924318
949300
974283
999265
1024248
1049230
1074213
1099195
1124178
1149160
1174143
1199125
1224108
-7585
-6971
-6163
-5324
-4501
-3733
-2999
-2331
-1732
-1193
-714
-300
37
307
512
672
787
867
932
967
997
1027
1047
1072
1077
1092
1107
1122
1127
1137
1142
1152
1162
1172
1182
1192
1197
1207
1222
1227
1237
1232
1247
1252
1257
1267
1272
1277
1277
1287
1272
1252
1242
1227
1217
1207
1197
1187
1182
1167
1157
1142
1137
1127
1112
1102
1097
1082
1077
1057
1052
1032
1022
1007
992
972
957
927
907
882
847
802
742
667
547
397
192
-85
-434
-854
-1363
-1966
-2665
-3453
-4336
-5314
-6372
-7495
-8673
-9905