1199125
1174143
1149160
1124178
1099195
1074213
1049230
1024248
999265
974283
949300
924318
899335
874353
849370
824388
799405
774423
749440
724458
699475
674493
649510
624528
599545
574563
549580
524598
499615
474633
449650
424668
399685
374703
349720
324738
299755
274773
249790
224808
199825
174843
149860
124878
99895
74913
49930
24948
-34
-25016
-34
24948
49930
74913
99895
124878
149860
174843
199825
224808
249790
274773
299755
324738
349720
374703
399685
424668
449650
474633
499615
524598
549580
574563
599545
624528
649510
674493
699475
724458
749440
774423
799405
824388
849370
874353
899335
924318
949300
974283
999265
1024248
1049230
1074213
1099195
1124178
1149160
1174143
1199125
1224108
-3219
-2949
-2690
-2425
-2171
-1911
-1657
-1387
-1133
-874
-614
-355
-115
122
347
557
747
912
1062
1172
1272
1352
1422
1472
1512
1542
1567
1582
1602
1602
1621
1621
1626
1621
1631
1631
1631
1631
1636
1636
1636
1636
1636
1636
1786
1616
1626
1636
1631
1636
1611
1597
1587
1572
1562
1557
1552
1547
1537
1527
1517
1517
1497
1492
1487
1477
1467
1452
1442
1422
1407
1387
1367
1332
1302
1257
1207
1147
1077
997
887
767
632
467
287
87
-145
-375
-624
-879
-1128
-1397
-1657
-1921
-2176
-2435
-2695
-2949
-3204
-3568