1199125
1174143
1149160
1124178
1099195
1074213
1049230
1024248
999265
974283
949300
924318
899335
874353
849370
824388
799405
774423
749440
724458
699475
674493
649510
624528
599545
574563
549580
524598
499615
474633
449650
424668
399685
374703
349720
324738
299755
274773
249790
224808
199825
174843
149860
124878
99895
74913
49930
24948
-34
-25016
-34
24948
49930
74913
99895
124878
149860
174843
199825
224808
249790
274773
299755
324738
349720
374703
399685
424668
449650
474633
499615
524598
549580
574563
599545
624528
649510
674493
699475
724458
749440
774423
799405
824388
849370
874353
899335
924318
949300
974283
999265
1024248
1049230
1074213
1099195
1124178
1149160
1174143
1199125
1224108
-3882
-3433
-2999
-2585
-2186
-1792
-1432
-1098
-779
-489
-235
-7
177
327
447
537
602
647
687
707
717
732
747
757
757
762
767
767
772
777
772
782
777
777
782
787
787
782
782
782
782
787
782
787
782
782
777
782
787
782
747
722
707
687
672
662
657
647
632
622
612
602
602
587
577
577
562
552
552
532
527
522
512
502
492
482
467
462
447
427
407
377
342
282
207
102
-40
-200
-404
-634
-893
-1188
-1487
-1812
-2161
-2535
-2919
-3328
-3753
-4207