1199125
1174143
1149160
1124178
1099195
1074213
1049230
1024248
999265
974283
949300
924318
899335
874353
849370
824388
799405
774423
749440
724458
699475
674493
649510
624528
599545
574563
549580
524598
499615
474633
449650
424668
399685
374703
349720
324738
299755
274773
249790
224808
199825
174843
149860
124878
99895
74913
49930
24948
-34
-25016
-34
24948
49930
74913
99895
124878
149860
174843
199825
224808
249790
274773
299755
324738
349720
374703
399685
424668
449650
474633
499615
524598
549580
574563
599545
624528
649510
674493
699475
724458
749440
774423
799405
824388
849370
874353
899335
924318
949300
974283
999265
1024248
1049230
1074213
1099195
1124178
1149160
1174143
1199125
1224108
-7784
-7121
-6248
-5349
-4466
-3638
-2859
-2151
-1497
-928
-429
2
352
637
847
1012
1132
1207
1277
1322
1347
1382
1402
1417
1442
1447
1462
1472
1482
1492
1497
1512
1517
1527
1532
1542
1547
1557
1567
1567
1572
1577
1582
1592
1597
1611
1611
1616
1626
1626
1611
1592
1577
1562
1547
1542
1532
1512
1502
1492
1477
1467
1457
1447
1442
1432
1417
1397
1397
1377
1372
1352
1337
1322
1312
1292
1267
1247
1217
1192
1152
1107
1047
957
852
697
477
187
-175
-624
-1168
-1812
-2550
-3378
-4311
-5314
-6407
-7560
-8772
-10025