1199125
1174143
1149160
1124178
1099195
1074213
1049230
1024248
999265
974283
949300
924318
899335
874353
849370
824388
799405
774423
749440
724458
699475
674493
649510
624528
599545
574563
549580
524598
499615
474633
449650
424668
399685
374703
349720
324738
299755
274773
249790
224808
199825
174843
149860
124878
99895
74913
49930
24948
-34
-25016
-34
24948
49930
74913
99895
124878
149860
174843
199825
224808
249790
274773
299755
324738
349720
374703
399685
424668
449650
474633
499615
524598
549580
574563
599545
624528
649510
674493
699475
724458
749440
774423
799405
824388
849370
874353
899335
924318
949300
974283
999265
1024248
1049230
1074213
1099195
1124178
1149160
1174143
1199125
1224108
-9481
-8054
-6587
-5235
-4002
-2869
-1847
-938
-160
477
997
1397
1686
1906
2056
2161
2236
2291
2326
2361
2376
2381
2386
2391
2386
2376
2371
2366
2361
2356
2346
2336
2336
2326
2321
2311
2306
2296
2286
2291
2281
2281
2281
2271
2261
2256
2261
2251
2246
2246
2196
2176
2161
2151
2136
2131
2126
2111
2111
2096
2091
2076
2071
2061
2051
2041
2026
2021
2006
1996
1981
1966
1956
1941
1926
1911
1896
1871
1856
1836
1801
1771
1716
1656
1562
1412
1222
957
607
162
-399
-1103
-1941
-2919
-4017
-5245
-6557
-7964
-9441
-10229