1199125
1174143
1149160
1124178
1099195
1074213
1049230
1024248
999265
974283
949300
924318
899335
874353
849370
824388
799405
774423
749440
724458
699475
674493
649510
624528
599545
574563
549580
524598
499615
474633
449650
424668
399685
374703
349720
324738
299755
274773
249790
224808
199825
174843
149860
124878
99895
74913
49930
24948
-34
-25016
-34
24948
49930
74913
99895
124878
149860
174843
199825
224808
249790
274773
299755
324738
349720
374703
399685
424668
449650
474633
499615
524598
549580
574563
599545
624528
649510
674493
699475
724458
749440
774423
799405
824388
849370
874353
899335
924318
949300
974283
999265
1024248
1049230
1074213
1099195
1124178
1149160
1174143
1199125
1224108
-6063
-5339
-4566
-3748
-2939
-2161
-1442
3051
-429
187
587
887
1107
1257
1362
1437
1482
1507
1532
1542
1547
1557
1562
1562
1557
1562
1567
1562
1562
1562
1562
1562
1562
1562
1557
1557
1562
1557
1552
1547
1552
1547
1557
1552
1547
1552
1557
1552
1552
1552
1527
1527
1522
1512
1517
1502
1502
1497
1492
1492
1482
1482
1477
1472
1467
1457
1457
1452
1442
1437
1427
1422
1412
1407
1397
1392
1377
1372
1352
1342
1322
1302
1277
1242
1182
1107
987
812
557
232
-200
-734
-1358
-2071
-2835
-3678
-4561
-5474
-6407
-7355