1199125
1174143
1149160
1124178
1099195
1074213
1049230
1024248
999265
974283
949300
924318
899335
874353
849370
824388
799405
774423
749440
724458
699475
674493
649510
624528
599545
574563
549580
524598
499615
474633
449650
424668
399685
374703
349720
324738
299755
274773
249790
224808
199825
174843
149860
124878
99895
74913
49930
24948
-34
-25016
-34
24948
49930
74913
99895
124878
149860
174843
199825
224808
249790
274773
299755
324738
349720
374703
399685
424668
449650
474633
499615
524598
549580
574563
599545
624528
649510
674493
699475
724458
749440
774423
799405
824388
849370
874353
899335
924318
949300
974283
999265
1024248
1049230
1074213
1099195
1124178
1149160
1174143
1199125
1224108
-9301
-7849
-6417
-5125
-3917
-2815
-1802
-908
-155
472
972
1362
1641
1841
1981
2081
2146
2196
2231
2246
2261
2271
2271
2271
2266
2261
2256
2246
2236
2241
2231
2226
2221
2211
2206
2201
2196
2186
2181
2176
2171
2166
2171
2161
2161
2156
2156
2146
2141
2146
2101
2081
2071
2056
2046
2041
2036
2026
2021
2006
1996
1986
1986
1981
1966
1961
1951
1936
1926
1916
1906
1896
1881
1866
1846
1836
1821
1796
1776
1766
1736
1701
1661
1611
1517
1392
1227
972
657
222
-325
-1008
-1842
-2815
-3927
-5150
-6472
-7889
-9371
-10229