1199125
1174143
1149160
1124178
1099195
1074213
1049230
1024248
999265
974283
949300
924318
899335
874353
849370
824388
799405
774423
749440
724458
699475
674493
649510
624528
599545
574563
549580
524598
499615
474633
449650
424668
399685
374703
349720
324738
299755
274773
249790
224808
199825
174843
149860
124878
99895
74913
49930
24948
-34
-25016
-34
24948
49930
74913
99895
124878
149860
174843
199825
224808
249790
274773
299755
324738
349720
374703
399685
424668
449650
474633
499615
524598
549580
574563
599545
624528
649510
674493
699475
724458
749440
774423
799405
824388
849370
874353
899335
924318
949300
974283
999265
1024248
1049230
1074213
1099195
1124178
1149160
1174143
1199125
1224108
-3962
-3493
-3044
-2615
-2206
-1817
-1442
-1098
-779
-489
-220
7
197
352
467
562
627
677
707
732
747
762
772
777
787
797
797
802
807
807
812
807
812
812
812
812
817
817
812
812
817
812
817
812
817
812
812
807
812
807
772
747
732
717
702
687
677
667
657
647
637
627
617
607
602
592
587
577
562
552
547
537
527
522
512
502
487
477
462
447
422
397
352
297
227
117
-25
-200
-394
-634
-898
-1188
-1507
-1832
-2191
-2565
-2959
-3378
-3817
-4272