1199125
1174143
1149160
1124178
1099195
1074213
1049230
1024248
999265
974283
949300
924318
899335
874353
849370
824388
799405
774423
749440
724458
699475
674493
649510
624528
599545
574563
549580
524598
499615
474633
449650
424668
399685
374703
349720
324738
299755
274773
249790
224808
199825
174843
149860
124878
99895
74913
49930
24948
-34
-25016
-34
24948
49930
74913
99895
124878
149860
174843
199825
224808
249790
274773
299755
324738
349720
374703
399685
424668
449650
474633
499615
524598
549580
574563
599545
624528
649510
674493
699475
724458
749440
774423
799405
824388
849370
874353
899335
924318
949300
974283
999265
1024248
1049230
1074213
1099195
1124178
1149160
1174143
1199125
1224108
-9341
-8009
-6552
-5160
-3872
-2710
-1652
-729
57
702
1217
1611
1901
2111
2261
2366
2456
2511
2561
2601
2636
2661
2676
2681
2701
2691
2691
2686
2681
2676
2671
2671
2656
2656
2651
2646
2636
2631
2626
2621
2616
2606
2601
2596
2596
2591
2581
2576
2571
2576
2506
2476
2461
2436
2426
2416
2406
2396
2391
2376
2366
2356
2346
2331
2316
2306
2296
2281
2261
2251
2236
2221
2211
2191
2171
2156
2136
2111
2091
2061
2031
1976
1926
1836
1731
1582
1367
1077
712
242
-335
-1043
-1896
-2869
-3952
-5150
-6437
-7804
-9231
-10229