1199125
1174143
1149160
1124178
1099195
1074213
1049230
1024248
999265
974283
949300
924318
899335
874353
849370
824388
799405
774423
749440
724458
699475
674493
649510
624528
599545
574563
549580
524598
499615
474633
449650
424668
399685
374703
349720
324738
299755
274773
249790
224808
199825
174843
149860
124878
99895
74913
49930
24948
-34
-25016
-34
24948
49930
74913
99895
124878
149860
174843
199825
224808
249790
274773
299755
324738
349720
374703
399685
424668
449650
474633
499615
524598
549580
574563
599545
624528
649510
674493
699475
724458
749440
774423
799405
824388
849370
874353
899335
924318
949300
974283
999265
1024248
1049230
1074213
1099195
1124178
1149160
1174143
1199125
1224108
-8623
-7550
-6547
-5604
-4721
-3877
-3079
-2301
-1567
-859
-195
427
1027
1562
2051
2481
2851
3161
3421
3631
3801
3931
4040
4115
4185
4230
4260
4290
4310
4320
4330
4345
4345
4345
4345
4355
4355
4355
4350
4350
4340
4340
4330
4325
4320
4315
4305
4300
4290
4285
4150
4055
3981
3916
3866
3816
3776
3726
3696
3656
3611
3576
3531
3496
3461
3416
3376
3341
3296
3256
3206
3151
3091
3026
2951
2856
2746
2611
2441
2241
2001
1731
1417
1067
692
282
-155
-629
-1118
-1657
-2196
-2770
-3363
-3967
-4596
-5230
-5888
-6557
-7236
-7914