1199125
1174143
1149160
1124178
1099195
1074213
1049230
1024248
999265
974283
949300
924318
899335
874353
849370
824388
799405
774423
749440
724458
699475
674493
649510
624528
599545
574563
549580
524598
499615
474633
449650
424668
399685
374703
349720
324738
299755
274773
249790
224808
199825
174843
149860
124878
99895
74913
49930
24948
-34
-25016
-34
24948
49930
74913
99895
124878
149860
174843
199825
224808
249790
274773
299755
324738
349720
374703
399685
424668
449650
474633
499615
524598
549580
574563
599545
624528
649510
674493
699475
724458
749440
774423
799405
824388
849370
874353
899335
924318
949300
974283
999265
1024248
1049230
1074213
1099195
1124178
1149160
1174143
1199125
1224108
-7700
-6951
-6013
-5060
-4122
-3244
-2430
-1677
-1003
-419
87
532
877
1157
1372
1527
1646
1736
1811
1861
1901
1931
1966
1976
2001
2026
2041
2051
2066
2076
2086
2101
2111
2121
2131
2136
2146
2151
2161
2166
2176
2186
2191
2196
2206
2211
2221
2226
2236
2236
2211
2191
2176
2161
2141
2121
2111
2096
2076
2071
2051
2041
2026
2011
1986
1981
1966
1946
1936
1921
1901
1881
1866
1846
1821
1796
1771
1741
1711
1671
1631
1572
1507
1427
1312
1157
947
657
287
-170
-724
-1387
-2146
-3004
-3952
-4985
-6083
-7260
-8473
-9750