1199125
1174143
1149160
1124178
1099195
1074213
1049230
1024248
999265
974283
949300
924318
899335
874353
849370
824388
799405
774423
749440
724458
699475
674493
649510
624528
599545
574563
549580
524598
499615
474633
449650
424668
399685
374703
349720
324738
299755
274773
249790
224808
199825
174843
149860
124878
99895
74913
49930
24948
-34
-25016
-34
24948
49930
74913
99895
124878
149860
174843
199825
224808
249790
274773
299755
324738
349720
374703
399685
424668
449650
474633
499615
524598
549580
574563
599545
624528
649510
674493
699475
724458
749440
774423
799405
824388
849370
874353
899335
924318
949300
974283
999265
1024248
1049230
1074213
1099195
1124178
1149160
1174143
1199125
1224108
-7046
-6262
-5309
-4331
-3378
-2480
-1662
-913
-255
302
787
1202
1547
1811
2021
2186
2316
2421
2506
2571
2621
2671
2701
2736
2761
2791
2806
2816
2846
2856
2881
2901
2906
2911
2926
2936
2946
2956
2961
2971
2986
3001
3001
3011
3016
3026
3031
3041
3051
3056
3031
3001
2981
2951
2931
2911
2896
2871
2851
2831
2816
2791
2771
2756
2731
2711
2691
2676
2651
2626
2601
2576
2556
2531
2496
2461
2426
2386
2341
2296
2231
2166
2086
1981
1856
1686
1472
1197
832
387
-140
-779
-1517
-2350
-3274
-4287
-5364
-6522
-7729
-8972