1199125
1174143
1149160
1124178
1099195
1074213
1049230
1024248
999265
974283
949300
924318
899335
874353
849370
824388
799405
774423
749440
724458
699475
674493
649510
624528
599545
574563
549580
524598
499615
474633
449650
424668
399685
374703
349720
324738
299755
274773
249790
224808
199825
174843
149860
124878
99895
74913
49930
24948
-34
-25016
-34
24948
49930
74913
99895
124878
149860
174843
199825
224808
249790
274773
299755
324738
349720
374703
399685
424668
449650
474633
499615
524598
549580
574563
599545
624528
649510
674493
699475
724458
749440
774423
799405
824388
849370
874353
899335
924318
949300
974283
999265
1024248
1049230
1074213
1099195
1124178
1149160
1174143
1199125
1224108
-2226
-2036
-1861
-1692
-1522
-1348
-1183
-1018
-849
-689
-529
-380
-220
-80
52
177
287
387
477
542
602
647
682
712
732
747
762
767
767
782
782
782
792
792
787
792
797
797
797
797
787
797
802
792
802
797
802
807
802
807
797
787
787
777
772
767
767
762
757
752
747
742
742
737
732
732
727
717
712
702
697
687
667
667
647
617
592
552
512
452
392
307
222
117
-2
-120
-255
-394
-544
-699
-859
-1023
-1183
-1353
-1517
-1687
-1857
-2021
-2196
-2365