1199125
1174143
1149160
1124178
1099195
1074213
1049230
1024248
999265
974283
949300
924318
899335
874353
849370
824388
799405
774423
749440
724458
699475
674493
649510
624528
599545
574563
549580
524598
499615
474633
449650
424668
399685
374703
349720
324738
299755
274773
249790
224808
199825
174843
149860
124878
99895
74913
49930
24948
-34
-25016
-34
24948
49930
74913
99895
124878
149860
174843
199825
224808
249790
274773
299755
324738
349720
374703
399685
424668
449650
474633
499615
524598
549580
574563
599545
624528
649510
674493
699475
724458
749440
774423
799405
824388
849370
874353
899335
924318
949300
974283
999265
1024248
1049230
1074213
1099195
1124178
1149160
1174143
1199125
1224108
-7290
-6517
-5574
-4606
-3658
-2765
-1941
-1198
-539
42
537
957
1297
1572
1786
1951
2076
2181
2261
2316
2366
2406
2436
2471
2486
2511
2536
2561
2566
2586
2596
2611
2621
2631
2646
2651
2661
2676
2686
2691
2701
2711
2716
2721
2726
2741
2761
2756
2766
2766
2741
2716
2691
2676
2656
2631
2621
2596
2576
2566
2546
2526
2506
2486
2471
2456
2436
2416
2396
2381
2361
2331
2306
2286
2256
2231
2206
2161
2121
2071
2021
1961
1881
1786
1671
1507
1297
1007
642
187
-350
-998
-1742
-2590
-3518
-4536
-5634
-6796
-8009
-9271