1199125
1174143
1149160
1124178
1099195
1074213
1049230
1024248
999265
974283
949300
924318
899335
874353
849370
824388
799405
774423
749440
724458
699475
674493
649510
624528
599545
574563
549580
524598
499615
474633
449650
424668
399685
374703
349720
324738
299755
274773
249790
224808
199825
174843
149860
124878
99895
74913
49930
24948
-34
-25016
-34
24948
49930
74913
99895
124878
149860
174843
199825
224808
249790
274773
299755
324738
349720
374703
399685
424668
449650
474633
499615
524598
549580
574563
599545
624528
649510
674493
699475
724458
749440
774423
799405
824388
849370
874353
899335
924318
949300
974283
999265
1024248
1049230
1074213
1099195
1124178
1149160
1174143
1199125
1224108
-6936
-6118
-5145
-4157
-3194
-2296
-1457
-714
-60
502
982
1387
1716
1986
2201
2371
2506
2616
2696
2766
2826
2871
2911
2946
2976
3006
3031
3046
3061
3086
3096
3106
3126
3136
3146
3166
3171
3181
3191
3201
3211
3216
3226
3231
3246
3251
3261
3271
3276
3286
3251
3216
3191
3171
3146
3126
3111
3081
3066
3036
3021
2996
2981
2956
2931
2906
2891
2866
2846
2821
2791
2766
2736
2701
2681
2641
2606
2561
2511
2461
2391
2316
2226
2121
1986
1816
1602
1322
962
512
-7
-629
-1358
-2186
-3099
-4102
-5180
-6322
-7530
-8762