1199125
1174143
1149160
1124178
1099195
1074213
1049230
1024248
999265
974283
949300
924318
899335
874353
849370
824388
799405
774423
749440
724458
699475
674493
649510
624528
599545
574563
549580
524598
499615
474633
449650
424668
399685
374703
349720
324738
299755
274773
249790
224808
199825
174843
149860
124878
99895
74913
49930
24948
-34
-25016
-34
24948
49930
74913
99895
124878
149860
174843
199825
224808
249790
274773
299755
324738
349720
374703
399685
424668
449650
474633
499615
524598
549580
574563
599545
624528
649510
674493
699475
724458
749440
774423
799405
824388
849370
874353
899335
924318
949300
974283
999265
1024248
1049230
1074213
1099195
1124178
1149160
1174143
1199125
1224108
-8488
-7575
-6657
-5754
-4870
-4002
-3159
-2321
-1517
-724
37
757
1452
2106
2676
3171
3591
3926
4185
4375
4530
4650
4740
4815
4885
4940
4980
5025
5070
5100
5135
5165
5185
5215
5230
5255
5265
5275
5290
5300
5305
5315
5315
5325
5325
5330
5330
5330
5335
5330
5290
5270
5250
5225
5205
5190
5175
5160
5140
5120
5095
5065
5045
5015
4980
4940
4890
4845
4785
4715
4640
4560
4465
4360
4245
4120
3966
3781
3576
3336
3061
2741
2381
1966
1512
1012
472
-105
-714
-1353
-2031
-2720
-3403
-4107
-4815
-5529
-6248
-6966
-7695
-8438