1199125
1174143
1149160
1124178
1099195
1074213
1049230
1024248
999265
974283
949300
924318
899335
874353
849370
824388
799405
774423
749440
724458
699475
674493
649510
624528
599545
574563
549580
524598
499615
474633
449650
424668
399685
374703
349720
324738
299755
274773
249790
224808
199825
174843
149860
124878
99895
74913
49930
24948
-34
-25016
-34
24948
49930
74913
99895
124878
149860
174843
199825
224808
249790
274773
299755
324738
349720
374703
399685
424668
449650
474633
499615
524598
549580
574563
599545
624528
649510
674493
699475
724458
749440
774423
799405
824388
849370
874353
899335
924318
949300
974283
999265
1024248
1049230
1074213
1099195
1124178
1149160
1174143
1199125
1224108
-9236
-8184
-7121
-6113
-5140
-4227
-3343
-2500
-1687
-918
-175
517
1192
1786
2336
2811
3211
3556
3831
4040
4210
4345
4440
4525
4575
4635
4685
4710
4740
4770
4785
4790
4800
4810
4815
4830
4830
4845
4835
4845
4840
4840
4830
4830
4820
4815
4815
4815
4820
4815
4710
4650
4605
4550
4520
4490
4440
4425
4400
4365
4335
4305
4275
4245
4210
4175
4125
4105
4050
4010
3951
3886
3811
3716
3616
3476
3331
3151
2936
2686
2396
2071
1696
1307
867
407
-90
-619
-1173
-1757
-2355
-2994
-3628
-4277
-4950
-5644
-6332
-7046
-7769
-8498