1199125
1174143
1149160
1124178
1099195
1074213
1049230
1024248
999265
974283
949300
924318
899335
874353
849370
824388
799405
774423
749440
724458
699475
674493
649510
624528
599545
574563
549580
524598
499615
474633
449650
424668
399685
374703
349720
324738
299755
274773
249790
224808
199825
174843
149860
124878
99895
74913
49930
24948
-34
-25016
-34
24948
49930
74913
99895
124878
149860
174843
199825
224808
249790
274773
299755
324738
349720
374703
399685
424668
449650
474633
499615
524598
549580
574563
599545
624528
649510
674493
699475
724458
749440
774423
799405
824388
849370
874353
899335
924318
949300
974283
999265
1024248
1049230
1074213
1099195
1124178
1149160
1174143
1199125
1224108
-3538
-3134
-2755
-2380
-2026
-1687
-1368
-1063
-789
-534
-320
-130
42
172
272
352
407
447
472
497
512
522
522
527
537
537
547
542
542
547
552
552
557
557
557
557
552
557
552
557
557
557
557
557
557
557
552
562
557
557
537
527
512
512
502
497
492
482
477
472
462
462
462
447
442
437
437
427
417
412
407
407
397
392
387
377
362
352
347
337
317
282
247
192
117
17
-110
-260
-444
-649
-883
-1143
-1412
-1707
-2021
-2346
-2695
-3059
-3453
-3847