1199125
1174143
1149160
1124178
1099195
1074213
1049230
1024248
999265
974283
949300
924318
899335
874353
849370
824388
799405
774423
749440
724458
699475
674493
649510
624528
599545
574563
549580
524598
499615
474633
449650
424668
399685
374703
349720
324738
299755
274773
249790
224808
199825
174843
149860
124878
99895
74913
49930
24948
-34
-25016
-34
24948
49930
74913
99895
124878
149860
174843
199825
224808
249790
274773
299755
324738
349720
374703
399685
424668
449650
474633
499615
524598
549580
574563
599545
624528
649510
674493
699475
724458
749440
774423
799405
824388
849370
874353
899335
924318
949300
974283
999265
1024248
1049230
1074213
1099195
1124178
1149160
1174143
1199125
1224108
-9626
-8174
-6677
-5309
-4047
-2899
-1861
-938
-145
507
1032
1447
1746
1971
2121
2236
2316
2376
2421
2456
2481
2501
2501
2506
2496
2496
2491
2481
2476
2471
2461
2461
2446
2436
2431
2426
2416
2411
2401
2401
2396
2391
2376
2376
2371
2366
2361
2356
2356
2356
2296
2271
2256
2246
2236
2226
2211
2206
2196
2186
2176
2166
2156
2141
2131
2126
2116
2096
2086
2071
2056
2046
2031
2016
2001
1991
1966
1951
1926
1906
1876
1836
1786
1706
1602
1442
1237
957
592
132
-449
-1158
-2006
-2984
-4087
-5309
-6627
-8029
-9491
-10229