1199125
1174143
1149160
1124178
1099195
1074213
1049230
1024248
999265
974283
949300
924318
899335
874353
849370
824388
799405
774423
749440
724458
699475
674493
649510
624528
599545
574563
549580
524598
499615
474633
449650
424668
399685
374703
349720
324738
299755
274773
249790
224808
199825
174843
149860
124878
99895
74913
49930
24948
-34
-25016
-34
24948
49930
74913
99895
124878
149860
174843
199825
224808
249790
274773
299755
324738
349720
374703
399685
424668
449650
474633
499615
524598
549580
574563
599545
624528
649510
674493
699475
724458
749440
774423
799405
824388
849370
874353
899335
924318
949300
974283
999265
1024248
1049230
1074213
1099195
1124178
1149160
1174143
1199125
1224108
-3408
-3034
-2660
-2306
-1966
-1637
-1333
-1048
-784
-539
-330
-140
27
147
247
322
377
422
442
462
487
487
492
502
502
507
512
512
517
522
522
522
517
517
522
522
527
532
527
522
527
532
532
527
527
527
532
532
527
532
512
502
497
482
482
477
462
467
457
452
447
442
442
432
432
427
422
412
412
402
397
392
392
382
372
367
362
347
347
327
307
277
237
182
107
7
-120
-270
-444
-649
-864
-1108
-1372
-1652
-1951
-2266
-2605
-2934
-3309
-3703