1199125
1174143
1149160
1124178
1099195
1074213
1049230
1024248
999265
974283
949300
924318
899335
874353
849370
824388
799405
774423
749440
724458
699475
674493
649510
624528
599545
574563
549580
524598
499615
474633
449650
424668
399685
374703
349720
324738
299755
274773
249790
224808
199825
174843
149860
124878
99895
74913
49930
24948
-34
-25016
-34
24948
49930
74913
99895
124878
149860
174843
199825
224808
249790
274773
299755
324738
349720
374703
399685
424668
449650
474633
499615
524598
549580
574563
599545
624528
649510
674493
699475
724458
749440
774423
799405
824388
849370
874353
899335
924318
949300
974283
999265
1024248
1049230
1074213
1099195
1124178
1149160
1174143
1199125
1224108
-5110
-4451
-3862
-3294
-2755
-2241
-1762
-1288
-849
-439
-70
272
572
837
1057
1237
1382
1492
1582
1646
1696
1731
1751
1771
1781
1786
1791
1796
1791
1786
1781
1776
1776
1766
1766
1761
1756
1751
1741
1736
1726
1716
1716
1711
1701
1701
1696
1691
1681
1676
1592
1542
1497
1467
1432
1417
1392
1367
1347
1332
1307
1287
1272
1252
1237
1217
1207
1187
1167
1152
1132
1117
1087
1067
1052
1027
1007
977
952
912
872
807
732
627
487
317
122
-125
-409
-724
-1078
-1452
-1861
-2301
-2755
-3229
-3728
-4237
-4771
-5324