1199125
1174143
1149160
1124178
1099195
1074213
1049230
1024248
999265
974283
949300
924318
899335
874353
849370
824388
799405
774423
749440
724458
699475
674493
649510
624528
599545
574563
549580
524598
499615
474633
449650
424668
399685
374703
349720
324738
299755
274773
249790
224808
199825
174843
149860
124878
99895
74913
49930
24948
-34
-25016
-34
24948
49930
74913
99895
124878
149860
174843
199825
224808
249790
274773
299755
324738
349720
374703
399685
424668
449650
474633
499615
524598
549580
574563
599545
624528
649510
674493
699475
724458
749440
774423
799405
824388
849370
874353
899335
924318
949300
974283
999265
1024248
1049230
1074213
1099195
1124178
1149160
1174143
1199125
1224108
-7016
-6213
-5245
-4257
-3299
-2405
-1572
-829
-165
397
882
1292
1626
1896
2111
2276
2406
2521
2601
2666
2721
2776
2811
2846
2871
2901
2921
2936
2956
2971
2986
3001
3016
3031
3041
3051
3061
3066
3086
3091
3106
3106
3121
3126
3131
3146
3146
3156
3166
3171
3136
3121
3091
3066
3046
3026
2996
2976
2956
2936
2916
2901
2876
2856
2836
2816
2791
2771
2746
2721
2701
2676
2651
2616
2586
2546
2516
2471
2426
2376
2311
2241
2151
2051
1921
1751
1537
1252
892
447
-85
-714
-1452
-2281
-3199
-4202
-5289
-6437
-7635
-8887