1199125
1174143
1149160
1124178
1099195
1074213
1049230
1024248
999265
974283
949300
924318
899335
874353
849370
824388
799405
774423
749440
724458
699475
674493
649510
624528
599545
574563
549580
524598
499615
474633
449650
424668
399685
374703
349720
324738
299755
274773
249790
224808
199825
174843
149860
124878
99895
74913
49930
24948
-34
-25016
-34
24948
49930
74913
99895
124878
149860
174843
199825
224808
249790
274773
299755
324738
349720
374703
399685
424668
449650
474633
499615
524598
549580
574563
599545
624528
649510
674493
699475
724458
749440
774423
799405
824388
849370
874353
899335
924318
949300
974283
999265
1024248
1049230
1074213
1099195
1124178
1149160
1174143
1199125
1224108
-9077
-8094
-7081
-6078
-5120
-4197
-3304
-2435
-1592
-784
-25
702
1397
2031
2591
3091
3496
3831
4090
4295
4450
4575
4670
4745
4810
4865
4905
4940
4975
5000
5020
5050
5060
5075
5095
5105
5105
5115
5125
5130
5140
5140
5140
5145
5140
5135
5135
5130
5130
5125
5075
5035
5000
4970
4950
4920
4895
4880
4855
4825
4805
4785
4760
4730
4695
4660
4620
4575
4525
4460
4395
4320
4235
4125
4015
3871
3706
3516
3296
3031
2731
2401
2021
1606
1142
647
127
-434
-1033
-1647
-2301
-2959
-3648
-4336
-5045
-5764
-6492
-7226
-7974
-8727