1199125
1174143
1149160
1124178
1099195
1074213
1049230
1024248
999265
974283
949300
924318
899335
874353
849370
824388
799405
774423
749440
724458
699475
674493
649510
624528
599545
574563
549580
524598
499615
474633
449650
424668
399685
374703
349720
324738
299755
274773
249790
224808
199825
174843
149860
124878
99895
74913
49930
24948
-34
-25016
-34
24948
49930
74913
99895
124878
149860
174843
199825
224808
249790
274773
299755
324738
349720
374703
399685
424668
449650
474633
499615
524598
549580
574563
599545
624528
649510
674493
699475
724458
749440
774423
799405
824388
849370
874353
899335
924318
949300
974283
999265
1024248
1049230
1074213
1099195
1124178
1149160
1174143
1199125
1224108
-3348
-2979
-2605
-2266
-1931
-1607
-1308
-1028
-774
-539
-335
-145
7
137
237
317
367
412
437
457
467
482
477
492
492
497
507
507
502
512
507
507
507
517
512
512
512
517
512
517
517
517
517
522
522
517
522
522
527
517
507
492
487
477
472
467
462
462
452
452
442
447
432
427
427
422
417
407
407
402
402
387
392
382
372
367
357
342
337
322
302
267
232
177
107
2
-125
-270
-444
-634
-859
-1093
-1353
-1622
-1916
-2221
-2555
-2904
-3259
-3648