1199125
1174143
1149160
1124178
1099195
1074213
1049230
1024248
999265
974283
949300
924318
899335
874353
849370
824388
799405
774423
749440
724458
699475
674493
649510
624528
599545
574563
549580
524598
499615
474633
449650
424668
399685
374703
349720
324738
299755
274773
249790
224808
199825
174843
149860
124878
99895
74913
49930
24948
-34
-25016
-34
24948
49930
74913
99895
124878
149860
174843
199825
224808
249790
274773
299755
324738
349720
374703
399685
424668
449650
474633
499615
524598
549580
574563
599545
624528
649510
674493
699475
724458
749440
774423
799405
824388
849370
874353
899335
924318
949300
974283
999265
1024248
1049230
1074213
1099195
1124178
1149160
1174143
1199125
1224108
-8613
-7665
-6712
-5778
-4885
-4002
-3134
-2291
-1472
-684
82
807
1492
2131
2706
3191
3601
3926
4180
4375
4520
4645
4730
4805
4875
4930
4970
5020
5055
5090
5120
5150
5170
5190
5215
5225
5240
5250
5260
5270
5275
5280
5280
5290
5295
5295
5295
5295
5295
5285
5245
5220
5190
5170
5155
5135
5115
5095
5075
5060
5030
5005
4980
4945
4910
4875
4835
4780
4725
4660
4580
4500
4415
4305
4190
4055
3896
3721
3501
3256
2976
2656
2286
1871
1417
917
377
-195
-799
-1442
-2101
-2780
-3478
-4187
-4905
-5629
-6362
-7101
-7844
-8583