1199125
1174143
1149160
1124178
1099195
1074213
1049230
1024248
999265
974283
949300
924318
899335
874353
849370
824388
799405
774423
749440
724458
699475
674493
649510
624528
599545
574563
549580
524598
499615
474633
449650
424668
399685
374703
349720
324738
299755
274773
249790
224808
199825
174843
149860
124878
99895
74913
49930
24948
-34
-25016
-34
24948
49930
74913
99895
124878
149860
174843
199825
224808
249790
274773
299755
324738
349720
374703
399685
424668
449650
474633
499615
524598
549580
574563
599545
624528
649510
674493
699475
724458
749440
774423
799405
824388
849370
874353
899335
924318
949300
974283
999265
1024248
1049230
1074213
1099195
1124178
1149160
1174143
1199125
1224108
-2520
-2306
-2106
-1901
-1702
-1502
-1298
-1093
-893
-699
-514
-325
-145
37
197
347
472
592
692
777
847
902
942
982
1012
1027
1047
1057
1067
1072
1077
1077
1087
1087
1092
1092
1092
1092
1087
1097
1097
1092
1097
1092
1097
1097
1097
1097
1097
1092
1087
1077
1067
1062
1057
1057
1047
1042
1037
1037
1032
1027
1017
1017
1012
1007
1002
992
977
972
962
952
927
902
887
857
812
777
717
647
582
492
387
272
142
-2
-175
-345
-524
-709
-898
-1103
-1303
-1497
-1707
-1906
-2106
-2316
-2520
-2720