1199125
1174143
1149160
1124178
1099195
1074213
1049230
1024248
999265
974283
949300
924318
899335
874353
849370
824388
799405
774423
749440
724458
699475
674493
649510
624528
599545
574563
549580
524598
499615
474633
449650
424668
399685
374703
349720
324738
299755
274773
249790
224808
199825
174843
149860
124878
99895
74913
49930
24948
-34
-25016
-34
24948
49930
74913
99895
124878
149860
174843
199825
224808
249790
274773
299755
324738
349720
374703
399685
424668
449650
474633
499615
524598
549580
574563
599545
624528
649510
674493
699475
724458
749440
774423
799405
824388
849370
874353
899335
924318
949300
974283
999265
1024248
1049230
1074213
1099195
1124178
1149160
1174143
1199125
1224108
-7325
-6751
-5973
-5190
-4406
-3673
-2984
-2346
-1772
-1258
-809
-429
-95
152
357
512
617
697
752
797
822
847
862
882
897
907
927
937
947
952
967
982
987
1002
1012
1017
1032
1037
1042
1052
1067
1067
1087
1092
1097
1102
1107
1112
1122
1127
1112
1097
1092
1077
1067
1047
1047
1032
1027
1012
997
992
982
977
957
952
937
922
922
902
892
877
862
842
832
812
792
777
747
722
692
647
597
512
412
267
72
-195
-514
-913
-1387
-1961
-2630
-3378
-4232
-5185
-6213
-7320
-8478
-9676