1199125
1174143
1149160
1124178
1099195
1074213
1049230
1024248
999265
974283
949300
924318
899335
874353
849370
824388
799405
774423
749440
724458
699475
674493
649510
624528
599545
574563
549580
524598
499615
474633
449650
424668
399685
374703
349720
324738
299755
274773
249790
224808
199825
174843
149860
124878
99895
74913
49930
24948
-34
-25016
-34
24948
49930
74913
99895
124878
149860
174843
199825
224808
249790
274773
299755
324738
349720
374703
399685
424668
449650
474633
499615
524598
549580
574563
599545
624528
649510
674493
699475
724458
749440
774423
799405
824388
849370
874353
899335
924318
949300
974283
999265
1024248
1049230
1074213
1099195
1124178
1149160
1174143
1199125
1224108
-4601
-4032
-3498
-2989
-2510
-2041
-1592
-1168
-784
-419
-90
202
447
657
817
957
1057
1132
1192
1227
1262
1282
1297
1307
1312
1317
1317
1322
1322
1327
1327
1322
1317
1322
1317
1312
1317
1307
1302
1302
1302
1297
1297
1297
1292
1282
1282
1277
1272
1277
1212
1172
1147
1112
1102
1082
1057
1032
1022
1007
992
982
972
957
937
927
912
902
887
872
857
842
827
817
797
787
767
752
727
702
672
627
577
497
397
262
97
-110
-360
-639
-953
-1298
-1677
-2081
-2495
-2954
-3408
-3892
-4396
-4915