1199125
1174143
1149160
1124178
1099195
1074213
1049230
1024248
999265
974283
949300
924318
899335
874353
849370
824388
799405
774423
749440
724458
699475
674493
649510
624528
599545
574563
549580
524598
499615
474633
449650
424668
399685
374703
349720
324738
299755
274773
249790
224808
199825
174843
149860
124878
99895
74913
49930
24948
-34
-25016
-34
24948
49930
74913
99895
124878
149860
174843
199825
224808
249790
274773
299755
324738
349720
374703
399685
424668
449650
474633
499615
524598
549580
574563
599545
624528
649510
674493
699475
724458
749440
774423
799405
824388
849370
874353
899335
924318
949300
974283
999265
1024248
1049230
1074213
1099195
1124178
1149160
1174143
1199125
1224108
-4012
-3538
-3089
-2650
-2236
-1837
-1462
-1108
-774
-479
-215
22
217
377
497
592
662
712
747
772
792
802
812
822
827
832
832
842
842
847
847
852
852
847
847
852
852
852
847
847
847
847
852
852
847
847
847
847
842
847
807
782
762
747
727
722
707
692
682
672
662
647
642
637
617
617
602
602
592
582
567
562
557
542
527
517
507
492
482
467
442
412
372
312
232
122
-15
-190
-394
-629
-898
-1198
-1517
-1861
-2226
-2610
-3014
-3443
-3892
-4361