1199125
1174143
1149160
1124178
1099195
1074213
1049230
1024248
999265
974283
949300
924318
899335
874353
849370
824388
799405
774423
749440
724458
699475
674493
649510
624528
599545
574563
549580
524598
499615
474633
449650
424668
399685
374703
349720
324738
299755
274773
249790
224808
199825
174843
149860
124878
99895
74913
49930
24948
-34
-25016
-34
24948
49930
74913
99895
124878
149860
174843
199825
224808
249790
274773
299755
324738
349720
374703
399685
424668
449650
474633
499615
524598
549580
574563
599545
624528
649510
674493
699475
724458
749440
774423
799405
824388
849370
874353
899335
924318
949300
974283
999265
1024248
1049230
1074213
1099195
1124178
1149160
1174143
1199125
1224108
-8458
-7570
-6312
-4995
-3743
-2585
-1542
-619
172
802
1317
1711
1991
2196
2346
2446
2526
2586
2631
2676
2721
2746
2766
2786
2796
2811
2811
2816
2811
2811
2811
2811
2801
2801
2801
2791
2791
2781
2781
2776
2771
2766
2761
2756
2746
2746
2741
2731
2731
2726
2666
2626
2601
2591
2576
2561
2551
2541
2526
2516
2506
2486
2476
2471
2456
2446
2436
2416
2396
2381
2371
2351
2336
2311
2296
2276
2256
2221
2196
2161
2121
2071
2001
1906
1781
1611
1387
1087
697
227
-360
-1058
-1871
-2805
-3827
-4970
-6188
-7490
-8857
-10229