1199125
1174143
1149160
1124178
1099195
1074213
1049230
1024248
999265
974283
949300
924318
899335
874353
849370
824388
799405
774423
749440
724458
699475
674493
649510
624528
599545
574563
549580
524598
499615
474633
449650
424668
399685
374703
349720
324738
299755
274773
249790
224808
199825
174843
149860
124878
99895
74913
49930
24948
-34
-25016
-34
24948
49930
74913
99895
124878
149860
174843
199825
224808
249790
274773
299755
324738
349720
374703
399685
424668
449650
474633
499615
524598
549580
574563
599545
624528
649510
674493
699475
724458
749440
774423
799405
824388
849370
874353
899335
924318
949300
974283
999265
1024248
1049230
1074213
1099195
1124178
1149160
1174143
1199125
1224108
-2370
-2171
-1981
-1792
-1597
-1412
-1238
-1048
-874
-694
-519
-345
-185
-25
117
257
377
487
567
642
702
752
792
817
842
857
867
877
887
892
892
897
897
897
902
902
907
912
907
912
912
912
907
907
912
917
922
917
917
917
912
897
887
887
882
877
877
867
867
867
862
852
847
842
842
837
827
827
817
812
797
787
777
757
737
707
677
637
597
537
467
382
292
182
67
-70
-215
-365
-529
-704
-874
-1053
-1233
-1422
-1602
-1792
-1976
-2166
-2360
-2550