1199125
1174143
1149160
1124178
1099195
1074213
1049230
1024248
999265
974283
949300
924318
899335
874353
849370
824388
799405
774423
749440
724458
699475
674493
649510
624528
599545
574563
549580
524598
499615
474633
449650
424668
399685
374703
349720
324738
299755
274773
249790
224808
199825
174843
149860
124878
99895
74913
49930
24948
-34
-25016
-34
24948
49930
74913
99895
124878
149860
174843
199825
224808
249790
274773
299755
324738
349720
374703
399685
424668
449650
474633
499615
524598
549580
574563
599545
624528
649510
674493
699475
724458
749440
774423
799405
824388
849370
874353
899335
924318
949300
974283
999265
1024248
1049230
1074213
1099195
1124178
1149160
1174143
1199125
1224108
-3204
-2849
-2510
-2166
-1852
-1537
-1253
-983
-734
-514
-310
-140
12
137
227
302
352
392
417
432
452
462
467
472
477
477
482
482
487
492
487
492
497
497
497
492
497
497
497
497
502
502
507
507
507
502
502
502
502
507
492
477
472
467
457
457
447
442
442
432
432
427
422
422
412
412
402
402
392
387
382
382
372
372
367
352
352
337
322
312
302
262
227
172
102
12
-110
-250
-414
-604
-814
-1048
-1293
-1552
-1842
-2136
-2450
-2790
-3144
-3518