1199125
1174143
1149160
1124178
1099195
1074213
1049230
1024248
999265
974283
949300
924318
899335
874353
849370
824388
799405
774423
749440
724458
699475
674493
649510
624528
599545
574563
549580
524598
499615
474633
449650
424668
399685
374703
349720
324738
299755
274773
249790
224808
199825
174843
149860
124878
99895
74913
49930
24948
-34
-25016
-34
24948
49930
74913
99895
124878
149860
174843
199825
224808
249790
274773
299755
324738
349720
374703
399685
424668
449650
474633
499615
524598
549580
574563
599545
624528
649510
674493
699475
724458
749440
774423
799405
824388
849370
874353
899335
924318
949300
974283
999265
1024248
1049230
1074213
1099195
1124178
1149160
1174143
1199125
1224108
-3738
-3309
-2894
-2500
-2121
-1757
-1412
-1093
-789
-524
-285
-65
107
247
357
437
492
537
567
597
607
617
627
627
637
642
647
647
647
657
657
662
652
657
657
662
662
657
662
662
662
657
662
667
667
662
662
657
662
662
637
617
607
592
582
572
562
552
547
542
527
522
517
507
507
497
492
482
477
472
462
457
442
437
432
427
412
397
387
372
352
327
292
232
162
62
-75
-245
-424
-649
-888
-1163
-1457
-1772
-2101
-2450
-2825
-3219
-3623
-4047