1199125
1174143
1149160
1124178
1099195
1074213
1049230
1024248
999265
974283
949300
924318
899335
874353
849370
824388
799405
774423
749440
724458
699475
674493
649510
624528
599545
574563
549580
524598
499615
474633
449650
424668
399685
374703
349720
324738
299755
274773
249790
224808
199825
174843
149860
124878
99895
74913
49930
24948
-34
-25016
-34
24948
49930
74913
99895
124878
149860
174843
199825
224808
249790
274773
299755
324738
349720
374703
399685
424668
449650
474633
499615
524598
549580
574563
599545
624528
649510
674493
699475
724458
749440
774423
799405
824388
849370
874353
899335
924318
949300
974283
999265
1024248
1049230
1074213
1099195
1124178
1149160
1174143
1199125
1224108
-9167
-8169
-7126
-6128
-5150
-4232
-3328
-2460
-1627
-814
-50
677
1362
1986
2551
3041
3451
3781
4045
4250
4415
4545
4645
4715
4775
4830
4870
4905
4945
4960
4985
5010
5015
5030
5045
5055
5060
5070
5075
5085
5085
5090
5085
5085
5075
5075
5075
5080
5075
5070
5010
4960
4925
4890
4865
4840
4815
4790
4770
4745
4720
4690
4665
4640
4600
4570
4530
4485
4445
4380
4310
4245
4165
4055
3946
3801
3636
3446
3216
2956
2666
2326
1936
1517
1062
572
52
-504
-1093
-1707
-2341
-2999
-3668
-4351
-5060
-5769
-6492
-7221
-7969
-8708