1199125
1174143
1149160
1124178
1099195
1074213
1049230
1024248
999265
974283
949300
924318
899335
874353
849370
824388
799405
774423
749440
724458
699475
674493
649510
624528
599545
574563
549580
524598
499615
474633
449650
424668
399685
374703
349720
324738
299755
274773
249790
224808
199825
174843
149860
124878
99895
74913
49930
24948
-34
-25016
-34
24948
49930
74913
99895
124878
149860
174843
199825
224808
249790
274773
299755
324738
349720
374703
399685
424668
449650
474633
499615
524598
549580
574563
599545
624528
649510
674493
699475
724458
749440
774423
799405
824388
849370
874353
899335
924318
949300
974283
999265
1024248
1049230
1074213
1099195
1124178
1149160
1174143
1199125
1224108
-8413
-7520
-6612
-5709
-4825
-3957
-3109
-2266
-1457
-659
102
882
1582
2221
2781
3271
3676
4000
4250
4440
4585
4695
4785
4855
4920
4970
5015
5050
5095
5125
5160
5190
5215
5230
5250
5260
5270
5285
5295
5305
5320
5325
5335
5340
5340
5340
5330
5340
5335
5330
5305
5280
5265
5240
5225
5210
5185
5175
5160
5130
5115
5095
5070
5035
5005
4960
4915
4870
4805
4740
4670
4590
4500
4400
4285
4155
3990
3826
3621
3386
3116
2796
2446
2041
1592
1102
552
-15
-624
-1258
-1926
-2610
-3319
-4032
-4746
-5484
-6223
-6956
-7700
-8443