1199125
1174143
1149160
1124178
1099195
1074213
1049230
1024248
999265
974283
949300
924318
899335
874353
849370
824388
799405
774423
749440
724458
699475
674493
649510
624528
599545
574563
549580
524598
499615
474633
449650
424668
399685
374703
349720
324738
299755
274773
249790
224808
199825
174843
149860
124878
99895
74913
49930
24948
-34
-25016
-34
24948
49930
74913
99895
124878
149860
174843
199825
224808
249790
274773
299755
324738
349720
374703
399685
424668
449650
474633
499615
524598
549580
574563
599545
624528
649510
674493
699475
724458
749440
774423
799405
824388
849370
874353
899335
924318
949300
974283
999265
1024248
1049230
1074213
1099195
1124178
1149160
1174143
1199125
1224108
-3358
-2984
-2620
-2271
-1931
-1612
-1313
-1038
-774
-539
-325
-150
17
137
237
312
362
407
437
457
467
472
482
492
487
497
502
497
502
512
507
512
512
517
512
522
517
517
512
517
517
517
522
512
522
517
522
517
517
527
502
492
492
477
472
467
462
462
447
442
442
442
432
427
422
422
412
412
407
402
397
392
387
382
372
367
357
347
337
322
302
277
232
182
107
7
-120
-265
-439
-634
-854
-1098
-1353
-1632
-1916
-2236
-2560
-2909
-3274
-3658