1199125
1174143
1149160
1124178
1099195
1074213
1049230
1024248
999265
974283
949300
924318
899335
874353
849370
824388
799405
774423
749440
724458
699475
674493
649510
624528
599545
574563
549580
524598
499615
474633
449650
424668
399685
374703
349720
324738
299755
274773
249790
224808
199825
174843
149860
124878
99895
74913
49930
24948
-34
-25016
-34
24948
49930
74913
99895
124878
149860
174843
199825
224808
249790
274773
299755
324738
349720
374703
399685
424668
449650
474633
499615
524598
549580
574563
599545
624528
649510
674493
699475
724458
749440
774423
799405
824388
849370
874353
899335
924318
949300
974283
999265
1024248
1049230
1074213
1099195
1124178
1149160
1174143
1199125
1224108
-6572
-6153
-5489
-4786
-4087
-3428
-2810
-2251
-1732
-1278
-874
-544
-265
-45
127
262
352
417
462
502
527
552
572
587
602
617
627
647
667
677
692
702
717
727
737
752
762
777
787
802
812
822
837
847
857
862
872
877
887
887
877
862
857
842
837
827
817
807
797
787
772
762
752
737
732
712
702
687
677
657
637
632
607
597
582
562
537
522
497
472
447
402
352
282
192
67
-100
-315
-594
-938
-1353
-1861
-2460
-3149
-3947
-4835
-5818
-6871
-7984
-9137