1199125
1174143
1149160
1124178
1099195
1074213
1049230
1024248
999265
974283
949300
924318
899335
874353
849370
824388
799405
774423
749440
724458
699475
674493
649510
624528
599545
574563
549580
524598
499615
474633
449650
424668
399685
374703
349720
324738
299755
274773
249790
224808
199825
174843
149860
124878
99895
74913
49930
24948
-34
-25016
-34
24948
49930
74913
99895
124878
149860
174843
199825
224808
249790
274773
299755
324738
349720
374703
399685
424668
449650
474633
499615
524598
549580
574563
599545
624528
649510
674493
699475
724458
749440
774423
799405
824388
849370
874353
899335
924318
949300
974283
999265
1024248
1049230
1074213
1099195
1124178
1149160
1174143
1199125
1224108
-3982
-3513
-3059
-2630
-2216
-1817
-1447
-1093
-769
-474
-210
22
212
377
492
587
657
697
737
762
777
792
802
807
812
822
822
827
827
837
832
832
842
837
837
842
837
837
837
837
832
837
832
837
837
832
837
832
832
832
797
772
752
727
722
702
692
687
672
662
652
642
632
622
607
607
602
587
577
567
557
557
542
527
517
512
502
482
467
447
427
397
367
312
232
122
-15
-195
-399
-639
-903
-1193
-1512
-1852
-2216
-2590
-2984
-3408
-3847
-4306