1199125
1174143
1149160
1124178
1099195
1074213
1049230
1024248
999265
974283
949300
924318
899335
874353
849370
824388
799405
774423
749440
724458
699475
674493
649510
624528
599545
574563
549580
524598
499615
474633
449650
424668
399685
374703
349720
324738
299755
274773
249790
224808
199825
174843
149860
124878
99895
74913
49930
24948
-34
-25016
-34
24948
49930
74913
99895
124878
149860
174843
199825
224808
249790
274773
299755
324738
349720
374703
399685
424668
449650
474633
499615
524598
549580
574563
599545
624528
649510
674493
699475
724458
749440
774423
799405
824388
849370
874353
899335
924318
949300
974283
999265
1024248
1049230
1074213
1099195
1124178
1149160
1174143
1199125
1224108
-7330
-6751
-5978
-5190
-4406
-3678
-2994
-2365
-1792
-1283
-834
-444
-125
132
332
482
592
667
727
767
802
817
842
847
872
882
897
912
922
932
947
962
967
977
992
1002
1012
1017
1032
1032
1042
1052
1062
1072
1077
1087
1092
1092
1102
1107
1097
1077
1072
1052
1047
1037
1027
1017
1002
1002
982
977
962
952
942
927
912
907
897
882
862
852
847
822
812
797
767
747
722
702
667
617
567
487
387
237
42
-210
-534
-928
-1402
-1966
-2625
-3378
-4227
-5175
-6198
-7300
-8458
-9661