1199125
1174143
1149160
1124178
1099195
1074213
1049230
1024248
999265
974283
949300
924318
899335
874353
849370
824388
799405
774423
749440
724458
699475
674493
649510
624528
599545
574563
549580
524598
499615
474633
449650
424668
399685
374703
349720
324738
299755
274773
249790
224808
199825
174843
149860
124878
99895
74913
49930
24948
-34
-25016
-34
24948
49930
74913
99895
124878
149860
174843
199825
224808
249790
274773
299755
324738
349720
374703
399685
424668
449650
474633
499615
524598
549580
574563
599545
624528
649510
674493
699475
724458
749440
774423
799405
824388
849370
874353
899335
924318
949300
974283
999265
1024248
1049230
1074213
1099195
1124178
1149160
1174143
1199125
1224108
-5813
-5055
-4212
-3348
-2445
-1592
-684
167
1002
1796
2521
3186
3741
4210
4600
4920
5210
5415
5580
5720
5850
5960
6050
6130
6205
6265
6315
6369
6404
6439
6474
6509
6529
6559
6589
6609
6624
6654
6664
6679
6694
6709
6724
6739
6759
6769
6779
6794
6809
6804
6764
6729
6689
6669
6639
6599
6569
6534
6504
6474
6434
6404
6364
6325
6300
6265
6215
6175
6120
6065
6020
5960
5885
5815
5735
5635
5530
5405
5260
5100
4915
4695
4445
4155
3841
3471
3061
2596
2081
1512
872
187
-569
-1382
-2251
-3259
-4202
-5240
-6337
-7455