1199125
1174143
1149160
1124178
1099195
1074213
1049230
1024248
999265
974283
949300
924318
899335
874353
849370
824388
799405
774423
749440
724458
699475
674493
649510
624528
599545
574563
549580
524598
499615
474633
449650
424668
399685
374703
349720
324738
299755
274773
249790
224808
199825
174843
149860
124878
99895
74913
49930
24948
-34
-25016
-34
24948
49930
74913
99895
124878
149860
174843
199825
224808
249790
274773
299755
324738
349720
374703
399685
424668
449650
474633
499615
524598
549580
574563
599545
624528
649510
674493
699475
724458
749440
774423
799405
824388
849370
874353
899335
924318
949300
974283
999265
1024248
1049230
1074213
1099195
1124178
1149160
1174143
1199125
1224108
-5434
-5235
-4716
-4132
-3533
-2969
-2440
-1951
-1517
-1123
-799
-519
-295
-110
27
127
202
262
297
327
347
367
387
407
417
437
452
462
482
492
512
522
532
552
567
582
592
607
622
632
642
662
672
677
687
702
707
712
722
732
722
702
702
682
687
672
667
652
642
627
622
612
602
587
572
562
552
537
522
507
487
477
452
437
417
412
382
357
342
317
297
262
212
152
92
-15
-145
-320
-549
-839
-1193
-1622
-2136
-2745
-3453
-4257
-5160
-6123
-7161
-8258