1199125
1174143
1149160
1124178
1099195
1074213
1049230
1024248
999265
974283
949300
924318
899335
874353
849370
824388
799405
774423
749440
724458
699475
674493
649510
624528
599545
574563
549580
524598
499615
474633
449650
424668
399685
374703
349720
324738
299755
274773
249790
224808
199825
174843
149860
124878
99895
74913
49930
24948
-34
-25016
-34
24948
49930
74913
99895
124878
149860
174843
199825
224808
249790
274773
299755
324738
349720
374703
399685
424668
449650
474633
499615
524598
549580
574563
599545
624528
649510
674493
699475
724458
749440
774423
799405
824388
849370
874353
899335
924318
949300
974283
999265
1024248
1049230
1074213
1099195
1124178
1149160
1174143
1199125
1224108
-3443
-3064
-2685
-2321
-1976
-1647
-1338
-1048
-784
-539
-325
-130
32
157
262
332
397
437
452
477
497
502
512
512
517
527
527
527
532
532
532
542
532
542
537
537
542
537
542
542
542
542
542
542
547
542
542
542
542
542
527
512
507
497
497
482
477
472
467
462
447
447
447
437
437
432
422
427
417
407
402
402
392
387
382
377
367
352
342
327
307
277
247
187
112
17
-115
-265
-439
-644
-864
-1118
-1387
-1667
-1966
-2291
-2630
-2979
-3363
-3758