1199125
1174143
1149160
1124178
1099195
1074213
1049230
1024248
999265
974283
949300
924318
899335
874353
849370
824388
799405
774423
749440
724458
699475
674493
649510
624528
599545
574563
549580
524598
499615
474633
449650
424668
399685
374703
349720
324738
299755
274773
249790
224808
199825
174843
149860
124878
99895
74913
49930
24948
-34
-25016
-34
24948
49930
74913
99895
124878
149860
174843
199825
224808
249790
274773
299755
324738
349720
374703
399685
424668
449650
474633
499615
524598
549580
574563
599545
624528
649510
674493
699475
724458
749440
774423
799405
824388
849370
874353
899335
924318
949300
974283
999265
1024248
1049230
1074213
1099195
1124178
1149160
1174143
1199125
1224108
-7196
-6437
-5484
-4516
-3568
-2685
-1857
-1113
-449
127
612
1032
1377
1646
1856
2026
2146
2251
2331
2391
2446
2481
2521
2546
2576
2601
2616
2636
2651
2671
2681
2696
2711
2721
2731
2741
2751
2761
2771
2781
2786
2796
2811
2811
2821
2826
2831
2851
2851
2861
2831
2806
2781
2761
2746
2721
2701
2681
2661
2641
2626
2611
2586
2571
2551
2536
2516
2501
2476
2456
2436
2416
2386
2356
2331
2301
2271
2236
2196
2146
2086
2021
1941
1856
1736
1567
1352
1067
707
252
-290
-938
-1677
-2520
-3453
-4471
-5559
-6722
-7934
-9192