1199125
1174143
1149160
1124178
1099195
1074213
1049230
1024248
999265
974283
949300
924318
899335
874353
849370
824388
799405
774423
749440
724458
699475
674493
649510
624528
599545
574563
549580
524598
499615
474633
449650
424668
399685
374703
349720
324738
299755
274773
249790
224808
199825
174843
149860
124878
99895
74913
49930
24948
-34
-25016
-34
24948
49930
74913
99895
124878
149860
174843
199825
224808
249790
274773
299755
324738
349720
374703
399685
424668
449650
474633
499615
524598
549580
574563
599545
624528
649510
674493
699475
724458
749440
774423
799405
824388
849370
874353
899335
924318
949300
974283
999265
1024248
1049230
1074213
1099195
1124178
1149160
1174143
1199125
1224108
-2271
-2061
-1901
-1737
-1572
-1407
-1253
-1098
-943
-769
-639
-514
-385
-260
-150
-40
47
127
207
267
317
352
377
407
412
422
432
437
442
447
447
452
452
452
457
462
462
462
457
467
467
467
462
472
467
472
467
472
472
472
467
462
457
457
457
452
447
452
447
447
437
437
437
437
437
422
422
422
417
412
402
407
392
382
372
357
337
297
262
217
157
87
7
-85
-185
-300
-409
-529
-664
-789
-923
-1058
-1203
-1338
-1482
-1632
-1782
-1931
-2076
-2221