1199125
1174143
1149160
1124178
1099195
1074213
1049230
1024248
999265
974283
949300
924318
899335
874353
849370
824388
799405
774423
749440
724458
699475
674493
649510
624528
599545
574563
549580
524598
499615
474633
449650
424668
399685
374703
349720
324738
299755
274773
249790
224808
199825
174843
149860
124878
99895
74913
49930
24948
-34
-25016
-34
24948
49930
74913
99895
124878
149860
174843
199825
224808
249790
274773
299755
324738
349720
374703
399685
424668
449650
474633
499615
524598
549580
574563
599545
624528
649510
674493
699475
724458
749440
774423
799405
824388
849370
874353
899335
924318
949300
974283
999265
1024248
1049230
1074213
1099195
1124178
1149160
1174143
1199125
1224108
-2191
-2011
-1837
-1667
-1497
-1333
-1178
-1008
-849
-689
-544
-380
-240
-95
32
152
262
362
437
507
567
612
647
662
692
707
712
722
722
732
732
737
742
737
747
742
747
747
747
747
752
747
747
752
762
752
757
762
757
757
747
737
737
737
727
722
722
717
712
702
702
702
697
697
692
682
677
672
672
657
652
647
632
622
607
587
552
522
472
417
352
282
187
92
-20
-145
-265
-419
-554
-709
-864
-1018
-1173
-1338
-1497
-1662
-1832
-1996
-2166
-2321