1199125
1174143
1149160
1124178
1099195
1074213
1049230
1024248
999265
974283
949300
924318
899335
874353
849370
824388
799405
774423
749440
724458
699475
674493
649510
624528
599545
574563
549580
524598
499615
474633
449650
424668
399685
374703
349720
324738
299755
274773
249790
224808
199825
174843
149860
124878
99895
74913
49930
24948
-34
-25016
-34
24948
49930
74913
99895
124878
149860
174843
199825
224808
249790
274773
299755
324738
349720
374703
399685
424668
449650
474633
499615
524598
549580
574563
599545
624528
649510
674493
699475
724458
749440
774423
799405
824388
849370
874353
899335
924318
949300
974283
999265
1024248
1049230
1074213
1099195
1124178
1149160
1174143
1199125
1224108
-5509
-4805
-4162
-3553
-2984
-2430
-1911
-1412
-928
-489
-85
287
617
917
1167
1382
1557
1701
1811
1896
1961
2006
2051
2061
2081
2096
2096
2106
2106
2096
2101
2091
2091
2071
2071
2066
2061
2051
2046
2041
2026
2021
2006
2006
1991
1986
1976
1971
1971
1956
1851
1791
1741
1706
1671
1641
1611
1587
1567
1542
1522
1502
1482
1457
1437
1417
1397
1382
1362
1342
1312
1297
1272
1252
1227
1202
1177
1137
1102
1057
1002
922
822
697
537
347
112
-165
-469
-819
-1193
-1597
-2026
-2485
-2959
-3458
-3972
-4516
-5060
-5624