1199125
1174143
1149160
1124178
1099195
1074213
1049230
1024248
999265
974283
949300
924318
899335
874353
849370
824388
799405
774423
749440
724458
699475
674493
649510
624528
599545
574563
549580
524598
499615
474633
449650
424668
399685
374703
349720
324738
299755
274773
249790
224808
199825
174843
149860
124878
99895
74913
49930
24948
-34
-25016
-34
24948
49930
74913
99895
124878
149860
174843
199825
224808
249790
274773
299755
324738
349720
374703
399685
424668
449650
474633
499615
524598
549580
574563
599545
624528
649510
674493
699475
724458
749440
774423
799405
824388
849370
874353
899335
924318
949300
974283
999265
1024248
1049230
1074213
1099195
1124178
1149160
1174143
1199125
1224108
-2979
-2725
-2485
-2256
-2011
-1777
-1537
-1298
-1058
-819
-579
-345
-120
102
302
492
662
812
942
1052
1152
1222
1282
1327
1362
1397
1417
1432
1447
1452
1462
1467
1467
1477
1472
1477
1482
1477
1477
1482
1477
1482
1472
1482
1472
1482
1477
1482
1477
1482
1462
1452
1437
1432
1422
1412
1407
1402
1392
1392
1372
1377
1367
1357
1352
1342
1332
1322
1312
1297
1282
1262
1242
1212
1177
1142
1092
1037
977
887
797
692
557
412
242
57
-150
-360
-584
-819
-1063
-1298
-1542
-1782
-2016
-2261
-2500
-2740
-2974
-3209