1199125
1174143
1149160
1124178
1099195
1074213
1049230
1024248
999265
974283
949300
924318
899335
874353
849370
824388
799405
774423
749440
724458
699475
674493
649510
624528
599545
574563
549580
524598
499615
474633
449650
424668
399685
374703
349720
324738
299755
274773
249790
224808
199825
174843
149860
124878
99895
74913
49930
24948
-34
-25016
-34
24948
49930
74913
99895
124878
149860
174843
199825
224808
249790
274773
299755
324738
349720
374703
399685
424668
449650
474633
499615
524598
549580
574563
599545
624528
649510
674493
699475
724458
749440
774423
799405
824388
849370
874353
899335
924318
949300
974283
999265
1024248
1049230
1074213
1099195
1124178
1149160
1174143
1199125
1224108
-3249
-2884
-2535
-2191
-1866
-1557
-1258
-993
-744
-514
-310
-140
12
137
237
307
362
402
427
442
462
467
472
477
487
487
492
492
492
497
497
507
497
502
507
507
502
512
502
507
512
507
512
512
507
512
507
507
512
512
502
487
482
462
462
457
452
452
447
437
437
432
432
417
412
412
402
407
402
397
392
387
377
372
367
357
352
347
327
317
292
272
227
177
102
7
-110
-255
-424
-609
-824
-1048
-1303
-1572
-1861
-2156
-2475
-2810
-3169
-3548