1199125
1174143
1149160
1124178
1099195
1074213
1049230
1024248
999265
974283
949300
924318
899335
874353
849370
824388
799405
774423
749440
724458
699475
674493
649510
624528
599545
574563
549580
524598
499615
474633
449650
424668
399685
374703
349720
324738
299755
274773
249790
224808
199825
174843
149860
124878
99895
74913
49930
24948
-34
-25016
-34
24948
49930
74913
99895
124878
149860
174843
199825
224808
249790
274773
299755
324738
349720
374703
399685
424668
449650
474633
499615
524598
549580
574563
599545
624528
649510
674493
699475
724458
749440
774423
799405
824388
849370
874353
899335
924318
949300
974283
999265
1024248
1049230
1074213
1099195
1124178
1149160
1174143
1199125
1224108
-6786
-5973
-5010
-4027
-3069
-2176
-1343
-604
47
597
1077
1477
1801
2066
2281
2451
2591
2691
2786
2856
2911
2966
3001
3031
3066
3096
3121
3141
3156
3171
3186
3206
3221
3231
3246
3256
3271
3281
3291
3296
3301
3311
3326
3336
3336
3356
3356
3361
3371
3381
3346
3316
3291
3266
3246
3221
3196
3176
3156
3131
3111
3091
3071
3046
3031
3006
2981
2956
2931
2901
2871
2856
2821
2791
2761
2726
2686
2636
2581
2526
2466
2386
2296
2186
2051
1881
1666
1377
1017
582
62
-559
-1278
-2101
-3004
-4002
-5070
-6208
-7405
-8643