1199125
1174143
1149160
1124178
1099195
1074213
1049230
1024248
999265
974283
949300
924318
899335
874353
849370
824388
799405
774423
749440
724458
699475
674493
649510
624528
599545
574563
549580
524598
499615
474633
449650
424668
399685
374703
349720
324738
299755
274773
249790
224808
199825
174843
149860
124878
99895
74913
49930
24948
-34
-25016
-34
24948
49930
74913
99895
124878
149860
174843
199825
224808
249790
274773
299755
324738
349720
374703
399685
424668
449650
474633
499615
524598
549580
574563
599545
624528
649510
674493
699475
724458
749440
774423
799405
824388
849370
874353
899335
924318
949300
974283
999265
1024248
1049230
1074213
1099195
1124178
1149160
1174143
1199125
1224108
-4850
-4726
-4282
-3758
-3224
-2710
-2221
-1782
-1377
-1033
-739
-489
-295
-130
-15
87
147
202
242
267
297
312
327
352
362
372
387
407
417
432
447
467
482
487
502
517
532
542
557
572
577
592
602
617
622
637
642
647
657
667
647
642
627
632
622
612
602
592
577
567
562
552
537
522
512
502
487
472
457
447
432
417
397
377
367
352
332
312
282
272
232
212
172
117
47
-40
-160
-315
-519
-779
-1088
-1487
-1956
-2510
-3154
-3892
-4726
-5639
-6617
-7660