1199125
1174143
1149160
1124178
1099195
1074213
1049230
1024248
999265
974283
949300
924318
899335
874353
849370
824388
799405
774423
749440
724458
699475
674493
649510
624528
599545
574563
549580
524598
499615
474633
449650
424668
399685
374703
349720
324738
299755
274773
249790
224808
199825
174843
149860
124878
99895
74913
49930
24948
-34
-25016
-34
24948
49930
74913
99895
124878
149860
174843
199825
224808
249790
274773
299755
324738
349720
374703
399685
424668
449650
474633
499615
524598
549580
574563
599545
624528
649510
674493
699475
724458
749440
774423
799405
824388
849370
874353
899335
924318
949300
974283
999265
1024248
1049230
1074213
1099195
1124178
1149160
1174143
1199125
1224108
-6537
-5943
-5150
-4242
-3304
-2370
-1462
-604
177
877
1502
2026
2486
2861
3161
3421
3636
3816
3961
4080
4170
4250
4330
4375
4420
4475
4510
4545
4580
4600
4630
4655
4685
4700
4715
4730
4755
4770
4785
4805
4810
4835
4845
4860
4860
4880
4890
4905
4920
4935
4885
4830
4800
4755
4720
4685
4650
4615
4580
4545
4505
4470
4440
4395
4350
4325
4280
4250
4195
4155
4105
4055
4000
3941
3876
3806
3736
3646
3551
3441
3311
3171
3001
2806
2576
2301
1971
1582
1117
582
-25
-709
-1487
-2336
-3254
-4237
-5289
-6397
-7560
-8757