1199125
1174143
1149160
1124178
1099195
1074213
1049230
1024248
999265
974283
949300
924318
899335
874353
849370
824388
799405
774423
749440
724458
699475
674493
649510
624528
599545
574563
549580
524598
499615
474633
449650
424668
399685
374703
349720
324738
299755
274773
249790
224808
199825
174843
149860
124878
99895
74913
49930
24948
-34
-25016
-34
24948
49930
74913
99895
124878
149860
174843
199825
224808
249790
274773
299755
324738
349720
374703
399685
424668
449650
474633
499615
524598
549580
574563
599545
624528
649510
674493
699475
724458
749440
774423
799405
824388
849370
874353
899335
924318
949300
974283
999265
1024248
1049230
1074213
1099195
1124178
1149160
1174143
1199125
1224108
-3234
-2874
-2525
-2191
-1861
-1552
-1263
-988
-744
-514
-320
-140
12
137
232
297
362
392
412
437
452
467
472
477
487
487
482
492
492
492
492
502
502
502
502
502
497
502
502
507
507
502
507
502
507
507
502
502
507
512
492
482
472
472
462
452
457
447
442
437
442
427
432
422
422
412
407
402
402
392
387
387
382
372
367
357
352
342
332
317
297
267
227
177
102
7
-110
-255
-419
-609
-819
-1043
-1298
-1567
-1847
-2146
-2470
-2805
-3159
-3538