1199125
1174143
1149160
1124178
1099195
1074213
1049230
1024248
999265
974283
949300
924318
899335
874353
849370
824388
799405
774423
749440
724458
699475
674493
649510
624528
599545
574563
549580
524598
499615
474633
449650
424668
399685
374703
349720
324738
299755
274773
249790
224808
199825
174843
149860
124878
99895
74913
49930
24948
-34
-25016
-34
24948
49930
74913
99895
124878
149860
174843
199825
224808
249790
274773
299755
324738
349720
374703
399685
424668
449650
474633
499615
524598
549580
574563
599545
624528
649510
674493
699475
724458
749440
774423
799405
824388
849370
874353
899335
924318
949300
974283
999265
1024248
1049230
1074213
1099195
1124178
1149160
1174143
1199125
1224108
-4751
-4147
-3603
-3079
-2575
-2101
-1642
-1208
-799
-424
-80
222
492
717
897
1042
1162
1252
1317
1372
1402
1427
1442
1457
1462
1477
1472
1472
1477
1477
1472
1467
1467
1467
1462
1457
1452
1447
1447
1437
1442
1437
1432
1427
1422
1417
1412
1412
1402
1402
1332
1287
1252
1227
1207
1182
1162
1152
1127
1117
1102
1077
1062
1052
1032
1017
1007
997
972
962
947
937
912
897
882
857
847
827
792
777
732
687
622
537
432
287
107
-110
-370
-659
-978
-1343
-1722
-2136
-2575
-3029
-3503
-4002
-4511
-5045