1199125
1174143
1149160
1124178
1099195
1074213
1049230
1024248
999265
974283
949300
924318
899335
874353
849370
824388
799405
774423
749440
724458
699475
674493
649510
624528
599545
574563
549580
524598
499615
474633
449650
424668
399685
374703
349720
324738
299755
274773
249790
224808
199825
174843
149860
124878
99895
74913
49930
24948
-34
-25016
-34
24948
49930
74913
99895
124878
149860
174843
199825
224808
249790
274773
299755
324738
349720
374703
399685
424668
449650
474633
499615
524598
549580
574563
599545
624528
649510
674493
699475
724458
749440
774423
799405
824388
849370
874353
899335
924318
949300
974283
999265
1024248
1049230
1074213
1099195
1124178
1149160
1174143
1199125
1224108
-5619
-5384
-4845
-4247
-3623
-3049
-2510
-2006
-1552
-1158
-814
-534
-295
-110
32
137
222
272
317
347
377
392
422
432
447
467
477
492
502
522
537
552
562
572
592
607
612
627
647
662
667
682
687
702
712
717
732
737
742
757
742
732
717
707
707
692
682
677
662
657
647
637
617
607
592
587
567
557
537
527
507
492
472
462
447
427
407
382
367
342
317
282
237
182
102
-7
-145
-330
-559
-859
-1218
-1667
-2206
-2835
-3558
-4376
-5289
-6277
-7330
-8448