1199125
1174143
1149160
1124178
1099195
1074213
1049230
1024248
999265
974283
949300
924318
899335
874353
849370
824388
799405
774423
749440
724458
699475
674493
649510
624528
599545
574563
549580
524598
499615
474633
449650
424668
399685
374703
349720
324738
299755
274773
249790
224808
199825
174843
149860
124878
99895
74913
49930
24948
-34
-25016
-34
24948
49930
74913
99895
124878
149860
174843
199825
224808
249790
274773
299755
324738
349720
374703
399685
424668
449650
474633
499615
524598
549580
574563
599545
624528
649510
674493
699475
724458
749440
774423
799405
824388
849370
874353
899335
924318
949300
974283
999265
1024248
1049230
1074213
1099195
1124178
1149160
1174143
1199125
1224108
-7739
-7031
-6113
-5165
-4252
-3378
-2560
-1817
-1153
-559
-50
372
732
1017
1227
1392
1502
1592
1651
1701
1741
1776
1801
1821
1841
1861
1871
1891
1896
1911
1921
1931
1931
1951
1956
1966
1971
1981
1991
1996
2001
2011
2016
2021
2026
2041
2046
2046
2056
2056
2036
2021
2001
1981
1971
1956
1941
1921
1916
1901
1886
1876
1861
1851
1836
1821
1806
1796
1776
1766
1751
1731
1716
1696
1681
1661
1626
1597
1577
1537
1497
1447
1382
1302
1192
1037
827
532
162
-300
-859
-1517
-2276
-3129
-4072
-5105
-6213
-7375
-8603
-9870