1199125
1174143
1149160
1124178
1099195
1074213
1049230
1024248
999265
974283
949300
924318
899335
874353
849370
824388
799405
774423
749440
724458
699475
674493
649510
624528
599545
574563
549580
524598
499615
474633
449650
424668
399685
374703
349720
324738
299755
274773
249790
224808
199825
174843
149860
124878
99895
74913
49930
24948
-34
-25016
-34
24948
49930
74913
99895
124878
149860
174843
199825
224808
249790
274773
299755
324738
349720
374703
399685
424668
449650
474633
499615
524598
549580
574563
599545
624528
649510
674493
699475
724458
749440
774423
799405
824388
849370
874353
899335
924318
949300
974283
999265
1024248
1049230
1074213
1099195
1124178
1149160
1174143
1199125
1224108
-3398
-3019
-2645
-2301
-1951
-1632
-1328
-1043
-774
-539
-325
-145
22
147
247
327
377
422
452
467
482
482
502
507
507
512
517
517
522
517
522
532
527
532
522
532
527
532
532
532
527
532
532
532
527
532
532
532
537
532
517
507
497
492
487
482
472
457
457
457
447
447
432
437
432
432
427
417
417
407
402
392
392
382
377
367
362
357
337
327
307
277
237
182
112
7
-115
-260
-439
-644
-869
-1103
-1368
-1652
-1956
-2266
-2600
-2954
-3328
-3718