1199125
1174143
1149160
1124178
1099195
1074213
1049230
1024248
999265
974283
949300
924318
899335
874353
849370
824388
799405
774423
749440
724458
699475
674493
649510
624528
599545
574563
549580
524598
499615
474633
449650
424668
399685
374703
349720
324738
299755
274773
249790
224808
199825
174843
149860
124878
99895
74913
49930
24948
-34
-25016
-34
24948
49930
74913
99895
124878
149860
174843
199825
224808
249790
274773
299755
324738
349720
374703
399685
424668
449650
474633
499615
524598
549580
574563
599545
624528
649510
674493
699475
724458
749440
774423
799405
824388
849370
874353
899335
924318
949300
974283
999265
1024248
1049230
1074213
1099195
1124178
1149160
1174143
1199125
1224108
-4641
-4062
-3523
-3019
-2530
-2061
-1607
-1183
-794
-424
-95
202
462
672
847
982
1097
1177
1232
1277
1302
1322
1342
1352
1362
1367
1372
1372
1372
1367
1372
1367
1367
1367
1367
1357
1357
1352
1347
1357
1342
1337
1337
1327
1337
1332
1327
1317
1317
1312
1257
1207
1177
1152
1127
1107
1087
1077
1057
1042
1027
1007
1002
987
967
962
942
927
922
897
887
877
857
837
822
812
792
767
752
727
697
642
587
517
407
267
97
-110
-360
-644
-963
-1308
-1692
-2091
-2520
-2969
-3433
-3922
-4426
-4950