1199125
1174143
1149160
1124178
1099195
1074213
1049230
1024248
999265
974283
949300
924318
899335
874353
849370
824388
799405
774423
749440
724458
699475
674493
649510
624528
599545
574563
549580
524598
499615
474633
449650
424668
399685
374703
349720
324738
299755
274773
249790
224808
199825
174843
149860
124878
99895
74913
49930
24948
-34
-25016
-34
24948
49930
74913
99895
124878
149860
174843
199825
224808
249790
274773
299755
324738
349720
374703
399685
424668
449650
474633
499615
524598
549580
574563
599545
624528
649510
674493
699475
724458
749440
774423
799405
824388
849370
874353
899335
924318
949300
974283
999265
1024248
1049230
1074213
1099195
1124178
1149160
1174143
1199125
1224108
-7575
-6846
-5923
-4965
-4042
-3159
-2355
-1597
-928
-350
152
577
937
1207
1422
1577
1696
1786
1851
1901
1946
1976
2006
2031
2051
2071
2091
2101
2116
2121
2141
2151
2161
2176
2191
2186
2196
2211
2216
2226
2236
2236
2251
2251
2261
2261
2276
2286
2291
2301
2276
2256
2236
2211
2196
2181
2166
2146
2136
2121
2111
2086
2076
2061
2046
2031
2016
2006
1986
1976
1946
1936
1911
1901
1871
1851
1816
1791
1761
1716
1681
1621
1557
1472
1357
1202
992
707
337
-120
-674
-1328
-2091
-2949
-3892
-4915
-6023
-7196
-8408
-9690