1199125
1174143
1149160
1124178
1099195
1074213
1049230
1024248
999265
974283
949300
924318
899335
874353
849370
824388
799405
774423
749440
724458
699475
674493
649510
624528
599545
574563
549580
524598
499615
474633
449650
424668
399685
374703
349720
324738
299755
274773
249790
224808
199825
174843
149860
124878
99895
74913
49930
24948
-34
-25016
-34
24948
49930
74913
99895
124878
149860
174843
199825
224808
249790
274773
299755
324738
349720
374703
399685
424668
449650
474633
499615
524598
549580
574563
599545
624528
649510
674493
699475
724458
749440
774423
799405
824388
849370
874353
899335
924318
949300
974283
999265
1024248
1049230
1074213
1099195
1124178
1149160
1174143
1199125
1224108
-6427
-5823
-5035
-4197
-3309
-2390
-1542
-644
152
892
1552
2131
2646
3051
3396
3681
3936
4135
4300
4445
4565
4650
4740
4810
4870
4925
4980
5020
5070
5100
5135
5160
5190
5215
5240
5270
5290
5315
5335
5355
5370
5385
5400
5425
5435
5455
5465
5490
5500
5510
5455
5405
5355
5320
5280
5240
5205
5165
5130
5090
5050
5005
4965
4925
4880
4835
4790
4750
4700
4645
4590
4520
4460
4390
4325
4240
4145
4045
3926
3796
3646
3476
3276
3046
2786
2471
2101
1676
1192
632
-2
-704
-1437
-2286
-3179
-4137
-5165
-6297
-7400
-8583