1199125
1174143
1149160
1124178
1099195
1074213
1049230
1024248
999265
974283
949300
924318
899335
874353
849370
824388
799405
774423
749440
724458
699475
674493
649510
624528
599545
574563
549580
524598
499615
474633
449650
424668
399685
374703
349720
324738
299755
274773
249790
224808
199825
174843
149860
124878
99895
74913
49930
24948
-34
-25016
-34
24948
49930
74913
99895
124878
149860
174843
199825
224808
249790
274773
299755
324738
349720
374703
399685
424668
449650
474633
499615
524598
549580
574563
599545
624528
649510
674493
699475
724458
749440
774423
799405
824388
849370
874353
899335
924318
949300
974283
999265
1024248
1049230
1074213
1099195
1124178
1149160
1174143
1199125
1224108
-6976
-6078
-5270
-4506
-3798
-3124
-2480
-1866
-1268
-714
-190
292
752
1157
1527
1851
2126
2366
2556
2721
2851
2961
3036
3086
3141
3161
3181
3196
3201
3211
3211
3206
3211
3206
3196
3196
3186
3171
3161
3156
3141
3131
3121
3106
3101
3086
3076
3066
3051
3046
2871
2766
2696
2626
2576
2526
2481
2441
2406
2366
2336
2306
2276
2236
2211
2176
2146
2111
2081
2046
2016
1991
1951
1911
1876
1826
1771
1711
1631
1537
1417
1267
1082
857
597
302
-30
-399
-799
-1233
-1687
-2181
-2685
-3209
-3758
-4316
-4900
-5494
-6108
-6732