1199125
1174143
1149160
1124178
1099195
1074213
1049230
1024248
999265
974283
949300
924318
899335
874353
849370
824388
799405
774423
749440
724458
699475
674493
649510
624528
599545
574563
549580
524598
499615
474633
449650
424668
399685
374703
349720
324738
299755
274773
249790
224808
199825
174843
149860
124878
99895
74913
49930
24948
-34
-25016
-34
24948
49930
74913
99895
124878
149860
174843
199825
224808
249790
274773
299755
324738
349720
374703
399685
424668
449650
474633
499615
524598
549580
574563
599545
624528
649510
674493
699475
724458
749440
774423
799405
824388
849370
874353
899335
924318
949300
974283
999265
1024248
1049230
1074213
1099195
1124178
1149160
1174143
1199125
1224108
-7894
-7171
-6262
-5329
-4416
-3558
-2765
-2031
-1368
-784
-265
162
532
812
1032
1187
1307
1392
1452
1502
1547
1572
1592
1611
1621
1641
1656
1671
1681
1686
1701
1711
1716
1721
1736
1741
1756
1751
1761
1771
1776
1781
1791
1796
1801
1806
1816
1816
1831
1826
1806
1791
1771
1766
1746
1731
1716
1706
1691
1676
1671
1656
1646
1636
1621
1606
1597
1582
1577
1557
1542
1527
1512
1497
1477
1462
1432
1412
1387
1352
1307
1267
1202
1117
1007
847
637
347
-25
-489
-1043
-1692
-2445
-3294
-4232
-5255
-6357
-7520
-8742
-10005