1199125
1174143
1149160
1124178
1099195
1074213
1049230
1024248
999265
974283
949300
924318
899335
874353
849370
824388
799405
774423
749440
724458
699475
674493
649510
624528
599545
574563
549580
524598
499615
474633
449650
424668
399685
374703
349720
324738
299755
274773
249790
224808
199825
174843
149860
124878
99895
74913
49930
24948
-34
-25016
-34
24948
49930
74913
99895
124878
149860
174843
199825
224808
249790
274773
299755
324738
349720
374703
399685
424668
449650
474633
499615
524598
549580
574563
599545
624528
649510
674493
699475
724458
749440
774423
799405
824388
849370
874353
899335
924318
949300
974283
999265
1024248
1049230
1074213
1099195
1124178
1149160
1174143
1199125
1224108
-7969
-6786
-5729
-4666
-3608
-2610
-1702
-893
-215
342
762
1082
1302
1457
1562
1626
1666
1696
1706
1716
1721
1726
1731
1731
1731
1726
1726
1726
1731
1726
1721
1711
1711
1716
1716
1711
1711
1706
1706
1706
1701
1701
1696
1696
1696
1691
1696
1701
1696
1691
1671
1661
1651
1651
1646
1631
1636
1631
1626
1616
1616
1606
2176
1507
1567
1582
1577
1572
1572
1557
1552
1542
1532
1527
1517
1507
1497
1487
1477
1457
1442
1422
1392
1357
1302
1222
1102
922
662
292
-190
-824
-1607
-2525
-3558
-4706
-5938
-7250
-8613
-10040