1199125
1174143
1149160
1124178
1099195
1074213
1049230
1024248
999265
974283
949300
924318
899335
874353
849370
824388
799405
774423
749440
724458
699475
674493
649510
624528
599545
574563
549580
524598
499615
474633
449650
424668
399685
374703
349720
324738
299755
274773
249790
224808
199825
174843
149860
124878
99895
74913
49930
24948
-34
-25016
-34
24948
49930
74913
99895
124878
149860
174843
199825
224808
249790
274773
299755
324738
349720
374703
399685
424668
449650
474633
499615
524598
549580
574563
599545
624528
649510
674493
699475
724458
749440
774423
799405
824388
849370
874353
899335
924318
949300
974283
999265
1024248
1049230
1074213
1099195
1124178
1149160
1174143
1199125
1224108
-8897
-7799
-6747
-5769
-4845
-3972
-3139
-2336
-1562
-829
-135
522
1137
1696
2206
2656
3036
3351
3621
3826
3995
4125
4225
4315
4370
4415
4460
4490
4500
4520
4530
4545
4555
4565
4570
4575
4570
4575
4565
4570
4565
4560
4560
4555
4550
4545
4540
4530
4520
4520
4400
4320
4260
4210
4160
4125
4080
4050
4005
3976
3941
3901
3871
3841
3801
3761
3731
3681
3641
3596
3536
3481
3421
3341
3246
3141
3011
2846
2661
2436
2171
1866
1537
1167
762
327
-135
-634
-1163
-1702
-2276
-2869
-3483
-4107
-4756
-5409
-6083
-6771
-7470
-8184