1199387
1174403
1149419
1124436
1099452
1074468
1049484
1024501
999517
974533
949549
924566
899582
874598
849614
824631
799647
774663
749679
724696
699712
674728
649744
624761
599777
574793
549809
524826
499842
474858
449874
424891
399907
374923
349939
324956
299972
274988
250004
225021
200037
175053
150069
125086
100102
75118
50134
25151
167
-24816
167
25151
50134
75118
100102
125086
150069
175053
200037
225021
250004
274988
299972
324956
349939
374923
399907
424891
449874
474858
499842
524826
549809
574793
599777
624761
649744
674728
699712
724696
749679
774663
799647
824631
849614
874598
899582
924566
949549
974533
999517
1024501
1049484
1074468
1099452
1124436
1149419
1174403
1199387
1224371
-7822
-7139
-6302
-5429
-4562
-3695
-2823
-1976
-1128
-316
463
1227
1936
2595
3184
3678
4077
4386
4616
4776
4891
4985
5045
5095
5135
5170
5195
5225
5250
5275
5295
5310
5325
5340
5350
5360
5370
5380
5390
5395
5410
5420
5420
5430
5435
5425
5440
5440
5445
5445
5440
5420
5410
5405
5385
5375
5365
5355
5340
5330
5325
5300
5280
5255
5225
5190
5160
5115
5065
5020
4960
4886
4811
4721
4626
4506
4376
4222
4032
3827
3578
3293
2944
2555
2115
1631
1087
518
-87
-730
-1398
-2090
-2793
-3516
-4233
-4971
-5708
-6446
-7184
-7926