1199387
1174403
1149419
1124436
1099452
1074468
1049484
1024501
999517
974533
949549
924566
899582
874598
849614
824631
799647
774663
749679
724696
699712
674728
649744
624761
599777
574793
549809
524826
499842
474858
449874
424891
399907
374923
349939
324956
299972
274988
250004
225021
200037
175053
150069
125086
100102
75118
50134
25151
167
-24816
167
25151
50134
75118
100102
125086
150069
175053
200037
225021
250004
274988
299972
324956
349939
374923
399907
424891
449874
474858
499842
524826
549809
574793
599777
624761
649744
674728
699712
724696
749679
774663
799647
824631
849614
874598
899582
924566
949549
974533
999517
1024501
1049484
1074468
1099452
1124436
1149419
1174403
1199387
1224371
-7807
-6785
-5863
-5026
-4263
-3575
-2938
-2349
-1791
-1273
-790
-356
49
393
703
962
1172
1347
1492
1606
1691
1766
1806
1846
1866
1886
1896
1901
1901
1901
1906
1901
1896
1891
1886
1881
1876
1876
1866
1856
1846
1841
1836
1826
1826
1811
1801
1796
1791
1781
1661
1586
1531
1487
1452
1427
1397
1372
1352
1327
1302
1282
1262
1237
1227
1212
1187
1167
1152
1132
1112
1097
1072
1052
1032
1012
987
957
918
883
813
733
618
473
284
59
-216
-535
-894
-1303
-1741
-2215
-2708
-3237
-3770
-4333
-4911
-5504
-6102
-6725