1199387
1174403
1149419
1124436
1099452
1074468
1049484
1024501
999517
974533
949549
924566
899582
874598
849614
824631
799647
774663
749679
724696
699712
674728
649744
624761
599777
574793
549809
524826
499842
474858
449874
424891
399907
374923
349939
324956
299972
274988
250004
225021
200037
175053
150069
125086
100102
75118
50134
25151
167
-24816
167
25151
50134
75118
100102
125086
150069
175053
200037
225021
250004
274988
299972
324956
349939
374923
399907
424891
449874
474858
499842
524826
549809
574793
599777
624761
649744
674728
699712
724696
749679
774663
799647
824631
849614
874598
899582
924566
949549
974533
999517
1024501
1049484
1074468
1099452
1124436
1149419
1174403
1199387
1224371
-4941
-3994
-3431
-2952
-2519
-2110
-1726
-1383
-1049
-740
-476
-246
-47
104
224
309
363
408
438
458
473
488
493
493
503
503
508
508
513
513
513
513
518
518
523
523
523
528
523
523
523
518
523
518
528
518
528
523
523
528
498
488
478
463
453
448
443
438
423
418
418
413
408
398
393
393
388
378
368
368
363
363
354
344
339
334
324
319
304
294
289
259
224
174
104
-2
-137
-316
-525
-765
-1044
-1343
-1672
-2021
-2384
-2778
-3187
-3610
-4054
-4517