1199387
1174403
1149419
1124436
1099452
1074468
1049484
1024501
999517
974533
949549
924566
899582
874598
849614
824631
799647
774663
749679
724696
699712
674728
649744
624761
599777
574793
549809
524826
499842
474858
449874
424891
399907
374923
349939
324956
299972
274988
250004
225021
200037
175053
150069
125086
100102
75118
50134
25151
167
-24816
167
25151
50134
75118
100102
125086
150069
175053
200037
225021
250004
274988
299972
324956
349939
374923
399907
424891
449874
474858
499842
524826
549809
574793
599777
624761
649744
674728
699712
724696
749679
774663
799647
824631
849614
874598
899582
924566
949549
974533
999517
1024501
1049484
1074468
1099452
1124436
1149419
1174403
1199387
1224371
-6057
-4752
-3984
-3401
-2878
-2394
-1946
-1522
-1128
-760
-441
-157
84
274
428
528
608
678
708
743
758
783
783
793
803
803
808
818
813
813
818
813
818
813
818
818
818
818
818
818
808
813
818
818
813
813
808
813
813
803
763
733
713
693
678
668
658
648
638
628
608
603
598
583
578
568
558
553
543
538
523
523
508
493
493
478
473
463
443
438
413
388
344
289
204
79
-77
-276
-515
-800
-1113
-1477
-1861
-2270
-2698
-3157
-3625
-4114
-4622
-5145