1199387
1174403
1149419
1124436
1099452
1074468
1049484
1024501
999517
974533
949549
924566
899582
874598
849614
824631
799647
774663
749679
724696
699712
674728
649744
624761
599777
574793
549809
524826
499842
474858
449874
424891
399907
374923
349939
324956
299972
274988
250004
225021
200037
175053
150069
125086
100102
75118
50134
25151
167
-24816
167
25151
50134
75118
100102
125086
150069
175053
200037
225021
250004
274988
299972
324956
349939
374923
399907
424891
449874
474858
499842
524826
549809
574793
599777
624761
649744
674728
699712
724696
749679
774663
799647
824631
849614
874598
899582
924566
949549
974533
999517
1024501
1049484
1074468
1099452
1124436
1149419
1174403
1199387
1224371
-3610
-3336
-2997
-2648
-2295
-1946
-1602
-1273
-949
-640
-356
-77
169
393
588
758
888
997
1077
1147
1192
1237
1272
1297
1312
1347
1357
1377
1387
1397
1412
1422
1437
1447
1457
1462
1472
1477
1482
1492
1501
1511
1516
1516
1526
1526
1531
1541
1546
1551
1526
1506
1496
1477
1457
1447
1432
1422
1407
1397
1387
1372
1357
1347
1332
1317
1302
1297
1282
1267
1247
1232
1212
1192
1167
1152
1117
1092
1057
1022
962
903
828
718
593
428
229
-2
-266
-550
-854
-1188
-1532
-1901
-2285
-2673
-3082
-3496
-3919
-4353