1199387
1174403
1149419
1124436
1099452
1074468
1049484
1024501
999517
974533
949549
924566
899582
874598
849614
824631
799647
774663
749679
724696
699712
674728
649744
624761
599777
574793
549809
524826
499842
474858
449874
424891
399907
374923
349939
324956
299972
274988
250004
225021
200037
175053
150069
125086
100102
75118
50134
25151
167
-24816
167
25151
50134
75118
100102
125086
150069
175053
200037
225021
250004
274988
299972
324956
349939
374923
399907
424891
449874
474858
499842
524826
549809
574793
599777
624761
649744
674728
699712
724696
749679
774663
799647
824631
849614
874598
899582
924566
949549
974533
999517
1024501
1049484
1074468
1099452
1124436
1149419
1174403
1199387
1224371
-3944
-3361
-2933
-2544
-2190
-1851
-1532
-1238
-969
-725
-501
-316
-157
-22
84
159
204
244
269
284
299
299
309
309
314
324
319
324
324
324
334
334
329
334
329
339
344
339
344
339
344
344
344
344
344
344
344
354
344
349
344
334
334
319
319
314
309
314
314
309
299
294
299
294
294
289
289
284
274
279
274
264
264
254
254
254
249
239
229
214
194
174
134
79
2
-92
-221
-371
-555
-765
-994
-1243
-1522
-1806
-2125
-2449
-2798
-3157
-3541
-3944