1199387
1174403
1149419
1124436
1099452
1074468
1049484
1024501
999517
974533
949549
924566
899582
874598
849614
824631
799647
774663
749679
724696
699712
674728
649744
624761
599777
574793
549809
524826
499842
474858
449874
424891
399907
374923
349939
324956
299972
274988
250004
225021
200037
175053
150069
125086
100102
75118
50134
25151
167
-24816
167
25151
50134
75118
100102
125086
150069
175053
200037
225021
250004
274988
299972
324956
349939
374923
399907
424891
449874
474858
499842
524826
549809
574793
599777
624761
649744
674728
699712
724696
749679
774663
799647
824631
849614
874598
899582
924566
949549
974533
999517
1024501
1049484
1074468
1099452
1124436
1149419
1174403
1199387
1224371
-2948
-2614
-2260
-1891
-1512
-1143
-780
-426
-72
274
608
918
1222
1506
1766
2026
2235
2440
2605
2754
2869
2964
3044
3119
3189
3238
3283
3328
3368
3408
3433
3463
3493
3513
3538
3553
3568
3593
3608
3618
3638
3648
3668
3673
3683
3693
3698
3708
3718
3723
3673
3628
3593
3563
3533
3493
3463
3433
3393
3368
3343
3308
3273
3243
3213
3198
3174
3144
3109
3074
3039
2999
2959
2919
2874
2814
2759
2694
2620
2530
2440
2315
2165
1991
1786
1546
1277
987
683
354
12
-341
-710
-1084
-1462
-1856
-2255
-2668
-3062
-3481