1199387
1174403
1149419
1124436
1099452
1074468
1049484
1024501
999517
974533
949549
924566
899582
874598
849614
824631
799647
774663
749679
724696
699712
674728
649744
624761
599777
574793
549809
524826
499842
474858
449874
424891
399907
374923
349939
324956
299972
274988
250004
225021
200037
175053
150069
125086
100102
75118
50134
25151
167
-24816
167
25151
50134
75118
100102
125086
150069
175053
200037
225021
250004
274988
299972
324956
349939
374923
399907
424891
449874
474858
499842
524826
549809
574793
599777
624761
649744
674728
699712
724696
749679
774663
799647
824631
849614
874598
899582
924566
949549
974533
999517
1024501
1049484
1074468
1099452
1124436
1149419
1174403
1199387
1224371
-6581
-5240
-4353
-3720
-3142
-2614
-2125
-1667
-1238
-844
-486
-172
104
329
503
638
743
828
878
918
942
967
982
992
1002
1007
1007
1017
1017
1017
1017
1012
1007
1012
1012
1012
1007
1007
1007
1002
1002
1002
992
992
992
987
982
987
982
987
923
893
868
848
823
808
798
783
768
753
748
733
723
713
703
698
683
673
658
653
643
633
618
608
598
588
578
563
538
528
503
463
418
344
249
109
-77
-286
-560
-869
-1218
-1597
-2016
-2454
-2918
-3401
-3914
-4423
-4966
-5519