1199387
1174403
1149419
1124436
1099452
1074468
1049484
1024501
999517
974533
949549
924566
899582
874598
849614
824631
799647
774663
749679
724696
699712
674728
649744
624761
599777
574793
549809
524826
499842
474858
449874
424891
399907
374923
349939
324956
299972
274988
250004
225021
200037
175053
150069
125086
100102
75118
50134
25151
167
-24816
167
25151
50134
75118
100102
125086
150069
175053
200037
225021
250004
274988
299972
324956
349939
374923
399907
424891
449874
474858
499842
524826
549809
574793
599777
624761
649744
674728
699712
724696
749679
774663
799647
824631
849614
874598
899582
924566
949549
974533
999517
1024501
1049484
1074468
1099452
1124436
1149419
1174403
1199387
1224371
-3690
-3406
-3062
-2708
-2344
-1996
-1637
-1298
-969
-655
-356
-77
174
403
613
763
903
1012
1097
1162
1212
1252
1287
1312
1342
1357
1382
1397
1402
1422
1432
1437
1447
1462
1472
1482
1492
1496
1501
1506
1516
1521
1536
1536
1546
1546
1556
1561
1561
1571
1546
1526
1506
1492
1482
1472
1452
1442
1422
1417
1402
1382
1372
1367
1352
1332
1327
1312
1292
1277
1267
1242
1222
1207
1192
1167
1137
1107
1077
1032
987
923
843
738
603
443
239
2
-261
-550
-874
-1203
-1567
-1941
-2335
-2738
-3157
-3585
-4024
-4468