1199387
1174403
1149419
1124436
1099452
1074468
1049484
1024501
999517
974533
949549
924566
899582
874598
849614
824631
799647
774663
749679
724696
699712
674728
649744
624761
599777
574793
549809
524826
499842
474858
449874
424891
399907
374923
349939
324956
299972
274988
250004
225021
200037
175053
150069
125086
100102
75118
50134
25151
167
-24816
167
25151
50134
75118
100102
125086
150069
175053
200037
225021
250004
274988
299972
324956
349939
374923
399907
424891
449874
474858
499842
524826
549809
574793
599777
624761
649744
674728
699712
724696
749679
774663
799647
824631
849614
874598
899582
924566
949549
974533
999517
1024501
1049484
1074468
1099452
1124436
1149419
1174403
1199387
1224371
-9421
-8828
-7996
-7084
-6162
-5270
-4388
-3531
-2698
-1896
-1123
-376
319
977
1586
2130
2615
3024
3368
3648
3872
4052
4187
4302
4386
4446
4501
4541
4561
4576
4596
4601
4611
4616
4621
4621
4626
4621
4621
4621
4621
4626
4621
4616
4616
4596
4596
4591
4581
4586
4456
4361
4297
4247
4192
4147
4117
4077
4047
4017
3982
3947
3917
3892
3852
3817
3777
3733
3703
3658
3603
3538
3478
3388
3288
3179
3024
2849
2634
2395
2105
1781
1412
1017
578
104
-396
-949
-1522
-2120
-2748
-3386
-4044
-4722
-5414
-6112
-6830
-7542
-8285
-9023