1199387
1174403
1149419
1124436
1099452
1074468
1049484
1024501
999517
974533
949549
924566
899582
874598
849614
824631
799647
774663
749679
724696
699712
674728
649744
624761
599777
574793
549809
524826
499842
474858
449874
424891
399907
374923
349939
324956
299972
274988
250004
225021
200037
175053
150069
125086
100102
75118
50134
25151
167
-24816
167
25151
50134
75118
100102
125086
150069
175053
200037
225021
250004
274988
299972
324956
349939
374923
399907
424891
449874
474858
499842
524826
549809
574793
599777
624761
649744
674728
699712
724696
749679
774663
799647
824631
849614
874598
899582
924566
949549
974533
999517
1024501
1049484
1074468
1099452
1124436
1149419
1174403
1199387
1224371
-5305
-4233
-3610
-3102
-2634
-2205
-1806
-1427
-1069
-755
-461
-216
-12
159
294
378
443
493
518
543
558
573
578
583
583
593
593
603
598
598
603
603
603
608
608
613
613
608
608
608
603
613
613
613
613
613
608
608
613
603
578
563
548
538
518
513
503
493
488
478
473
468
458
453
448
443
438
423
423
418
413
403
398
388
383
378
368
358
349
339
324
294
259
209
139
17
-122
-301
-520
-785
-1064
-1393
-1736
-2100
-2499
-2903
-3331
-3785
-4253
-4747