1199387
1174403
1149419
1124436
1099452
1074468
1049484
1024501
999517
974533
949549
924566
899582
874598
849614
824631
799647
774663
749679
724696
699712
674728
649744
624761
599777
574793
549809
524826
499842
474858
449874
424891
399907
374923
349939
324956
299972
274988
250004
225021
200037
175053
150069
125086
100102
75118
50134
25151
167
-24816
167
25151
50134
75118
100102
125086
150069
175053
200037
225021
250004
274988
299972
324956
349939
374923
399907
424891
449874
474858
499842
524826
549809
574793
599777
624761
649744
674728
699712
724696
749679
774663
799647
824631
849614
874598
899582
924566
949549
974533
999517
1024501
1049484
1074468
1099452
1124436
1149419
1174403
1199387
1224371
-3615
-3296
-2923
-2539
-2155
-1771
-1398
-1039
-680
-351
-27
279
558
818
1057
1252
1427
1566
1676
1771
1841
1901
1951
1981
2021
2056
2075
2105
2120
2145
2155
2170
2180
2190
2210
2215
2230
2240
2245
2255
2265
2270
2285
2290
2290
2305
2305
2310
2320
2325
2290
2260
2235
2215
2190
2175
2155
2135
2120
2095
2080
2075
2046
2026
2011
1991
1971
1956
1931
1906
1886
1866
1836
1811
1776
1746
1711
1671
1621
1576
1501
1417
1317
1187
1027
828
598
329
39
-281
-615
-974
-1353
-1741
-2150
-2564
-2987
-3421
-3865
-4318