1199387
1174403
1149419
1124436
1099452
1074468
1049484
1024501
999517
974533
949549
924566
899582
874598
849614
824631
799647
774663
749679
724696
699712
674728
649744
624761
599777
574793
549809
524826
499842
474858
449874
424891
399907
374923
349939
324956
299972
274988
250004
225021
200037
175053
150069
125086
100102
75118
50134
25151
167
-24816
167
25151
50134
75118
100102
125086
150069
175053
200037
225021
250004
274988
299972
324956
349939
374923
399907
424891
449874
474858
499842
524826
549809
574793
599777
624761
649744
674728
699712
724696
749679
774663
799647
824631
849614
874598
899582
924566
949549
974533
999517
1024501
1049484
1074468
1099452
1124436
1149419
1174403
1199387
1224371
-9357
-8734
-7871
-6944
-6027
-5125
-4238
-3386
-2559
-1751
-974
-236
468
1132
1736
2285
2764
3169
3498
3777
3992
4162
4297
4406
4481
4546
4596
4626
4656
4671
4686
4701
4706
4706
4711
4726
4721
4726
4726
4721
4721
4721
4721
4711
4711
4706
4701
4701
4686
4681
4556
4476
4411
4356
4307
4267
4232
4202
4162
4127
4092
4067
4037
4002
3967
3932
3892
3847
3807
3762
3703
3638
3568
3478
3373
3253
3109
2924
2709
2460
2170
1841
1482
1072
628
154
-356
-899
-1482
-2080
-2703
-3351
-4014
-4702
-5394
-6087
-6805
-7528
-8260
-8998