1199387
1174403
1149419
1124436
1099452
1074468
1049484
1024501
999517
974533
949549
924566
899582
874598
849614
824631
799647
774663
749679
724696
699712
674728
649744
624761
599777
574793
549809
524826
499842
474858
449874
424891
399907
374923
349939
324956
299972
274988
250004
225021
200037
175053
150069
125086
100102
75118
50134
25151
167
-24816
167
25151
50134
75118
100102
125086
150069
175053
200037
225021
250004
274988
299972
324956
349939
374923
399907
424891
449874
474858
499842
524826
549809
574793
599777
624761
649744
674728
699712
724696
749679
774663
799647
824631
849614
874598
899582
924566
949549
974533
999517
1024501
1049484
1074468
1099452
1124436
1149419
1174403
1199387
1224371
-3311
-2987
-2619
-2245
-1866
-1497
-1128
-770
-421
-82
244
548
843
1112
1367
1591
1786
1946
2085
2195
2280
2355
2420
2465
2510
2550
2580
2605
2629
2654
2674
2689
2709
2729
2744
2759
2769
2774
2784
2794
2809
2814
2824
2829
2839
2849
2854
2859
2864
2869
2824
2794
2764
2739
2719
2689
2674
2644
2625
2595
2575
2555
2530
2510
2485
2460
2445
2415
2390
2365
2330
2310
2275
2245
2205
2165
2130
2070
2011
1951
1871
1776
1661
1506
1322
1117
868
593
289
-27
-366
-725
-1089
-1472
-1861
-2255
-2673
-3092
-3511
-3939