1199387
1174403
1149419
1124436
1099452
1074468
1049484
1024501
999517
974533
949549
924566
899582
874598
849614
824631
799647
774663
749679
724696
699712
674728
649744
624761
599777
574793
549809
524826
499842
474858
449874
424891
399907
374923
349939
324956
299972
274988
250004
225021
200037
175053
150069
125086
100102
75118
50134
25151
167
-24816
167
25151
50134
75118
100102
125086
150069
175053
200037
225021
250004
274988
299972
324956
349939
374923
399907
424891
449874
474858
499842
524826
549809
574793
599777
624761
649744
674728
699712
724696
749679
774663
799647
824631
849614
874598
899582
924566
949549
974533
999517
1024501
1049484
1074468
1099452
1124436
1149419
1174403
1199387
1224371
-6272
-4936
-4129
-3521
-2977
-2474
-2011
-1567
-1158
-785
-451
-152
104
299
458
578
673
728
778
808
823
853
863
863
873
878
878
888
888
888
888
893
888
893
898
893
888
893
888
888
893
883
883
878
878
883
878
883
878
878
828
793
763
748
743
723
713
693
683
673
663
653
643
633
623
608
608
603
583
578
573
558
553
543
528
518
508
498
488
463
448
418
378
309
219
94
-67
-276
-525
-824
-1153
-1517
-1921
-2344
-2783
-3252
-3740
-4243
-4767
-5305