1199387
1174403
1149419
1124436
1099452
1074468
1049484
1024501
999517
974533
949549
924566
899582
874598
849614
824631
799647
774663
749679
724696
699712
674728
649744
624761
599777
574793
549809
524826
499842
474858
449874
424891
399907
374923
349939
324956
299972
274988
250004
225021
200037
175053
150069
125086
100102
75118
50134
25151
167
-24816
167
25151
50134
75118
100102
125086
150069
175053
200037
225021
250004
274988
299972
324956
349939
374923
399907
424891
449874
474858
499842
524826
549809
574793
599777
624761
649744
674728
699712
724696
749679
774663
799647
824631
849614
874598
899582
924566
949549
974533
999517
1024501
1049484
1074468
1099452
1124436
1149419
1174403
1199387
1224371
-4338
-3640
-3162
-2738
-2344
-1981
-1637
-1318
-1019
-745
-501
-291
-117
27
124
209
269
304
329
344
363
368
378
378
383
383
388
393
393
398
398
398
403
408
398
398
403
413
408
408
408
403
403
403
408
403
408
413
413
403
393
378
378
378
368
358
354
354
354
349
344
339
334
329
329
329
319
314
314
309
309
304
299
289
289
279
279
269
264
249
234
204
174
124
44
-57
-187
-351
-550
-770
-1024
-1303
-1597
-1921
-2260
-2619
-2992
-3386
-3800
-4233