1199387
1174403
1149419
1124436
1099452
1074468
1049484
1024501
999517
974533
949549
924566
899582
874598
849614
824631
799647
774663
749679
724696
699712
674728
649744
624761
599777
574793
549809
524826
499842
474858
449874
424891
399907
374923
349939
324956
299972
274988
250004
225021
200037
175053
150069
125086
100102
75118
50134
25151
167
-24816
167
25151
50134
75118
100102
125086
150069
175053
200037
225021
250004
274988
299972
324956
349939
374923
399907
424891
449874
474858
499842
524826
549809
574793
599777
624761
649744
674728
699712
724696
749679
774663
799647
824631
849614
874598
899582
924566
949549
974533
999517
1024501
1049484
1074468
1099452
1124436
1149419
1174403
1199387
1224371
-5918
-4647
-3914
-3346
-2828
-2359
-1921
-1502
-1113
-760
-446
-162
59
249
388
488
573
623
663
693
713
728
733
743
748
753
748
753
763
763
773
763
773
768
768
773
768
773
768
768
768
773
763
768
768
768
758
763
763
763
718
698
678
658
643
633
623
613
598
588
578
578
563
558
548
538
533
523
513
513
503
488
483
468
468
458
448
443
433
403
393
363
329
274
189
74
-77
-276
-520
-790
-1113
-1457
-1831
-2240
-2663
-3107
-3575
-4054
-4557
-5086