1199387
1174403
1149419
1124436
1099452
1074468
1049484
1024501
999517
974533
949549
924566
899582
874598
849614
824631
799647
774663
749679
724696
699712
674728
649744
624761
599777
574793
549809
524826
499842
474858
449874
424891
399907
374923
349939
324956
299972
274988
250004
225021
200037
175053
150069
125086
100102
75118
50134
25151
167
-24816
167
25151
50134
75118
100102
125086
150069
175053
200037
225021
250004
274988
299972
324956
349939
374923
399907
424891
449874
474858
499842
524826
549809
574793
599777
624761
649744
674728
699712
724696
749679
774663
799647
824631
849614
874598
899582
924566
949549
974533
999517
1024501
1049484
1074468
1099452
1124436
1149419
1174403
1199387
1224371
-2763
-2429
-2065
-1702
-1338
-969
-605
-236
104
433
758
1072
1367
1651
1916
2170
2385
2580
2759
2919
3044
3159
3258
3343
3428
3483
3543
3598
3643
3688
3728
3758
3792
3827
3852
3882
3907
3937
3957
3982
3997
4012
4017
4037
4052
4057
4077
4097
4107
4112
4057
4002
3957
3917
3877
3837
3797
3758
3718
3683
3648
3603
3568
3528
3488
3453
3408
3358
3323
3268
3218
3164
3109
3049
2989
2919
2854
2759
2684
2580
2470
2340
2170
1996
1786
1546
1297
1012
713
413
99
-231
-575
-929
-1288
-1662
-2031
-2399
-2788
-3177