1199387
1174403
1149419
1124436
1099452
1074468
1049484
1024501
999517
974533
949549
924566
899582
874598
849614
824631
799647
774663
749679
724696
699712
674728
649744
624761
599777
574793
549809
524826
499842
474858
449874
424891
399907
374923
349939
324956
299972
274988
250004
225021
200037
175053
150069
125086
100102
75118
50134
25151
167
-24816
167
25151
50134
75118
100102
125086
150069
175053
200037
225021
250004
274988
299972
324956
349939
374923
399907
424891
449874
474858
499842
524826
549809
574793
599777
624761
649744
674728
699712
724696
749679
774663
799647
824631
849614
874598
899582
924566
949549
974533
999517
1024501
1049484
1074468
1099452
1124436
1149419
1174403
1199387
1224371
-5105
-4094
-3506
-3017
-2564
-2145
-1756
-1393
-1049
-740
-471
-226
-22
134
249
344
398
448
473
498
508
523
523
533
538
538
543
548
548
558
558
563
558
553
553
568
563
568
558
563
558
563
563
563
568
563
573
563
558
563
543
518
503
493
483
473
468
463
453
448
438
433
428
428
413
413
408
403
398
393
383
378
373
368
358
349
344
334
324
314
299
274
234
189
109
12
-127
-301
-520
-770
-1049
-1358
-1697
-2050
-2434
-2823
-3242
-3680
-4134
-4607