1199387
1174403
1149419
1124436
1099452
1074468
1049484
1024501
999517
974533
949549
924566
899582
874598
849614
824631
799647
774663
749679
724696
699712
674728
649744
624761
599777
574793
549809
524826
499842
474858
449874
424891
399907
374923
349939
324956
299972
274988
250004
225021
200037
175053
150069
125086
100102
75118
50134
25151
167
-24816
167
25151
50134
75118
100102
125086
150069
175053
200037
225021
250004
274988
299972
324956
349939
374923
399907
424891
449874
474858
499842
524826
549809
574793
599777
624761
649744
674728
699712
724696
749679
774663
799647
824631
849614
874598
899582
924566
949549
974533
999517
1024501
1049484
1074468
1099452
1124436
1149419
1174403
1199387
1224371
-2698
-2335
-1971
-1607
-1208
-839
-471
-102
219
573
898
1227
1546
1826
2105
2360
2625
2844
3054
3243
3433
3578
3738
3862
3972
4067
4147
4217
4282
4331
4401
4451
4496
4536
4576
4606
4641
4666
4691
4731
4741
4766
4791
4811
4831
4846
4876
4896
4910
4915
4846
4781
4726
4676
4626
4576
4521
4476
4421
4381
4312
4242
4192
4132
4077
4032
3972
3912
3847
3792
3723
3638
3558
3488
3388
3298
3184
3064
2804
2694
2510
2375
2230
2090
1816
1526
1292
1022
783
483
139
-192
-530
-874
-1208
-1572
-1921
-2285
-2663
-3032