1199387
1174403
1149419
1124436
1099452
1074468
1049484
1024501
999517
974533
949549
924566
899582
874598
849614
824631
799647
774663
749679
724696
699712
674728
649744
624761
599777
574793
549809
524826
499842
474858
449874
424891
399907
374923
349939
324956
299972
274988
250004
225021
200037
175053
150069
125086
100102
75118
50134
25151
167
-24816
167
25151
50134
75118
100102
125086
150069
175053
200037
225021
250004
274988
299972
324956
349939
374923
399907
424891
449874
474858
499842
524826
549809
574793
599777
624761
649744
674728
699712
724696
749679
774663
799647
824631
849614
874598
899582
924566
949549
974533
999517
1024501
1049484
1074468
1099452
1124436
1149419
1174403
1199387
1224371
-8499
-7627
-6755
-5888
-5061
-4283
-3565
-2883
-2240
-1632
-1049
-515
-22
428
828
1177
1482
1736
1951
2130
2270
2380
2460
2520
2565
2590
2615
2625
2629
2639
2634
2634
2634
2629
2625
2625
2620
2610
2600
2595
2590
2575
2570
2560
2555
2545
2530
2530
2510
2505
2340
2245
2170
2115
2065
2021
1976
1946
1906
1881
1851
1821
1796
1771
1736
1711
1691
1661
1636
1606
1586
1561
1526
1506
1472
1432
1387
1342
1267
1182
1072
927
743
523
259
-47
-396
-790
-1218
-1687
-2180
-2703
-3256
-3825
-4418
-5026
-5639
-6277
-6924
-7592