1199387
1174403
1149419
1124436
1099452
1074468
1049484
1024501
999517
974533
949549
924566
899582
874598
849614
824631
799647
774663
749679
724696
699712
674728
649744
624761
599777
574793
549809
524826
499842
474858
449874
424891
399907
374923
349939
324956
299972
274988
250004
225021
200037
175053
150069
125086
100102
75118
50134
25151
167
-24816
167
25151
50134
75118
100102
125086
150069
175053
200037
225021
250004
274988
299972
324956
349939
374923
399907
424891
449874
474858
499842
524826
549809
574793
599777
624761
649744
674728
699712
724696
749679
774663
799647
824631
849614
874598
899582
924566
949549
974533
999517
1024501
1049484
1074468
1099452
1124436
1149419
1174403
1199387
1224371
-3291
-2962
-2589
-2195
-1816
-1432
-1049
-685
-321
22
358
673
977
1262
1516
1756
1956
2125
2270
2390
2485
2555
2620
2679
2724
2769
2799
2839
2859
2884
2904
2924
2944
2969
2979
2989
3009
3019
3029
3034
3049
3059
3069
3074
3084
3094
3099
3109
3114
3119
3074
3034
3009
2984
2949
2929
2899
2874
2849
2824
2799
2769
2754
2729
2704
2679
2654
2625
2600
2565
2540
2510
2470
2435
2400
2355
2305
2260
2195
2120
2036
1941
1816
1656
1477
1247
987
713
398
79
-276
-635
-1009
-1413
-1801
-2215
-2634
-3057
-3491
-3929