1199387
1174403
1149419
1124436
1099452
1074468
1049484
1024501
999517
974533
949549
924566
899582
874598
849614
824631
799647
774663
749679
724696
699712
674728
649744
624761
599777
574793
549809
524826
499842
474858
449874
424891
399907
374923
349939
324956
299972
274988
250004
225021
200037
175053
150069
125086
100102
75118
50134
25151
167
-24816
167
25151
50134
75118
100102
125086
150069
175053
200037
225021
250004
274988
299972
324956
349939
374923
399907
424891
449874
474858
499842
524826
549809
574793
599777
624761
649744
674728
699712
724696
749679
774663
799647
824631
849614
874598
899582
924566
949549
974533
999517
1024501
1049484
1074468
1099452
1124436
1149419
1174403
1199387
1224371
-9386
-8719
-7871
-6964
-6052
-5170
-4313
-3486
-2678
-1896
-1143
-426
249
878
1462
1971
2425
2819
3134
3403
3618
3792
3922
4032
4107
4172
4212
4242
4272
4287
4297
4297
4302
4312
4312
4307
4307
4312
4307
4302
4302
4297
4292
4287
4282
4277
4267
4262
4257
4247
4107
3997
3927
3872
3812
3772
3723
3693
3653
3618
3583
3548
3518
3483
3448
3413
3378
3348
3298
3263
3218
3159
3104
3029
2944
2844
2719
2560
2375
2150
1886
1586
1252
873
453
7
-481
-1004
-1562
-2135
-2743
-3376
-4019
-4682
-5360
-6042
-6745
-7468
-8185
-8923