1199387
1174403
1149419
1124436
1099452
1074468
1049484
1024501
999517
974533
949549
924566
899582
874598
849614
824631
799647
774663
749679
724696
699712
674728
649744
624761
599777
574793
549809
524826
499842
474858
449874
424891
399907
374923
349939
324956
299972
274988
250004
225021
200037
175053
150069
125086
100102
75118
50134
25151
167
-24816
167
25151
50134
75118
100102
125086
150069
175053
200037
225021
250004
274988
299972
324956
349939
374923
399907
424891
449874
474858
499842
524826
549809
574793
599777
624761
649744
674728
699712
724696
749679
774663
799647
824631
849614
874598
899582
924566
949549
974533
999517
1024501
1049484
1074468
1099452
1124436
1149419
1174403
1199387
1224371
-5983
-4682
-3939
-3371
-2858
-2379
-1931
-1512
-1123
-770
-446
-172
69
249
393
508
588
643
688
713
723
748
753
758
768
773
773
778
778
783
788
783
788
793
783
788
788
788
788
788
778
783
783
783
783
788
783
778
783
778
733
713
693
673
658
643
638
628
618
603
598
583
578
568
558
553
543
538
528
523
513
503
498
488
483
463
463
448
438
423
403
373
339
279
194
79
-77
-271
-515
-795
-1113
-1462
-1846
-2255
-2678
-3127
-3595
-4084
-4582
-5105