1199387
1174403
1149419
1124436
1099452
1074468
1049484
1024501
999517
974533
949549
924566
899582
874598
849614
824631
799647
774663
749679
724696
699712
674728
649744
624761
599777
574793
549809
524826
499842
474858
449874
424891
399907
374923
349939
324956
299972
274988
250004
225021
200037
175053
150069
125086
100102
75118
50134
25151
167
-24816
167
25151
50134
75118
100102
125086
150069
175053
200037
225021
250004
274988
299972
324956
349939
374923
399907
424891
449874
474858
499842
524826
549809
574793
599777
624761
649744
674728
699712
724696
749679
774663
799647
824631
849614
874598
899582
924566
949549
974533
999517
1024501
1049484
1074468
1099452
1124436
1149419
1174403
1199387
1224371
-9067
-8479
-7627
-6710
-5783
-4871
-3984
-3112
-2270
-1452
-645
114
833
1511
2150
2714
3208
3613
3952
4212
4416
4566
4691
4781
4851
4905
4955
4990
5020
5050
5070
5085
5100
5110
5120
5125
5135
5145
5150
5145
5155
5150
5160
5160
5155
5155
5155
5145
5140
5140
5070
5020
4980
4945
4915
4881
4861
4821
4801
4766
4741
4711
4681
4656
4621
4576
4536
4496
4436
4381
4317
4242
4152
4057
3937
3797
3628
3438
3208
2944
2639
2300
1916
1492
1022
518
-17
-590
-1193
-1821
-2474
-3152
-3850
-4547
-5265
-5993
-6725
-7458
-8200
-8958