1199387
1174403
1149419
1124436
1099452
1074468
1049484
1024501
999517
974533
949549
924566
899582
874598
849614
824631
799647
774663
749679
724696
699712
674728
649744
624761
599777
574793
549809
524826
499842
474858
449874
424891
399907
374923
349939
324956
299972
274988
250004
225021
200037
175053
150069
125086
100102
75118
50134
25151
167
-24816
167
25151
50134
75118
100102
125086
150069
175053
200037
225021
250004
274988
299972
324956
349939
374923
399907
424891
449874
474858
499842
524826
549809
574793
599777
624761
649744
674728
699712
724696
749679
774663
799647
824631
849614
874598
899582
924566
949549
974533
999517
1024501
1049484
1074468
1099452
1124436
1149419
1174403
1199387
1224371
-3575
-3256
-2898
-2534
-2155
-1786
-1427
-1079
-735
-411
-97
204
483
728
967
1167
1337
1472
1581
1671
1741
1806
1851
1886
1921
1956
1971
1996
2011
2036
2056
2070
2080
2090
2100
2115
2120
2130
2145
2150
2155
2170
2170
2180
2185
2195
2200
2205
2210
2220
2185
2165
2135
2110
2090
2070
2056
2031
2016
2001
1981
1966
1951
1936
1911
1896
1876
1856
1836
1816
1791
1766
1746
1721
1691
1661
1616
1586
1536
1482
1417
1332
1237
1102
947
758
518
254
-22
-326
-650
-1009
-1373
-1746
-2140
-2539
-2957
-3371
-3805
-4243