1199387
1174403
1149419
1124436
1099452
1074468
1049484
1024501
999517
974533
949549
924566
899582
874598
849614
824631
799647
774663
749679
724696
699712
674728
649744
624761
599777
574793
549809
524826
499842
474858
449874
424891
399907
374923
349939
324956
299972
274988
250004
225021
200037
175053
150069
125086
100102
75118
50134
25151
167
-24816
167
25151
50134
75118
100102
125086
150069
175053
200037
225021
250004
274988
299972
324956
349939
374923
399907
424891
449874
474858
499842
524826
549809
574793
599777
624761
649744
674728
699712
724696
749679
774663
799647
824631
849614
874598
899582
924566
949549
974533
999517
1024501
1049484
1074468
1099452
1124436
1149419
1174403
1199387
1224371
-7119
-6516
-5783
-5011
-4218
-3426
-2634
-1841
-1059
-291
443
1152
1836
2475
3059
3573
4012
4371
4646
4846
4980
5080
5155
5205
5245
5275
5295
5320
5350
5365
5370
5395
5400
5405
5415
5425
5430
5440
5455
5460
5464
5474
5474
5474
5484
5489
5494
5504
5509
5509
5499
5489
5469
5460
5445
5435
5430
5420
5415
5395
5375
5365
5345
5325
5305
5275
5245
5200
5160
5100
5045
4965
4876
4776
4661
4516
4351
4162
3942
3683
3393
3064
2684
2275
1826
1337
828
284
-281
-864
-1472
-2090
-2723
-3376
-4029
-4692
-5360
-6037
-6715
-7393