1199387
1174403
1149419
1124436
1099452
1074468
1049484
1024501
999517
974533
949549
924566
899582
874598
849614
824631
799647
774663
749679
724696
699712
674728
649744
624761
599777
574793
549809
524826
499842
474858
449874
424891
399907
374923
349939
324956
299972
274988
250004
225021
200037
175053
150069
125086
100102
75118
50134
25151
167
-24816
167
25151
50134
75118
100102
125086
150069
175053
200037
225021
250004
274988
299972
324956
349939
374923
399907
424891
449874
474858
499842
524826
549809
574793
599777
624761
649744
674728
699712
724696
749679
774663
799647
824631
849614
874598
899582
924566
949549
974533
999517
1024501
1049484
1074468
1099452
1124436
1149419
1174403
1199387
1224371
-9367
-8684
-7841
-6944
-6042
-5165
-4328
-3506
-2713
-1951
-1218
-515
139
753
1317
1816
2265
2644
2959
3218
3433
3603
3733
3837
3917
3977
4022
4057
4072
4082
4087
4097
4102
4102
4102
4107
4102
4097
4102
4097
4092
4082
4077
4072
4072
4067
4052
4047
4042
4032
3877
3777
3698
3633
3583
3533
3498
3453
3418
3383
3343
3308
3273
3243
3213
3179
3144
3114
3074
3034
2989
2944
2884
2819
2744
2649
2535
2395
2215
2016
1761
1477
1152
788
388
-47
-515
-1034
-1587
-2145
-2748
-3361
-4004
-4652
-5320
-6003
-6690
-7403
-8121
-8848