1199387
1174403
1149419
1124436
1099452
1074468
1049484
1024501
999517
974533
949549
924566
899582
874598
849614
824631
799647
774663
749679
724696
699712
674728
649744
624761
599777
574793
549809
524826
499842
474858
449874
424891
399907
374923
349939
324956
299972
274988
250004
225021
200037
175053
150069
125086
100102
75118
50134
25151
167
-24816
167
25151
50134
75118
100102
125086
150069
175053
200037
225021
250004
274988
299972
324956
349939
374923
399907
424891
449874
474858
499842
524826
549809
574793
599777
624761
649744
674728
699712
724696
749679
774663
799647
824631
849614
874598
899582
924566
949549
974533
999517
1024501
1049484
1074468
1099452
1124436
1149419
1174403
1199387
1224371
-4477
-3725
-3232
-2793
-2394
-2016
-1652
-1328
-1019
-750
-491
-276
-97
44
164
239
289
329
354
368
393
393
403
408
408
418
418
418
428
428
423
428
428
428
428
428
438
433
433
428
433
433
433
428
433
438
438
433
443
438
418
413
398
398
388
388
378
368
363
363
358
358
354
354
344
339
334
329
324
324
324
314
304
304
299
299
289
279
274
259
244
224
189
139
59
-42
-177
-341
-540
-775
-1019
-1313
-1622
-1941
-2290
-2658
-3042
-3446
-3869
-4308