1199387
1174403
1149419
1124436
1099452
1074468
1049484
1024501
999517
974533
949549
924566
899582
874598
849614
824631
799647
774663
749679
724696
699712
674728
649744
624761
599777
574793
549809
524826
499842
474858
449874
424891
399907
374923
349939
324956
299972
274988
250004
225021
200037
175053
150069
125086
100102
75118
50134
25151
167
-24816
167
25151
50134
75118
100102
125086
150069
175053
200037
225021
250004
274988
299972
324956
349939
374923
399907
424891
449874
474858
499842
524826
549809
574793
599777
624761
649744
674728
699712
724696
749679
774663
799647
824631
849614
874598
899582
924566
949549
974533
999517
1024501
1049484
1074468
1099452
1124436
1149419
1174403
1199387
1224371
-5838
-4582
-3874
-3311
-2808
-2339
-1896
-1482
-1109
-765
-441
-177
59
244
373
483
558
613
653
673
693
713
718
723
733
738
738
743
743
748
748
753
743
753
753
753
748
753
753
753
753
748
753
748
748
748
748
748
753
748
703
683
663
643
633
623
608
598
588
578
563
558
548
548
538
523
523
518
508
498
483
483
468
468
458
443
443
423
418
403
383
358
319
264
174
64
-87
-286
-520
-800
-1109
-1442
-1821
-2220
-2643
-3082
-3541
-4019
-4517
-5026