1199387
1174403
1149419
1124436
1099452
1074468
1049484
1024501
999517
974533
949549
924566
899582
874598
849614
824631
799647
774663
749679
724696
699712
674728
649744
624761
599777
574793
549809
524826
499842
474858
449874
424891
399907
374923
349939
324956
299972
274988
250004
225021
200037
175053
150069
125086
100102
75118
50134
25151
167
-24816
167
25151
50134
75118
100102
125086
150069
175053
200037
225021
250004
274988
299972
324956
349939
374923
399907
424891
449874
474858
499842
524826
549809
574793
599777
624761
649744
674728
699712
724696
749679
774663
799647
824631
849614
874598
899582
924566
949549
974533
999517
1024501
1049484
1074468
1099452
1124436
1149419
1174403
1199387
1224371
-7533
-6416
-5469
-4667
-3954
-3301
-2703
-2155
-1627
-1138
-690
-276
89
403
673
898
1082
1227
1347
1432
1501
1546
1591
1606
1626
1636
1641
1646
1641
1641
1636
1636
1636
1631
1626
1616
1611
1611
1601
1601
1591
1586
1581
1571
1571
1556
1556
1546
1541
1536
1432
1372
1327
1292
1267
1237
1212
1192
1177
1157
1137
1122
1102
1087
1072
1047
1042
1017
1007
987
972
962
942
923
908
883
863
848
818
778
733
663
573
448
289
84
-162
-456
-800
-1178
-1597
-2045
-2524
-3027
-3551
-4094
-4662
-5240
-5823
-6431