1199387
1174403
1149419
1124436
1099452
1074468
1049484
1024501
999517
974533
949549
924566
899582
874598
849614
824631
799647
774663
749679
724696
699712
674728
649744
624761
599777
574793
549809
524826
499842
474858
449874
424891
399907
374923
349939
324956
299972
274988
250004
225021
200037
175053
150069
125086
100102
75118
50134
25151
167
-24816
167
25151
50134
75118
100102
125086
150069
175053
200037
225021
250004
274988
299972
324956
349939
374923
399907
424891
449874
474858
499842
524826
549809
574793
599777
624761
649744
674728
699712
724696
749679
774663
799647
824631
849614
874598
899582
924566
949549
974533
999517
1024501
1049484
1074468
1099452
1124436
1149419
1174403
1199387
1224371
-3575
-3326
-3012
-2668
-2320
-1981
-1642
-1323
-1009
-710
-431
-172
69
264
448
598
718
808
883
942
987
1022
1047
1072
1087
1112
1127
1142
1147
1167
1177
1187
1202
1202
1217
1222
1232
1237
1247
1252
1252
1267
1272
1272
1287
1287
1297
1297
1302
1312
1287
1267
1252
1242
1222
1212
1207
1187
1182
1172
1157
1147
1132
1127
1107
1107
1092
1077
1057
1042
1027
1022
1002
987
962
942
918
898
868
833
788
733
658
573
458
309
129
-87
-336
-605
-894
-1218
-1557
-1916
-2285
-2673
-3077
-3491
-3914
-4343