1199387
1174403
1149419
1124436
1099452
1074468
1049484
1024501
999517
974533
949549
924566
899582
874598
849614
824631
799647
774663
749679
724696
699712
674728
649744
624761
599777
574793
549809
524826
499842
474858
449874
424891
399907
374923
349939
324956
299972
274988
250004
225021
200037
175053
150069
125086
100102
75118
50134
25151
167
-24816
167
25151
50134
75118
100102
125086
150069
175053
200037
225021
250004
274988
299972
324956
349939
374923
399907
424891
449874
474858
499842
524826
549809
574793
599777
624761
649744
674728
699712
724696
749679
774663
799647
824631
849614
874598
899582
924566
949549
974533
999517
1024501
1049484
1074468
1099452
1124436
1149419
1174403
1199387
1224371
-2977
-2554
-2170
-1811
-1373
-984
-610
-236
114
463
803
1127
1432
1731
1976
2225
2430
2639
2799
2954
3079
3213
3313
3403
3468
3538
3598
3663
3708
3758
3802
3842
3872
3902
3932
3967
3982
4002
4042
4062
4077
4097
4122
4137
4152
4167
4177
4187
4202
4212
4152
4097
4052
4012
3962
3922
3882
3837
3797
3767
3728
3693
3638
3598
3558
3513
3468
3423
3368
3323
3263
3213
3159
3094
3029
2949
2879
2794
2714
2620
2495
2355
2220
2036
1836
1596
1377
1087
788
443
99
-261
-615
-989
-1393
-1796
-2200
-2614
-3042
-3471