1199387
1174403
1149419
1124436
1099452
1074468
1049484
1024501
999517
974533
949549
924566
899582
874598
849614
824631
799647
774663
749679
724696
699712
674728
649744
624761
599777
574793
549809
524826
499842
474858
449874
424891
399907
374923
349939
324956
299972
274988
250004
225021
200037
175053
150069
125086
100102
75118
50134
25151
167
-24816
167
25151
50134
75118
100102
125086
150069
175053
200037
225021
250004
274988
299972
324956
349939
374923
399907
424891
449874
474858
499842
524826
549809
574793
599777
624761
649744
674728
699712
724696
749679
774663
799647
824631
849614
874598
899582
924566
949549
974533
999517
1024501
1049484
1074468
1099452
1124436
1149419
1174403
1199387
1224371
-8450
-7981
-7174
-6316
-5434
-4572
-3705
-2853
-2016
-1188
-391
368
1102
1796
2440
2999
3503
3902
4222
4466
4641
4771
4876
4955
5015
5065
5100
5145
5175
5205
5235
5255
5285
5300
5315
5330
5335
5350
5355
5365
5370
5375
5385
5380
5390
5390
5385
5385
5385
5390
5360
5345
5335
5320
5300
5295
5280
5265
5250
5225
5215
5195
5170
5140
5100
5065
5020
4975
4925
4856
4791
4721
4636
4541
4436
4312
4167
4002
3802
3578
3323
3014
2659
2260
1801
1292
743
159
-471
-1123
-1811
-2519
-3232
-3964
-4697
-5439
-6187
-6934
-7687
-8435