1199387
1174403
1149419
1124436
1099452
1074468
1049484
1024501
999517
974533
949549
924566
899582
874598
849614
824631
799647
774663
749679
724696
699712
674728
649744
624761
599777
574793
549809
524826
499842
474858
449874
424891
399907
374923
349939
324956
299972
274988
250004
225021
200037
175053
150069
125086
100102
75118
50134
25151
167
-24816
167
25151
50134
75118
100102
125086
150069
175053
200037
225021
250004
274988
299972
324956
349939
374923
399907
424891
449874
474858
499842
524826
549809
574793
599777
624761
649744
674728
699712
724696
749679
774663
799647
824631
849614
874598
899582
924566
949549
974533
999517
1024501
1049484
1074468
1099452
1124436
1149419
1174403
1199387
1224371
-3197
-2713
-2280
-1831
-1378
-909
-451
7
458
893
1332
1746
2145
2520
2869
3189
3498
3767
4022
4257
4461
4651
4821
4970
5100
5215
5325
5415
5494
5574
5629
5689
5744
5799
5849
5879
5924
5949
5989
6019
6048
6078
6108
6128
6163
6183
6213
6223
6248
6258
6163
6088
6019
5949
5889
5834
5769
5709
5649
5594
5524
5460
5400
5340
5275
5205
5135
5060
4980
4900
4806
4711
4611
4506
4386
4262
4122
3977
3817
3643
3448
3238
3014
2754
2480
2185
1856
1516
1152
773
373
-47
-466
-914
-1368
-1836
-2320
-2798
-3291
-3785