1199387
1174403
1149419
1124436
1099452
1074468
1049484
1024501
999517
974533
949549
924566
899582
874598
849614
824631
799647
774663
749679
724696
699712
674728
649744
624761
599777
574793
549809
524826
499842
474858
449874
424891
399907
374923
349939
324956
299972
274988
250004
225021
200037
175053
150069
125086
100102
75118
50134
25151
167
-24816
167
25151
50134
75118
100102
125086
150069
175053
200037
225021
250004
274988
299972
324956
349939
374923
399907
424891
449874
474858
499842
524826
549809
574793
599777
624761
649744
674728
699712
724696
749679
774663
799647
824631
849614
874598
899582
924566
949549
974533
999517
1024501
1049484
1074468
1099452
1124436
1149419
1174403
1199387
1224371
-6735
-5414
-4507
-3830
-3237
-2693
-2185
-1712
-1273
-859
-486
-167
129
354
548
698
798
893
952
1002
1032
1052
1072
1082
1092
1097
1097
1097
1102
1102
1107
1107
1102
1097
1102
1097
1097
1092
1087
1087
1087
1077
1082
1077
1067
1067
1072
1067
1057
1057
997
957
927
908
883
863
848
838
823
813
798
788
778
758
753
738
728
718
703
693
683
668
658
648
638
623
608
598
578
558
533
493
438
358
254
119
-77
-306
-580
-899
-1263
-1657
-2075
-2529
-3002
-3496
-4004
-4537
-5081
-5639