1199387
1174403
1149419
1124436
1099452
1074468
1049484
1024501
999517
974533
949549
924566
899582
874598
849614
824631
799647
774663
749679
724696
699712
674728
649744
624761
599777
574793
549809
524826
499842
474858
449874
424891
399907
374923
349939
324956
299972
274988
250004
225021
200037
175053
150069
125086
100102
75118
50134
25151
167
-24816
167
25151
50134
75118
100102
125086
150069
175053
200037
225021
250004
274988
299972
324956
349939
374923
399907
424891
449874
474858
499842
524826
549809
574793
599777
624761
649744
674728
699712
724696
749679
774663
799647
824631
849614
874598
899582
924566
949549
974533
999517
1024501
1049484
1074468
1099452
1124436
1149419
1174403
1199387
1224371
-7901
-6910
-5998
-5150
-4373
-3675
-3027
-2424
-1856
-1328
-829
-376
32
398
713
987
1217
1402
1551
1671
1771
1836
1896
1941
1956
1976
1986
1991
1996
1996
2001
1996
1996
1991
1981
1976
1976
1961
1956
1951
1941
1936
1926
1921
1911
1901
1901
1886
1876
1876
1746
1666
1611
1561
1526
1492
1467
1437
1412
1382
1367
1347
1327
1302
1277
1262
1242
1227
1202
1182
1172
1147
1127
1107
1082
1052
1037
1002
962
908
848
753
628
473
284
39
-241
-575
-944
-1363
-1801
-2280
-2783
-3311
-3860
-4423
-5011
-5604
-6212
-6835