1199387
1174403
1149419
1124436
1099452
1074468
1049484
1024501
999517
974533
949549
924566
899582
874598
849614
824631
799647
774663
749679
724696
699712
674728
649744
624761
599777
574793
549809
524826
499842
474858
449874
424891
399907
374923
349939
324956
299972
274988
250004
225021
200037
175053
150069
125086
100102
75118
50134
25151
167
-24816
167
25151
50134
75118
100102
125086
150069
175053
200037
225021
250004
274988
299972
324956
349939
374923
399907
424891
449874
474858
499842
524826
549809
574793
599777
624761
649744
674728
699712
724696
749679
774663
799647
824631
849614
874598
899582
924566
949549
974533
999517
1024501
1049484
1074468
1099452
1124436
1149419
1174403
1199387
1224371
-4193
-3526
-3067
-2663
-2285
-1931
-1597
-1283
-999
-740
-501
-301
-127
7
114
189
244
284
304
324
339
344
349
354
363
358
363
368
368
368
373
373
373
373
373
378
383
378
378
378
378
383
373
383
383
388
383
388
383
388
373
368
354
354
349
344
344
339
334
329
324
324
319
314
319
309
309
309
304
299
294
294
289
284
274
269
264
254
249
244
224
199
159
114
39
-62
-201
-361
-550
-765
-1014
-1283
-1572
-1881
-2210
-2549
-2923
-3311
-3710
-4129