1199387
1174403
1149419
1124436
1099452
1074468
1049484
1024501
999517
974533
949549
924566
899582
874598
849614
824631
799647
774663
749679
724696
699712
674728
649744
624761
599777
574793
549809
524826
499842
474858
449874
424891
399907
374923
349939
324956
299972
274988
250004
225021
200037
175053
150069
125086
100102
75118
50134
25151
167
-24816
167
25151
50134
75118
100102
125086
150069
175053
200037
225021
250004
274988
299972
324956
349939
374923
399907
424891
449874
474858
499842
524826
549809
574793
599777
624761
649744
674728
699712
724696
749679
774663
799647
824631
849614
874598
899582
924566
949549
974533
999517
1024501
1049484
1074468
1099452
1124436
1149419
1174403
1199387
1224371
-3740
-3192
-2783
-2419
-2075
-1751
-1452
-1178
-924
-690
-481
-301
-147
-22
64
134
189
224
249
264
269
279
289
289
294
289
299
304
304
304
309
309
309
314
309
314
309
319
319
319
314
314
319
319
324
324
324
324
324
329
314
314
304
299
299
299
294
289
284
279
284
279
274
274
274
269
269
264
254
259
254
249
244
244
244
239
229
224
214
199
184
164
124
69
-2
-92
-216
-356
-535
-730
-944
-1183
-1442
-1712
-2026
-2330
-2658
-3002
-3366
-3750