1199387
1174403
1149419
1124436
1099452
1074468
1049484
1024501
999517
974533
949549
924566
899582
874598
849614
824631
799647
774663
749679
724696
699712
674728
649744
624761
599777
574793
549809
524826
499842
474858
449874
424891
399907
374923
349939
324956
299972
274988
250004
225021
200037
175053
150069
125086
100102
75118
50134
25151
167
-24816
167
25151
50134
75118
100102
125086
150069
175053
200037
225021
250004
274988
299972
324956
349939
374923
399907
424891
449874
474858
499842
524826
549809
574793
599777
624761
649744
674728
699712
724696
749679
774663
799647
824631
849614
874598
899582
924566
949549
974533
999517
1024501
1049484
1074468
1099452
1124436
1149419
1174403
1199387
1224371
-4119
-3476
-3032
-2629
-2255
-1911
-1577
-1273
-994
-740
-505
-301
-137
2
99
179
234
269
299
309
329
329
334
344
344
349
354
354
354
358
358
358
363
363
363
363
363
368
363
373
368
373
373
368
368
378
373
378
373
373
363
358
354
344
344
339
329
329
329
324
319
319
309
309
309
309
299
304
294
294
289
284
279
274
274
269
259
254
244
229
219
189
149
99
27
-72
-206
-366
-550
-765
-1014
-1268
-1557
-1861
-2190
-2524
-2883
-3261
-3660
-4069