1199387
1174403
1149419
1124436
1099452
1074468
1049484
1024501
999517
974533
949549
924566
899582
874598
849614
824631
799647
774663
749679
724696
699712
674728
649744
624761
599777
574793
549809
524826
499842
474858
449874
424891
399907
374923
349939
324956
299972
274988
250004
225021
200037
175053
150069
125086
100102
75118
50134
25151
167
-24816
167
25151
50134
75118
100102
125086
150069
175053
200037
225021
250004
274988
299972
324956
349939
374923
399907
424891
449874
474858
499842
524826
549809
574793
599777
624761
649744
674728
699712
724696
749679
774663
799647
824631
849614
874598
899582
924566
949549
974533
999517
1024501
1049484
1074468
1099452
1124436
1149419
1174403
1199387
1224371
-4308
-3615
-3142
-2718
-2330
-1971
-1632
-1303
-1009
-750
-501
-291
-112
27
129
209
264
304
324
339
354
363
368
378
378
383
383
388
388
393
393
393
398
398
393
398
403
398
398
398
403
398
403
403
398
398
403
403
408
403
393
383
373
368
358
354
358
354
349
344
344
334
334
329
329
324
319
319
314
309
304
299
289
294
284
274
269
264
254
249
229
204
169
114
44
-57
-187
-351
-550
-770
-1024
-1293
-1597
-1916
-2250
-2604
-2982
-3371
-3790
-4223