1199387
1174403
1149419
1124436
1099452
1074468
1049484
1024501
999517
974533
949549
924566
899582
874598
849614
824631
799647
774663
749679
724696
699712
674728
649744
624761
599777
574793
549809
524826
499842
474858
449874
424891
399907
374923
349939
324956
299972
274988
250004
225021
200037
175053
150069
125086
100102
75118
50134
25151
167
-24816
167
25151
50134
75118
100102
125086
150069
175053
200037
225021
250004
274988
299972
324956
349939
374923
399907
424891
449874
474858
499842
524826
549809
574793
599777
624761
649744
674728
699712
724696
749679
774663
799647
824631
849614
874598
899582
924566
949549
974533
999517
1024501
1049484
1074468
1099452
1124436
1149419
1174403
1199387
1224371
-5011
-4044
-3461
-2982
-2539
-2130
-1741
-1378
-1044
-745
-466
-231
-37
119
234
319
383
423
453
478
488
503
508
518
518
523
528
528
523
533
533
538
538
543
538
543
543
543
543
543
538
543
538
538
543
538
538
548
538
538
513
498
483
478
473
458
453
448
443
433
428
423
413
408
408
403
393
388
388
378
373
368
363
354
349
344
334
329
319
309
289
269
229
184
109
2
-132
-306
-525
-765
-1044
-1348
-1677
-2031
-2409
-2803
-3217
-3645
-4094
-4562