1199387
1174403
1149419
1124436
1099452
1074468
1049484
1024501
999517
974533
949549
924566
899582
874598
849614
824631
799647
774663
749679
724696
699712
674728
649744
624761
599777
574793
549809
524826
499842
474858
449874
424891
399907
374923
349939
324956
299972
274988
250004
225021
200037
175053
150069
125086
100102
75118
50134
25151
167
-24816
167
25151
50134
75118
100102
125086
150069
175053
200037
225021
250004
274988
299972
324956
349939
374923
399907
424891
449874
474858
499842
524826
549809
574793
599777
624761
649744
674728
699712
724696
749679
774663
799647
824631
849614
874598
899582
924566
949549
974533
999517
1024501
1049484
1074468
1099452
1124436
1149419
1174403
1199387
1224371
-1931
-1652
-1348
-1039
-740
-426
-122
189
503
818
1132
1457
1771
2090
2405
2714
3009
3318
3593
3862
4127
4381
4611
4836
5040
5230
5410
5579
5724
5859
5989
6103
6203
6298
6378
6458
6528
6593
6657
6707
6767
6802
6852
6892
6927
6967
7002
7032
7067
7102
7012
6932
6857
6787
6712
6647
6578
6503
6433
6358
6278
6193
6113
6029
5934
5839
5734
5629
5519
5390
5260
5110
4970
4801
4626
4441
4247
4032
3812
3578
3318
3069
2804
2520
2240
1956
1656
1372
1072
773
478
179
-122
-421
-725
-1029
-1333
-1642
-1951
-2255