1199387
1174403
1149419
1124436
1099452
1074468
1049484
1024501
999517
974533
949549
924566
899582
874598
849614
824631
799647
774663
749679
724696
699712
674728
649744
624761
599777
574793
549809
524826
499842
474858
449874
424891
399907
374923
349939
324956
299972
274988
250004
225021
200037
175053
150069
125086
100102
75118
50134
25151
167
-24816
167
25151
50134
75118
100102
125086
150069
175053
200037
225021
250004
274988
299972
324956
349939
374923
399907
424891
449874
474858
499842
524826
549809
574793
599777
624761
649744
674728
699712
724696
749679
774663
799647
824631
849614
874598
899582
924566
949549
974533
999517
1024501
1049484
1074468
1099452
1124436
1149419
1174403
1199387
1224371
-5723
-4502
-3815
-3271
-2773
-2315
-1886
-1482
-1109
-760
-456
-187
32
204
354
443
523
568
608
623
648
658
673
678
683
693
688
688
693
703
708
703
703
698
708
703
708
708
708
703
703
708
708
708
708
703
708
703
703
708
668
643
628
608
593
588
573
568
553
553
548
533
528
523
513
508
493
493
483
473
468
453
453
448
438
428
423
408
398
388
368
344
304
254
169
59
-87
-281
-515
-785
-1094
-1432
-1796
-2190
-2609
-3042
-3496
-3969
-4458
-4966