1199387
1174403
1149419
1124436
1099452
1074468
1049484
1024501
999517
974533
949549
924566
899582
874598
849614
824631
799647
774663
749679
724696
699712
674728
649744
624761
599777
574793
549809
524826
499842
474858
449874
424891
399907
374923
349939
324956
299972
274988
250004
225021
200037
175053
150069
125086
100102
75118
50134
25151
167
-24816
167
25151
50134
75118
100102
125086
150069
175053
200037
225021
250004
274988
299972
324956
349939
374923
399907
424891
449874
474858
499842
524826
549809
574793
599777
624761
649744
674728
699712
724696
749679
774663
799647
824631
849614
874598
899582
924566
949549
974533
999517
1024501
1049484
1074468
1099452
1124436
1149419
1174403
1199387
1224371
-3660
-3361
-3012
-2648
-2290
-1931
-1572
-1228
-894
-580
-276
7
269
508
728
903
1047
1172
1262
1337
1392
1442
1477
1511
1536
1561
1581
1596
1616
1621
1641
1651
1666
1676
1686
1696
1706
1716
1716
1726
1736
1746
1756
1756
1761
1771
1771
1781
1786
1791
1766
1741
1721
1706
1686
1676
1661
1641
1626
1611
1596
1586
1571
1556
1541
1526
1516
1496
1487
1457
1447
1422
1412
1387
1362
1337
1302
1272
1232
1182
1127
1057
972
863
718
533
324
84
-196
-491
-809
-1148
-1512
-1891
-2280
-2678
-3092
-3516
-3949
-4393