1199387
1174403
1149419
1124436
1099452
1074468
1049484
1024501
999517
974533
949549
924566
899582
874598
849614
824631
799647
774663
749679
724696
699712
674728
649744
624761
599777
574793
549809
524826
499842
474858
449874
424891
399907
374923
349939
324956
299972
274988
250004
225021
200037
175053
150069
125086
100102
75118
50134
25151
167
-24816
167
25151
50134
75118
100102
125086
150069
175053
200037
225021
250004
274988
299972
324956
349939
374923
399907
424891
449874
474858
499842
524826
549809
574793
599777
624761
649744
674728
699712
724696
749679
774663
799647
824631
849614
874598
899582
924566
949549
974533
999517
1024501
1049484
1074468
1099452
1124436
1149419
1174403
1199387
1224371
-3541
-3227
-2873
-2509
-2140
-1776
-1422
-1069
-735
-416
-107
189
463
718
942
1142
1312
1447
1556
1641
1716
1771
1811
1856
1891
1911
1941
1961
1976
2001
2016
2031
2046
2056
2065
2075
2085
2095
2100
2110
2120
2130
2135
2145
2145
2155
2160
2165
2175
2185
2150
2120
2090
2075
2056
2036
2016
2001
1981
1966
1951
1931
1911
1896
1881
1866
1846
1826
1801
1786
1756
1741
1716
1681
1656
1631
1596
1556
1501
1452
1392
1312
1207
1077
923
733
508
249
-37
-341
-670
-1009
-1368
-1741
-2125
-2519
-2933
-3351
-3770
-4193