1199387
1174403
1149419
1124436
1099452
1074468
1049484
1024501
999517
974533
949549
924566
899582
874598
849614
824631
799647
774663
749679
724696
699712
674728
649744
624761
599777
574793
549809
524826
499842
474858
449874
424891
399907
374923
349939
324956
299972
274988
250004
225021
200037
175053
150069
125086
100102
75118
50134
25151
167
-24816
167
25151
50134
75118
100102
125086
150069
175053
200037
225021
250004
274988
299972
324956
349939
374923
399907
424891
449874
474858
499842
524826
549809
574793
599777
624761
649744
674728
699712
724696
749679
774663
799647
824631
849614
874598
899582
924566
949549
974533
999517
1024501
1049484
1074468
1099452
1124436
1149419
1174403
1199387
1224371
-3037
-2703
-2339
-1966
-1582
-1208
-839
-466
-117
229
558
878
1182
1467
1731
1981
2190
2380
2540
2674
2794
2884
2959
3039
3094
3149
3189
3223
3258
3283
3318
3343
3368
3388
3403
3428
3433
3463
3468
3483
3493
3513
3523
3533
3543
3553
3563
3578
3578
3588
3533
3493
3458
3423
3388
3358
3328
3298
3263
3238
3203
3174
3144
3109
3074
3049
3009
2994
2949
2914
2874
2834
2794
2749
2699
2654
2595
2535
2465
2380
2285
2170
2031
1866
1666
1437
1177
888
578
254
-87
-441
-809
-1183
-1577
-1971
-2374
-2788
-3202
-3620