1199387
1174403
1149419
1124436
1099452
1074468
1049484
1024501
999517
974533
949549
924566
899582
874598
849614
824631
799647
774663
749679
724696
699712
674728
649744
624761
599777
574793
549809
524826
499842
474858
449874
424891
399907
374923
349939
324956
299972
274988
250004
225021
200037
175053
150069
125086
100102
75118
50134
25151
167
-24816
167
25151
50134
75118
100102
125086
150069
175053
200037
225021
250004
274988
299972
324956
349939
374923
399907
424891
449874
474858
499842
524826
549809
574793
599777
624761
649744
674728
699712
724696
749679
774663
799647
824631
849614
874598
899582
924566
949549
974533
999517
1024501
1049484
1074468
1099452
1124436
1149419
1174403
1199387
1224371
-7219
-5978
-4906
-3924
-2977
-2045
-1138
-321
349
893
1307
1591
1791
1916
1991
2041
2075
2100
2110
2125
2130
2130
2140
2145
2140
2150
2150
2145
2150
2150
2155
2150
2150
2145
2150
2150
2145
2150
2150
2150
2150
2150
2150
2155
2145
2155
2150
2150
2155
2150
2130
2130
2115
2110
2105
2100
2100
2090
2090
2085
2075
2075
2070
2060
2056
2056
2041
2041
2031
2026
2021
2011
2001
1991
1981
1976
1966
1951
1941
1931
1916
1896
1871
1841
1806
1736
1636
1492
1252
908
418
-226
-1039
-1996
-3077
-4273
-5564
-6924
-8350
-9835