1199387
1174403
1149419
1124436
1099452
1074468
1049484
1024501
999517
974533
949549
924566
899582
874598
849614
824631
799647
774663
749679
724696
699712
674728
649744
624761
599777
574793
549809
524826
499842
474858
449874
424891
399907
374923
349939
324956
299972
274988
250004
225021
200037
175053
150069
125086
100102
75118
50134
25151
167
-24816
167
25151
50134
75118
100102
125086
150069
175053
200037
225021
250004
274988
299972
324956
349939
374923
399907
424891
449874
474858
499842
524826
549809
574793
599777
624761
649744
674728
699712
724696
749679
774663
799647
824631
849614
874598
899582
924566
949549
974533
999517
1024501
1049484
1074468
1099452
1124436
1149419
1174403
1199387
1224371
-6915
-5629
-4702
-3999
-3381
-2813
-2290
-1796
-1343
-909
-530
-187
114
363
563
723
848
947
1017
1067
1107
1137
1152
1167
1177
1177
1187
1182
1182
1192
1187
1182
1182
1182
1182
1172
1177
1172
1167
1167
1157
1162
1157
1152
1152
1147
1137
1142
1137
1137
1067
1027
997
967
937
927
913
898
888
868
853
843
833
818
808
793
783
773
758
743
733
728
708
693
683
673
663
638
618
598
573
533
473
383
274
119
-72
-326
-615
-944
-1323
-1722
-2165
-2629
-3107
-3620
-4144
-4692
-5250
-5818