1199387
1174403
1149419
1124436
1099452
1074468
1049484
1024501
999517
974533
949549
924566
899582
874598
849614
824631
799647
774663
749679
724696
699712
674728
649744
624761
599777
574793
549809
524826
499842
474858
449874
424891
399907
374923
349939
324956
299972
274988
250004
225021
200037
175053
150069
125086
100102
75118
50134
25151
167
-24816
167
25151
50134
75118
100102
125086
150069
175053
200037
225021
250004
274988
299972
324956
349939
374923
399907
424891
449874
474858
499842
524826
549809
574793
599777
624761
649744
674728
699712
724696
749679
774663
799647
824631
849614
874598
899582
924566
949549
974533
999517
1024501
1049484
1074468
1099452
1124436
1149419
1174403
1199387
1224371
-3810
-3242
-2833
-2459
-2110
-1786
-1482
-1203
-934
-705
-491
-301
-147
-22
69
144
199
234
254
269
279
294
294
299
309
309
309
314
319
314
314
324
329
324
319
329
329
329
329
329
334
329
334
329
329
334
339
334
334
339
329
324
314
314
304
304
304
299
294
299
289
294
284
289
279
284
279
269
269
269
264
254
254
249
254
239
239
229
224
204
189
169
129
79
7
-92
-211
-361
-535
-735
-959
-1208
-1472
-1751
-2045
-2374
-2698
-3052
-3426
-3810