1199387
1174403
1149419
1124436
1099452
1074468
1049484
1024501
999517
974533
949549
924566
899582
874598
849614
824631
799647
774663
749679
724696
699712
674728
649744
624761
599777
574793
549809
524826
499842
474858
449874
424891
399907
374923
349939
324956
299972
274988
250004
225021
200037
175053
150069
125086
100102
75118
50134
25151
167
-24816
167
25151
50134
75118
100102
125086
150069
175053
200037
225021
250004
274988
299972
324956
349939
374923
399907
424891
449874
474858
499842
524826
549809
574793
599777
624761
649744
674728
699712
724696
749679
774663
799647
824631
849614
874598
899582
924566
949549
974533
999517
1024501
1049484
1074468
1099452
1124436
1149419
1174403
1199387
1224371
-9058
-8275
-7423
-6551
-5689
-4856
-4074
-3321
-2594
-1896
-1238
-610
-27
503
992
1422
1801
2120
2385
2610
2789
2934
3044
3134
3194
3238
3263
3288
3298
3303
3308
3313
3308
3313
3308
3313
3308
3303
3298
3293
3283
3273
3273
3268
3253
3248
3233
3233
3228
3208
3044
2939
2859
2789
2739
2689
2644
2605
2575
2540
2505
2475
2440
2405
2375
2345
2320
2280
2255
2220
2190
2155
2115
2070
2026
1966
1891
1806
1691
1546
1367
1147
898
603
264
-107
-520
-974
-1472
-1991
-2544
-3122
-3720
-4333
-4966
-5609
-6277
-6964
-7647
-8345