1199387
1174403
1149419
1124436
1099452
1074468
1049484
1024501
999517
974533
949549
924566
899582
874598
849614
824631
799647
774663
749679
724696
699712
674728
649744
624761
599777
574793
549809
524826
499842
474858
449874
424891
399907
374923
349939
324956
299972
274988
250004
225021
200037
175053
150069
125086
100102
75118
50134
25151
167
-24816
167
25151
50134
75118
100102
125086
150069
175053
200037
225021
250004
274988
299972
324956
349939
374923
399907
424891
449874
474858
499842
524826
549809
574793
599777
624761
649744
674728
699712
724696
749679
774663
799647
824631
849614
874598
899582
924566
949549
974533
999517
1024501
1049484
1074468
1099452
1124436
1149419
1174403
1199387
1224371
-3565
-3296
-2962
-2624
-2275
-1931
-1597
-1263
-959
-655
-366
-97
149
368
563
723
853
957
1047
1112
1157
1197
1237
1252
1282
1302
1317
1337
1347
1362
1377
1382
1402
1412
1417
1427
1437
1437
1447
1457
1457
1467
1472
1482
1487
1492
1496
1506
1506
1516
1492
1467
1457
1432
1422
1407
1397
1387
1372
1357
1347
1337
1327
1312
1297
1287
1272
1257
1247
1227
1207
1197
1177
1152
1142
1117
1087
1062
1022
987
937
873
798
693
563
408
209
-22
-276
-555
-859
-1178
-1532
-1891
-2265
-2653
-3062
-3471
-3894
-4318