1199387
1174403
1149419
1124436
1099452
1074468
1049484
1024501
999517
974533
949549
924566
899582
874598
849614
824631
799647
774663
749679
724696
699712
674728
649744
624761
599777
574793
549809
524826
499842
474858
449874
424891
399907
374923
349939
324956
299972
274988
250004
225021
200037
175053
150069
125086
100102
75118
50134
25151
167
-24816
167
25151
50134
75118
100102
125086
150069
175053
200037
225021
250004
274988
299972
324956
349939
374923
399907
424891
449874
474858
499842
524826
549809
574793
599777
624761
649744
674728
699712
724696
749679
774663
799647
824631
849614
874598
899582
924566
949549
974533
999517
1024501
1049484
1074468
1099452
1124436
1149419
1174403
1199387
1224371
-8594
-7752
-6880
-6022
-5185
-4408
-3675
-2982
-2330
-1712
-1113
-555
-47
413
828
1197
1511
1776
1996
2180
2335
2450
2540
2605
2654
2689
2709
2719
2729
2734
2729
2734
2739
2734
2729
2729
2724
2719
2709
2704
2694
2694
2679
2674
2664
2654
2644
2639
2634
2615
2455
2350
2275
2215
2165
2115
2070
2041
2006
1976
1946
1916
1886
1861
1831
1801
1776
1756
1726
1701
1676
1646
1616
1581
1551
1506
1467
1412
1337
1232
1112
957
758
523
254
-67
-421
-834
-1263
-1741
-2250
-2778
-3341
-3924
-4512
-5125
-5748
-6391
-7049
-7712