1199387
1174403
1149419
1124436
1099452
1074468
1049484
1024501
999517
974533
949549
924566
899582
874598
849614
824631
799647
774663
749679
724696
699712
674728
649744
624761
599777
574793
549809
524826
499842
474858
449874
424891
399907
374923
349939
324956
299972
274988
250004
225021
200037
175053
150069
125086
100102
75118
50134
25151
167
-24816
167
25151
50134
75118
100102
125086
150069
175053
200037
225021
250004
274988
299972
324956
349939
374923
399907
424891
449874
474858
499842
524826
549809
574793
599777
624761
649744
674728
699712
724696
749679
774663
799647
824631
849614
874598
899582
924566
949549
974533
999517
1024501
1049484
1074468
1099452
1124436
1149419
1174403
1199387
1224371
-3227
-2878
-2494
-2090
-1697
-1303
-914
-525
-157
199
538
878
1182
1472
1736
1981
2190
2380
2535
2669
2764
2859
2934
2989
3044
3084
3119
3154
3194
3218
3248
3263
3283
3303
3313
3333
3343
3353
3368
3383
3388
3403
3403
3418
3423
3428
3438
3443
3458
3468
3408
3368
3338
3298
3278
3248
3218
3194
3169
3139
3114
3084
3059
3029
3009
2974
2949
2919
2894
2859
2829
2794
2749
2719
2674
2625
2570
2525
2455
2380
2285
2180
2046
1886
1686
1452
1187
898
583
244
-112
-481
-869
-1273
-1682
-2105
-2529
-2967
-3416
-3850