1199387
1174403
1149419
1124436
1099452
1074468
1049484
1024501
999517
974533
949549
924566
899582
874598
849614
824631
799647
774663
749679
724696
699712
674728
649744
624761
599777
574793
549809
524826
499842
474858
449874
424891
399907
374923
349939
324956
299972
274988
250004
225021
200037
175053
150069
125086
100102
75118
50134
25151
167
-24816
167
25151
50134
75118
100102
125086
150069
175053
200037
225021
250004
274988
299972
324956
349939
374923
399907
424891
449874
474858
499842
524826
549809
574793
599777
624761
649744
674728
699712
724696
749679
774663
799647
824631
849614
874598
899582
924566
949549
974533
999517
1024501
1049484
1074468
1099452
1124436
1149419
1174403
1199387
1224371
-3481
-3162
-2788
-2404
-2016
-1637
-1263
-889
-540
-196
124
428
728
987
1237
1447
1636
1791
1911
2011
2090
2150
2210
2255
2295
2330
2360
2385
2410
2435
2460
2465
2485
2505
2510
2530
2535
2555
2560
2565
2580
2590
2595
2605
2610
2625
2625
2629
2634
2649
2605
2570
2550
2530
2500
2480
2455
2435
2410
2395
2375
2345
2320
2300
2285
2265
2240
2220
2195
2170
2145
2115
2085
2056
2021
1981
1941
1891
1846
1786
1706
1616
1506
1367
1197
992
748
473
179
-137
-481
-834
-1213
-1602
-2011
-2424
-2843
-3271
-3710
-4154