1199387
1174403
1149419
1124436
1099452
1074468
1049484
1024501
999517
974533
949549
924566
899582
874598
849614
824631
799647
774663
749679
724696
699712
674728
649744
624761
599777
574793
549809
524826
499842
474858
449874
424891
399907
374923
349939
324956
299972
274988
250004
225021
200037
175053
150069
125086
100102
75118
50134
25151
167
-24816
167
25151
50134
75118
100102
125086
150069
175053
200037
225021
250004
274988
299972
324956
349939
374923
399907
424891
449874
474858
499842
524826
549809
574793
599777
624761
649744
674728
699712
724696
749679
774663
799647
824631
849614
874598
899582
924566
949549
974533
999517
1024501
1049484
1074468
1099452
1124436
1149419
1174403
1199387
1224371
-3506
-3247
-2928
-2589
-2245
-1911
-1587
-1263
-954
-655
-376
-122
119
334
518
683
813
903
987
1042
1087
1137
1167
1197
1217
1227
1247
1267
1282
1287
1302
1307
1327
1332
1342
1352
1357
1367
1367
1377
1382
1387
1397
1407
1407
1417
1422
1427
1427
1442
1412
1397
1377
1367
1352
1337
1332
1312
1297
1292
1277
1262
1252
1242
1227
1217
1207
1187
1177
1157
1142
1132
1107
1092
1072
1047
1027
997
967
927
888
818
748
648
528
363
179
-42
-286
-560
-859
-1173
-1512
-1866
-2240
-2619
-3007
-3416
-3830
-4253