1199387
1174403
1149419
1124436
1099452
1074468
1049484
1024501
999517
974533
949549
924566
899582
874598
849614
824631
799647
774663
749679
724696
699712
674728
649744
624761
599777
574793
549809
524826
499842
474858
449874
424891
399907
374923
349939
324956
299972
274988
250004
225021
200037
175053
150069
125086
100102
75118
50134
25151
167
-24816
167
25151
50134
75118
100102
125086
150069
175053
200037
225021
250004
274988
299972
324956
349939
374923
399907
424891
449874
474858
499842
524826
549809
574793
599777
624761
649744
674728
699712
724696
749679
774663
799647
824631
849614
874598
899582
924566
949549
974533
999517
1024501
1049484
1074468
1099452
1124436
1149419
1174403
1199387
1224371
-4577
-3790
-3271
-2823
-2414
-2035
-1677
-1338
-1029
-740
-486
-266
-82
64
174
249
309
349
378
393
408
418
423
433
438
433
433
438
443
448
448
453
448
453
453
453
453
458
448
453
453
453
458
453
453
453
448
453
458
453
438
423
418
408
403
393
393
388
378
378
373
368
363
354
354
358
349
344
339
329
329
319
319
314
309
299
294
294
279
269
254
229
194
139
79
-27
-162
-336
-525
-760
-1034
-1313
-1632
-1961
-2315
-2678
-3077
-3486
-3909
-4373