1199387
1174403
1149419
1124436
1099452
1074468
1049484
1024501
999517
974533
949549
924566
899582
874598
849614
824631
799647
774663
749679
724696
699712
674728
649744
624761
599777
574793
549809
524826
499842
474858
449874
424891
399907
374923
349939
324956
299972
274988
250004
225021
200037
175053
150069
125086
100102
75118
50134
25151
167
-24816
167
25151
50134
75118
100102
125086
150069
175053
200037
225021
250004
274988
299972
324956
349939
374923
399907
424891
449874
474858
499842
524826
549809
574793
599777
624761
649744
674728
699712
724696
749679
774663
799647
824631
849614
874598
899582
924566
949549
974533
999517
1024501
1049484
1074468
1099452
1124436
1149419
1174403
1199387
1224371
-6989
-5718
-4782
-4069
-3436
-2868
-2335
-1841
-1363
-934
-545
-192
119
373
583
753
878
982
1057
1112
1152
1182
1207
1222
1227
1237
1237
1242
1242
1247
1242
1242
1242
1237
1227
1232
1232
1222
1222
1217
1217
1217
1202
1207
1202
1202
1197
1187
1192
1182
1112
1067
1032
1007
987
967
947
932
918
903
888
878
863
858
833
828
813
798
788
773
768
753
738
728
708
693
678
663
643
618
593
543
483
393
274
119
-87
-336
-630
-969
-1348
-1756
-2200
-2663
-3157
-3665
-4198
-4742
-5305
-5873