1199387
1174403
1149419
1124436
1099452
1074468
1049484
1024501
999517
974533
949549
924566
899582
874598
849614
824631
799647
774663
749679
724696
699712
674728
649744
624761
599777
574793
549809
524826
499842
474858
449874
424891
399907
374923
349939
324956
299972
274988
250004
225021
200037
175053
150069
125086
100102
75118
50134
25151
167
-24816
167
25151
50134
75118
100102
125086
150069
175053
200037
225021
250004
274988
299972
324956
349939
374923
399907
424891
449874
474858
499842
524826
549809
574793
599777
624761
649744
674728
699712
724696
749679
774663
799647
824631
849614
874598
899582
924566
949549
974533
999517
1024501
1049484
1074468
1099452
1124436
1149419
1174403
1199387
1224371
-6351
-5006
-4183
-3560
-3012
-2509
-2031
-1587
-1178
-795
-451
-157
94
304
463
588
683
748
803
833
853
873
888
898
903
908
908
913
908
913
913
918
918
918
913
918
913
913
908
913
908
908
908
908
903
903
903
893
893
898
848
813
793
768
758
743
728
718
703
688
678
668
663
648
643
633
628
613
603
593
588
578
568
558
548
538
528
508
498
478
458
428
388
319
229
99
-67
-281
-535
-834
-1168
-1532
-1941
-2369
-2818
-3281
-3780
-4283
-4806
-5355