1199387
1174403
1149419
1124436
1099452
1074468
1049484
1024501
999517
974533
949549
924566
899582
874598
849614
824631
799647
774663
749679
724696
699712
674728
649744
624761
599777
574793
549809
524826
499842
474858
449874
424891
399907
374923
349939
324956
299972
274988
250004
225021
200037
175053
150069
125086
100102
75118
50134
25151
167
-24816
167
25151
50134
75118
100102
125086
150069
175053
200037
225021
250004
274988
299972
324956
349939
374923
399907
424891
449874
474858
499842
524826
549809
574793
599777
624761
649744
674728
699712
724696
749679
774663
799647
824631
849614
874598
899582
924566
949549
974533
999517
1024501
1049484
1074468
1099452
1124436
1149419
1174403
1199387
1224371
-3271
-2938
-2564
-2175
-1786
-1398
-1014
-640
-281
69
403
723
1027
1317
1576
1806
2016
2190
2330
2455
2555
2634
2699
2749
2789
2834
2874
2909
2929
2949
2979
2999
3014
3034
3044
3064
3074
3084
3094
3109
3114
3119
3139
3139
3149
3154
3164
3169
3174
3189
3134
3104
3064
3039
3009
2989
2954
2939
2909
2884
2859
2834
2819
2784
2754
2734
2714
2679
2654
2629
2590
2565
2530
2500
2460
2415
2365
2315
2255
2180
2105
1991
1866
1711
1526
1297
1042
753
443
114
-231
-605
-979
-1373
-1781
-2190
-2614
-3037
-3476
-3904