1199387
1174403
1149419
1124436
1099452
1074468
1049484
1024501
999517
974533
949549
924566
899582
874598
849614
824631
799647
774663
749679
724696
699712
674728
649744
624761
599777
574793
549809
524826
499842
474858
449874
424891
399907
374923
349939
324956
299972
274988
250004
225021
200037
175053
150069
125086
100102
75118
50134
25151
167
-24816
167
25151
50134
75118
100102
125086
150069
175053
200037
225021
250004
274988
299972
324956
349939
374923
399907
424891
449874
474858
499842
524826
549809
574793
599777
624761
649744
674728
699712
724696
749679
774663
799647
824631
849614
874598
899582
924566
949549
974533
999517
1024501
1049484
1074468
1099452
1124436
1149419
1174403
1199387
1224371
-3700
-3406
-3047
-2673
-2300
-1936
-1577
-1223
-889
-555
-251
44
314
558
778
952
1107
1232
1327
1402
1457
1506
1546
1581
1606
1626
1646
1666
1686
1701
1716
1726
1736
1751
1761
1766
1776
1786
1791
1801
1811
1816
1831
1826
1836
1851
1851
1856
1861
1866
1841
1816
1801
1776
1756
1746
1731
1716
1701
1686
1666
1661
1641
1626
1616
1591
1576
1561
1546
1521
1516
1492
1472
1447
1427
1392
1367
1332
1292
1252
1187
1117
1027
918
768
583
368
114
-167
-466
-795
-1148
-1512
-1896
-2290
-2703
-3127
-3556
-3999
-4443