1199387
1174403
1149419
1124436
1099452
1074468
1049484
1024501
999517
974533
949549
924566
899582
874598
849614
824631
799647
774663
749679
724696
699712
674728
649744
624761
599777
574793
549809
524826
499842
474858
449874
424891
399907
374923
349939
324956
299972
274988
250004
225021
200037
175053
150069
125086
100102
75118
50134
25151
167
-24816
167
25151
50134
75118
100102
125086
150069
175053
200037
225021
250004
274988
299972
324956
349939
374923
399907
424891
449874
474858
499842
524826
549809
574793
599777
624761
649744
674728
699712
724696
749679
774663
799647
824631
849614
874598
899582
924566
949549
974533
999517
1024501
1049484
1074468
1099452
1124436
1149419
1174403
1199387
1224371
-3560
-3237
-2853
-2479
-2090
-1717
-1343
-979
-630
-291
27
334
623
888
1127
1337
1516
1666
1776
1871
1951
2016
2060
2110
2145
2180
2200
2225
2245
2265
2280
2300
2315
2330
2345
2350
2360
2370
2375
2385
2395
2405
2420
2420
2435
2435
2440
2450
2460
2465
2430
2395
2370
2345
2320
2300
2285
2260
2240
2220
2195
2190
2160
2140
2125
2110
2085
2060
2041
2016
1996
1966
1941
1916
1876
1851
1811
1761
1711
1656
1586
1501
1397
1262
1092
893
658
383
94
-226
-560
-919
-1288
-1682
-2080
-2494
-2913
-3346
-3780
-4228