1199387
1174403
1149419
1124436
1099452
1074468
1049484
1024501
999517
974533
949549
924566
899582
874598
849614
824631
799647
774663
749679
724696
699712
674728
649744
624761
599777
574793
549809
524826
499842
474858
449874
424891
399907
374923
349939
324956
299972
274988
250004
225021
200037
175053
150069
125086
100102
75118
50134
25151
167
-24816
167
25151
50134
75118
100102
125086
150069
175053
200037
225021
250004
274988
299972
324956
349939
374923
399907
424891
449874
474858
499842
524826
549809
574793
599777
624761
649744
674728
699712
724696
749679
774663
799647
824631
849614
874598
899582
924566
949549
974533
999517
1024501
1049484
1074468
1099452
1124436
1149419
1174403
1199387
1224371
-3137
-2808
-2439
-2065
-1687
-1303
-934
-575
-221
124
443
768
1067
1352
1611
1851
2060
2240
2395
2525
2629
2719
2789
2849
2904
2944
2984
3014
3049
3079
3104
3124
3144
3159
3174
3189
3203
3218
3228
3238
3253
3258
3273
3273
3283
3288
3298
3308
3318
3318
3278
3238
3208
3164
3144
3109
3084
3059
3039
3009
2979
2954
2934
2904
2879
2849
2819
2794
2769
2729
2699
2669
2629
2590
2550
2500
2455
2390
2330
2250
2160
2046
1916
1756
1556
1332
1072
783
483
154
-177
-530
-899
-1278
-1667
-2065
-2464
-2878
-3291
-3715