1199387
1174403
1149419
1124436
1099452
1074468
1049484
1024501
999517
974533
949549
924566
899582
874598
849614
824631
799647
774663
749679
724696
699712
674728
649744
624761
599777
574793
549809
524826
499842
474858
449874
424891
399907
374923
349939
324956
299972
274988
250004
225021
200037
175053
150069
125086
100102
75118
50134
25151
167
-24816
167
25151
50134
75118
100102
125086
150069
175053
200037
225021
250004
274988
299972
324956
349939
374923
399907
424891
449874
474858
499842
524826
549809
574793
599777
624761
649744
674728
699712
724696
749679
774663
799647
824631
849614
874598
899582
924566
949549
974533
999517
1024501
1049484
1074468
1099452
1124436
1149419
1174403
1199387
1224371
-8893
-8081
-7219
-6351
-5499
-4682
-3919
-3187
-2484
-1811
-1183
-580
-27
473
932
1337
1696
1991
2245
2455
2610
2749
2854
2934
2989
3024
3049
3069
3069
3079
3084
3089
3084
3084
3079
3084
3074
3074
3064
3054
3054
3039
3039
3024
3019
3009
2999
2999
2989
2974
2809
2699
2625
2560
2500
2460
2415
2380
2345
2305
2280
2245
2215
2180
2150
2120
2090
2065
2031
2006
1971
1946
1906
1871
1826
1771
1711
1641
1536
1422
1262
1067
838
568
259
-92
-491
-929
-1398
-1906
-2439
-2997
-3575
-4183
-4801
-5439
-6082
-6750
-7423
-8111