1199387
1174403
1149419
1124436
1099452
1074468
1049484
1024501
999517
974533
949549
924566
899582
874598
849614
824631
799647
774663
749679
724696
699712
674728
649744
624761
599777
574793
549809
524826
499842
474858
449874
424891
399907
374923
349939
324956
299972
274988
250004
225021
200037
175053
150069
125086
100102
75118
50134
25151
167
-24816
167
25151
50134
75118
100102
125086
150069
175053
200037
225021
250004
274988
299972
324956
349939
374923
399907
424891
449874
474858
499842
524826
549809
574793
599777
624761
649744
674728
699712
724696
749679
774663
799647
824631
849614
874598
899582
924566
949549
974533
999517
1024501
1049484
1074468
1099452
1124436
1149419
1174403
1199387
1224371
-8953
-7458
-5913
-4492
-3237
-2085
-1029
-92
723
1427
1996
2450
2794
3044
3228
3363
3453
3523
3568
3593
3613
3633
3633
3628
3618
3618
3608
3598
3588
3578
3563
3553
3543
3538
3523
3513
3498
3483
3478
3473
3463
3453
3448
3433
3433
3428
3423
3418
3413
3403
3323
3283
3258
3233
3218
3208
3198
3179
3169
3154
3144
3129
3114
3104
3084
3064
3049
3034
3014
2994
2984
2959
2939
2914
2889
2869
2849
2814
2794
2764
2729
2689
2634
2570
2475
2345
2170
1921
1581
1132
553
-167
-1029
-2045
-3197
-4468
-5843
-7308
-8838
-10169