1199387
1174403
1149419
1124436
1099452
1074468
1049484
1024501
999517
974533
949549
924566
899582
874598
849614
824631
799647
774663
749679
724696
699712
674728
649744
624761
599777
574793
549809
524826
499842
474858
449874
424891
399907
374923
349939
324956
299972
274988
250004
225021
200037
175053
150069
125086
100102
75118
50134
25151
167
-24816
167
25151
50134
75118
100102
125086
150069
175053
200037
225021
250004
274988
299972
324956
349939
374923
399907
424891
449874
474858
499842
524826
549809
574793
599777
624761
649744
674728
699712
724696
749679
774663
799647
824631
849614
874598
899582
924566
949549
974533
999517
1024501
1049484
1074468
1099452
1124436
1149419
1174403
1199387
1224371
-5519
-4368
-3710
-3187
-2708
-2260
-1841
-1452
-1084
-750
-456
-201
12
189
319
413
483
533
563
588
603
613
623
643
638
643
653
648
648
653
648
653
658
653
663
668
658
663
663
663
663
663
658
663
658
658
663
653
658
658
628
603
588
573
563
553
543
528
528
513
513
503
498
488
483
473
468
463
453
448
443
433
423
418
413
398
398
383
378
358
339
324
284
229
149
44
-112
-291
-520
-780
-1079
-1403
-1766
-2145
-2544
-2972
-3411
-3874
-4353
-4856