1199387
1174403
1149419
1124436
1099452
1074468
1049484
1024501
999517
974533
949549
924566
899582
874598
849614
824631
799647
774663
749679
724696
699712
674728
649744
624761
599777
574793
549809
524826
499842
474858
449874
424891
399907
374923
349939
324956
299972
274988
250004
225021
200037
175053
150069
125086
100102
75118
50134
25151
167
-24816
167
25151
50134
75118
100102
125086
150069
175053
200037
225021
250004
274988
299972
324956
349939
374923
399907
424891
449874
474858
499842
524826
549809
574793
599777
624761
649744
674728
699712
724696
749679
774663
799647
824631
849614
874598
899582
924566
949549
974533
999517
1024501
1049484
1074468
1099452
1124436
1149419
1174403
1199387
1224371
-5589
-4408
-3750
-3202
-2723
-2270
-1856
-1462
-1089
-755
-456
-192
22
194
329
423
503
553
578
608
623
628
643
653
658
663
658
668
668
663
678
673
673
678
673
678
678
678
678
678
678
678
673
673
673
673
673
673
673
673
633
618
593
583
573
558
558
553
538
523
523
508
508
498
493
483
478
468
463
453
453
438
438
423
413
418
398
393
383
363
354
324
294
234
154
44
-102
-291
-510
-780
-1084
-1413
-1771
-2160
-2564
-2987
-3431
-3899
-4378
-4881