1199387
1174403
1149419
1124436
1099452
1074468
1049484
1024501
999517
974533
949549
924566
899582
874598
849614
824631
799647
774663
749679
724696
699712
674728
649744
624761
599777
574793
549809
524826
499842
474858
449874
424891
399907
374923
349939
324956
299972
274988
250004
225021
200037
175053
150069
125086
100102
75118
50134
25151
167
-24816
167
25151
50134
75118
100102
125086
150069
175053
200037
225021
250004
274988
299972
324956
349939
374923
399907
424891
449874
474858
499842
524826
549809
574793
599777
624761
649744
674728
699712
724696
749679
774663
799647
824631
849614
874598
899582
924566
949549
974533
999517
1024501
1049484
1074468
1099452
1124436
1149419
1174403
1199387
1224371
-9391
-8729
-7881
-6994
-6087
-5210
-4348
-3526
-2733
-1956
-1208
-496
164
788
1362
1876
2325
2714
3039
3293
3508
3688
3817
3922
4007
4067
4112
4142
4162
4177
4187
4192
4192
4197
4197
4207
4207
4202
4192
4182
4187
4182
4182
4177
4167
4167
4157
4142
4142
4132
3982
3887
3807
3748
3693
3653
3603
3568
3523
3493
3463
3428
3393
3358
3328
3293
3258
3228
3179
3144
3094
3049
2984
2924
2844
2744
2625
2475
2295
2075
1821
1526
1197
823
413
-27
-510
-1029
-1577
-2155
-2748
-3371
-4019
-4682
-5350
-6032
-6725
-7443
-8160
-8883