1199387
1174403
1149419
1124436
1099452
1074468
1049484
1024501
999517
974533
949549
924566
899582
874598
849614
824631
799647
774663
749679
724696
699712
674728
649744
624761
599777
574793
549809
524826
499842
474858
449874
424891
399907
374923
349939
324956
299972
274988
250004
225021
200037
175053
150069
125086
100102
75118
50134
25151
167
-24816
167
25151
50134
75118
100102
125086
150069
175053
200037
225021
250004
274988
299972
324956
349939
374923
399907
424891
449874
474858
499842
524826
549809
574793
599777
624761
649744
674728
699712
724696
749679
774663
799647
824631
849614
874598
899582
924566
949549
974533
999517
1024501
1049484
1074468
1099452
1124436
1149419
1174403
1199387
1224371
-3715
-3421
-3072
-2698
-2330
-1966
-1617
-1263
-924
-605
-296
-17
244
488
703
878
1027
1142
1237
1307
1362
1407
1447
1477
1496
1521
1546
1561
1581
1591
1606
1616
1626
1636
1646
1656
1671
1671
1681
1691
1696
1706
1706
1716
1721
1731
1736
1741
1751
1751
1716
1701
1676
1661
1646
1636
1621
1596
1591
1576
1561
1551
1531
1521
1501
1487
1477
1467
1452
1432
1412
1392
1372
1357
1332
1302
1277
1242
1207
1162
1102
1032
947
838
698
518
314
64
-206
-505
-834
-1178
-1542
-1916
-2315
-2723
-3132
-3565
-4004
-4448