1199387
1174403
1149419
1124436
1099452
1074468
1049484
1024501
999517
974533
949549
924566
899582
874598
849614
824631
799647
774663
749679
724696
699712
674728
649744
624761
599777
574793
549809
524826
499842
474858
449874
424891
399907
374923
349939
324956
299972
274988
250004
225021
200037
175053
150069
125086
100102
75118
50134
25151
167
-24816
167
25151
50134
75118
100102
125086
150069
175053
200037
225021
250004
274988
299972
324956
349939
374923
399907
424891
449874
474858
499842
524826
549809
574793
599777
624761
649744
674728
699712
724696
749679
774663
799647
824631
849614
874598
899582
924566
949549
974533
999517
1024501
1049484
1074468
1099452
1124436
1149419
1174403
1199387
1224371
-8639
-7318
-5833
-4368
-3012
-1801
-715
239
1057
1761
2335
2789
3139
3403
3598
3748
3867
3957
4027
4067
4112
4142
4162
4177
4182
4187
4187
4182
4172
4167
4157
4152
4137
4132
4122
4112
4107
4087
4077
4067
4052
4042
4042
4032
4017
4017
4012
3992
3987
3977
3877
3812
3777
3753
3733
3703
3693
3668
3653
3633
3613
3593
3578
3558
3538
3513
3498
3468
3448
3423
3403
3368
3343
3313
3288
3253
3223
3189
3154
3109
3059
3009
2934
2849
2729
2575
2365
2080
1721
1252
663
-42
-889
-1866
-2977
-4198
-5519
-6920
-8405
-9955