1199387
1174403
1149419
1124436
1099452
1074468
1049484
1024501
999517
974533
949549
924566
899582
874598
849614
824631
799647
774663
749679
724696
699712
674728
649744
624761
599777
574793
549809
524826
499842
474858
449874
424891
399907
374923
349939
324956
299972
274988
250004
225021
200037
175053
150069
125086
100102
75118
50134
25151
167
-24816
167
25151
50134
75118
100102
125086
150069
175053
200037
225021
250004
274988
299972
324956
349939
374923
399907
424891
449874
474858
499842
524826
549809
574793
599777
624761
649744
674728
699712
724696
749679
774663
799647
824631
849614
874598
899582
924566
949549
974533
999517
1024501
1049484
1074468
1099452
1124436
1149419
1174403
1199387
1224371
-4029
-3411
-2972
-2574
-2210
-1881
-1552
-1253
-979
-725
-501
-301
-142
-7
89
174
224
264
284
299
309
319
324
334
329
334
339
344
349
344
344
349
354
349
354
344
354
354
354
358
354
358
363
358
358
363
358
363
363
363
358
349
339
339
334
334
329
319
319
324
314
314
314
304
304
299
299
299
294
284
284
279
274
274
264
259
254
249
244
224
209
184
149
94
22
-77
-206
-361
-550
-760
-999
-1248
-1537
-1831
-2150
-2474
-2828
-3202
-3595
-3994