1199387
1174403
1149419
1124436
1099452
1074468
1049484
1024501
999517
974533
949549
924566
899582
874598
849614
824631
799647
774663
749679
724696
699712
674728
649744
624761
599777
574793
549809
524826
499842
474858
449874
424891
399907
374923
349939
324956
299972
274988
250004
225021
200037
175053
150069
125086
100102
75118
50134
25151
167
-24816
167
25151
50134
75118
100102
125086
150069
175053
200037
225021
250004
274988
299972
324956
349939
374923
399907
424891
449874
474858
499842
524826
549809
574793
599777
624761
649744
674728
699712
724696
749679
774663
799647
824631
849614
874598
899582
924566
949549
974533
999517
1024501
1049484
1074468
1099452
1124436
1149419
1174403
1199387
1224371
-3585
-3346
-3022
-2678
-2330
-1986
-1652
-1318
-1004
-705
-431
-172
69
274
448
593
703
803
873
927
972
997
1037
1052
1077
1097
1102
1117
1132
1147
1162
1162
1177
1182
1192
1202
1212
1212
1222
1232
1237
1247
1257
1257
1267
1272
1277
1287
1287
1292
1267
1252
1237
1227
1207
1207
1182
1177
1162
1147
1147
1127
1117
1102
1097
1077
1072
1057
1047
1032
1012
997
982
957
952
923
908
878
853
813
778
723
653
563
448
299
124
-87
-336
-600
-899
-1218
-1572
-1931
-2310
-2703
-3112
-3526
-3959
-4398