1199387
1174403
1149419
1124436
1099452
1074468
1049484
1024501
999517
974533
949549
924566
899582
874598
849614
824631
799647
774663
749679
724696
699712
674728
649744
624761
599777
574793
549809
524826
499842
474858
449874
424891
399907
374923
349939
324956
299972
274988
250004
225021
200037
175053
150069
125086
100102
75118
50134
25151
167
-24816
167
25151
50134
75118
100102
125086
150069
175053
200037
225021
250004
274988
299972
324956
349939
374923
399907
424891
449874
474858
499842
524826
549809
574793
599777
624761
649744
674728
699712
724696
749679
774663
799647
824631
849614
874598
899582
924566
949549
974533
999517
1024501
1049484
1074468
1099452
1124436
1149419
1174403
1199387
1224371
-4542
-3770
-3266
-2818
-2409
-2031
-1672
-1338
-1024
-745
-491
-271
-92
59
169
249
299
344
378
393
403
408
413
418
433
433
433
438
433
443
443
438
438
443
443
443
443
443
448
448
443
443
448
448
448
448
443
453
448
448
433
413
408
403
398
393
388
378
378
368
368
363
363
354
354
349
344
339
334
324
329
319
314
304
299
299
289
279
279
264
249
229
194
144
64
-37
-167
-336
-535
-765
-1024
-1323
-1632
-1961
-2305
-2673
-3062
-3476
-3904
-4353