1199387
1174403
1149419
1124436
1099452
1074468
1049484
1024501
999517
974533
949549
924566
899582
874598
849614
824631
799647
774663
749679
724696
699712
674728
649744
624761
599777
574793
549809
524826
499842
474858
449874
424891
399907
374923
349939
324956
299972
274988
250004
225021
200037
175053
150069
125086
100102
75118
50134
25151
167
-24816
167
25151
50134
75118
100102
125086
150069
175053
200037
225021
250004
274988
299972
324956
349939
374923
399907
424891
449874
474858
499842
524826
549809
574793
599777
624761
649744
674728
699712
724696
749679
774663
799647
824631
849614
874598
899582
924566
949549
974533
999517
1024501
1049484
1074468
1099452
1124436
1149419
1174403
1199387
1224371
-6197
-4876
-4089
-3486
-2952
-2454
-1991
-1557
-1153
-785
-451
-162
84
279
438
548
638
703
748
778
803
818
823
838
843
848
848
848
853
858
858
858
858
863
858
858
858
853
853
853
858
848
853
848
848
853
848
848
848
843
798
763
743
728
718
703
688
678
668
653
648
633
633
618
608
603
588
583
568
563
553
543
538
528
513
508
493
488
473
458
433
408
368
309
219
94
-72
-271
-520
-809
-1148
-1507
-1901
-2315
-2763
-3217
-3705
-4208
-4722
-5260