1199387
1174403
1149419
1124436
1099452
1074468
1049484
1024501
999517
974533
949549
924566
899582
874598
849614
824631
799647
774663
749679
724696
699712
674728
649744
624761
599777
574793
549809
524826
499842
474858
449874
424891
399907
374923
349939
324956
299972
274988
250004
225021
200037
175053
150069
125086
100102
75118
50134
25151
167
-24816
167
25151
50134
75118
100102
125086
150069
175053
200037
225021
250004
274988
299972
324956
349939
374923
399907
424891
449874
474858
499842
524826
549809
574793
599777
624761
649744
674728
699712
724696
749679
774663
799647
824631
849614
874598
899582
924566
949549
974533
999517
1024501
1049484
1074468
1099452
1124436
1149419
1174403
1199387
1224371
-8415
-8021
-7238
-6366
-5484
-4607
-3740
-2873
-2035
-1213
-416
354
1092
1786
2425
2989
3483
3882
4202
4446
4621
4756
4861
4935
5000
5060
5105
5135
5170
5205
5230
5245
5265
5285
5295
5310
5320
5330
5345
5350
5350
5355
5355
5360
5365
5365
5370
5365
5370
5365
5335
5310
5300
5285
5265
5255
5235
5225
5215
5185
5170
5150
5130
5100
5065
5030
4980
4930
4876
4816
4746
4671
4586
4481
4381
4252
4107
3932
3743
3503
3238
2934
2570
2160
1701
1197
643
59
-560
-1218
-1901
-2599
-3311
-4039
-4772
-5514
-6257
-7004
-7752
-8504