1199387
1174403
1149419
1124436
1099452
1074468
1049484
1024501
999517
974533
949549
924566
899582
874598
849614
824631
799647
774663
749679
724696
699712
674728
649744
624761
599777
574793
549809
524826
499842
474858
449874
424891
399907
374923
349939
324956
299972
274988
250004
225021
200037
175053
150069
125086
100102
75118
50134
25151
167
-24816
167
25151
50134
75118
100102
125086
150069
175053
200037
225021
250004
274988
299972
324956
349939
374923
399907
424891
449874
474858
499842
524826
549809
574793
599777
624761
649744
674728
699712
724696
749679
774663
799647
824631
849614
874598
899582
924566
949549
974533
999517
1024501
1049484
1074468
1099452
1124436
1149419
1174403
1199387
1224371
-3675
-3396
-3047
-2688
-2330
-1976
-1622
-1283
-959
-645
-351
-67
179
413
613
783
918
1032
1117
1177
1232
1272
1312
1337
1357
1377
1402
1417
1427
1442
1457
1462
1472
1482
1492
1506
1516
1521
1526
1536
1536
1546
1551
1561
1566
1571
1571
1581
1591
1596
1561
1546
1526
1516
1506
1496
1472
1462
1447
1432
1422
1412
1387
1382
1367
1357
1342
1332
1312
1302
1277
1267
1242
1222
1202
1172
1152
1127
1097
1047
997
937
853
748
618
448
249
17
-251
-540
-859
-1198
-1557
-1931
-2315
-2713
-3132
-3560
-3994
-4428