1199387
1174403
1149419
1124436
1099452
1074468
1049484
1024501
999517
974533
949549
924566
899582
874598
849614
824631
799647
774663
749679
724696
699712
674728
649744
624761
599777
574793
549809
524826
499842
474858
449874
424891
399907
374923
349939
324956
299972
274988
250004
225021
200037
175053
150069
125086
100102
75118
50134
25151
167
-24816
167
25151
50134
75118
100102
125086
150069
175053
200037
225021
250004
274988
299972
324956
349939
374923
399907
424891
449874
474858
499842
524826
549809
574793
599777
624761
649744
674728
699712
724696
749679
774663
799647
824631
849614
874598
899582
924566
949549
974533
999517
1024501
1049484
1074468
1099452
1124436
1149419
1174403
1199387
1224371
-3725
-3416
-3062
-2688
-2310
-1941
-1577
-1223
-879
-545
-241
54
329
573
793
977
1132
1252
1347
1422
1492
1536
1581
1606
1636
1661
1681
1701
1721
1736
1741
1766
1771
1786
1791
1811
1811
1821
1831
1836
1841
1856
1856
1871
1871
1881
1886
1886
1891
1896
1866
1846
1826
1806
1796
1776
1761
1746
1726
1711
1701
1686
1671
1651
1636
1616
1611
1586
1566
1551
1536
1516
1496
1472
1442
1417
1382
1357
1312
1272
1207
1137
1047
927
783
603
378
124
-152
-461
-790
-1143
-1507
-1891
-2295
-2703
-3122
-3560
-3999
-4453