1199387
1174403
1149419
1124436
1099452
1074468
1049484
1024501
999517
974533
949549
924566
899582
874598
849614
824631
799647
774663
749679
724696
699712
674728
649744
624761
599777
574793
549809
524826
499842
474858
449874
424891
399907
374923
349939
324956
299972
274988
250004
225021
200037
175053
150069
125086
100102
75118
50134
25151
167
-24816
167
25151
50134
75118
100102
125086
150069
175053
200037
225021
250004
274988
299972
324956
349939
374923
399907
424891
449874
474858
499842
524826
549809
574793
599777
624761
649744
674728
699712
724696
749679
774663
799647
824631
849614
874598
899582
924566
949549
974533
999517
1024501
1049484
1074468
1099452
1124436
1149419
1174403
1199387
1224371
-3556
-3311
-2987
-2658
-2305
-1961
-1627
-1303
-989
-695
-416
-157
79
284
463
613
738
828
903
957
1002
1037
1072
1092
1107
1132
1147
1167
1177
1182
1197
1207
1217
1227
1237
1247
1247
1257
1262
1272
1272
1287
1292
1302
1307
1312
1312
1322
1327
1332
1302
1287
1272
1267
1247
1237
1227
1212
1202
1192
1182
1162
1157
1137
1127
1112
1102
1092
1077
1062
1042
1037
1017
1002
982
962
937
908
888
843
803
743
673
583
473
324
144
-72
-311
-585
-879
-1203
-1552
-1911
-2280
-2673
-3082
-3496
-3919
-4353