1199387
1174403
1149419
1124436
1099452
1074468
1049484
1024501
999517
974533
949549
924566
899582
874598
849614
824631
799647
774663
749679
724696
699712
674728
649744
624761
599777
574793
549809
524826
499842
474858
449874
424891
399907
374923
349939
324956
299972
274988
250004
225021
200037
175053
150069
125086
100102
75118
50134
25151
167
-24816
167
25151
50134
75118
100102
125086
150069
175053
200037
225021
250004
274988
299972
324956
349939
374923
399907
424891
449874
474858
499842
524826
549809
574793
599777
624761
649744
674728
699712
724696
749679
774663
799647
824631
849614
874598
899582
924566
949549
974533
999517
1024501
1049484
1074468
1099452
1124436
1149419
1174403
1199387
1224371
-3177
-2768
-2354
-1921
-1472
-1054
-610
-177
239
653
1052
1432
1801
2145
2470
2774
3049
3308
3548
3758
3962
4132
4287
4411
4531
4636
4736
4816
4891
4950
5010
5055
5115
5160
5200
5240
5280
5310
5355
5375
5415
5440
5460
5484
5499
5514
5539
5554
5579
5594
5499
5430
5355
5300
5245
5185
5120
5075
5020
4955
4896
4841
4786
4721
4661
4591
4536
4466
4396
4317
4237
4152
4052
3952
3842
3738
3603
3478
3333
3184
3004
2819
2610
2375
2120
1841
1541
1227
893
543
174
-206
-610
-1014
-1432
-1866
-2305
-2748
-3192
-3650