1199387
1174403
1149419
1124436
1099452
1074468
1049484
1024501
999517
974533
949549
924566
899582
874598
849614
824631
799647
774663
749679
724696
699712
674728
649744
624761
599777
574793
549809
524826
499842
474858
449874
424891
399907
374923
349939
324956
299972
274988
250004
225021
200037
175053
150069
125086
100102
75118
50134
25151
167
-24816
167
25151
50134
75118
100102
125086
150069
175053
200037
225021
250004
274988
299972
324956
349939
374923
399907
424891
449874
474858
499842
524826
549809
574793
599777
624761
649744
674728
699712
724696
749679
774663
799647
824631
849614
874598
899582
924566
949549
974533
999517
1024501
1049484
1074468
1099452
1124436
1149419
1174403
1199387
1224371
-5654
-4453
-3780
-3237
-2743
-2290
-1861
-1467
-1094
-750
-451
-192
27
209
349
438
513
563
598
623
638
648
663
663
673
673
683
678
683
683
688
688
693
693
698
698
693
693
693
698
693
693
693
688
693
698
698
688
693
693
653
628
608
598
588
578
563
558
543
538
528
528
513
508
498
493
488
478
478
468
458
453
443
438
428
423
413
398
393
373
358
339
294
244
164
49
-92
-286
-515
-775
-1089
-1422
-1781
-2165
-2579
-3007
-3451
-3919
-4403
-4906