1199387
1174403
1149419
1124436
1099452
1074468
1049484
1024501
999517
974533
949549
924566
899582
874598
849614
824631
799647
774663
749679
724696
699712
674728
649744
624761
599777
574793
549809
524826
499842
474858
449874
424891
399907
374923
349939
324956
299972
274988
250004
225021
200037
175053
150069
125086
100102
75118
50134
25151
167
-24816
167
25151
50134
75118
100102
125086
150069
175053
200037
225021
250004
274988
299972
324956
349939
374923
399907
424891
449874
474858
499842
524826
549809
574793
599777
624761
649744
674728
699712
724696
749679
774663
799647
824631
849614
874598
899582
924566
949549
974533
999517
1024501
1049484
1074468
1099452
1124436
1149419
1174403
1199387
1224371
-8375
-7851
-7034
-6177
-5290
-4413
-3546
-2688
-1846
-1019
-221
553
1292
1986
2620
3174
3653
4037
4331
4546
4711
4831
4920
4995
5050
5105
5140
5175
5205
5230
5250
5275
5300
5315
5335
5345
5355
5360
5370
5380
5385
5385
5395
5400
5405
5415
5410
5405
5415
5410
5385
5370
5355
5350
5335
5315
5305
5290
5280
5260
5240
5220
5200
5175
5145
5100
5070
5020
4965
4910
4846
4771
4696
4596
4486
4366
4232
4062
3877
3653
3393
3094
2734
2330
1881
1367
818
234
-386
-1049
-1736
-2429
-3152
-3879
-4617
-5355
-6102
-6845
-7592
-8340