1199387
1174403
1149419
1124436
1099452
1074468
1049484
1024501
999517
974533
949549
924566
899582
874598
849614
824631
799647
774663
749679
724696
699712
674728
649744
624761
599777
574793
549809
524826
499842
474858
449874
424891
399907
374923
349939
324956
299972
274988
250004
225021
200037
175053
150069
125086
100102
75118
50134
25151
167
-24816
167
25151
50134
75118
100102
125086
150069
175053
200037
225021
250004
274988
299972
324956
349939
374923
399907
424891
449874
474858
499842
524826
549809
574793
599777
624761
649744
674728
699712
724696
749679
774663
799647
824631
849614
874598
899582
924566
949549
974533
999517
1024501
1049484
1074468
1099452
1124436
1149419
1174403
1199387
1224371
-3710
-3421
-3067
-2703
-2335
-1976
-1617
-1273
-939
-620
-316
-32
234
468
678
848
992
1107
1202
1267
1322
1367
1402
1437
1467
1482
1506
1521
1536
1551
1561
1576
1581
1601
1601
1606
1621
1631
1636
1641
1646
1656
1661
1676
1676
1681
1686
1696
1706
1696
1676
1656
1636
1616
1606
1591
1576
1561
1551
1541
1521
1506
1496
1477
1472
1452
1437
1427
1402
1392
1372
1357
1337
1317
1292
1272
1237
1207
1167
1132
1077
1002
923
808
673
493
294
49
-221
-530
-844
-1188
-1547
-1926
-2320
-2728
-3147
-3575
-4019
-4463