1199387
1174403
1149419
1124436
1099452
1074468
1049484
1024501
999517
974533
949549
924566
899582
874598
849614
824631
799647
774663
749679
724696
699712
674728
649744
624761
599777
574793
549809
524826
499842
474858
449874
424891
399907
374923
349939
324956
299972
274988
250004
225021
200037
175053
150069
125086
100102
75118
50134
25151
167
-24816
167
25151
50134
75118
100102
125086
150069
175053
200037
225021
250004
274988
299972
324956
349939
374923
399907
424891
449874
474858
499842
524826
549809
574793
599777
624761
649744
674728
699712
724696
749679
774663
799647
824631
849614
874598
899582
924566
949549
974533
999517
1024501
1049484
1074468
1099452
1124436
1149419
1174403
1199387
1224371
-3396
-3182
-2878
-2554
-2230
-1906
-1577
-1278
-969
-690
-416
-177
44
244
408
548
658
748
813
868
913
937
967
992
1002
1027
1037
1052
1067
1077
1087
1102
1112
1117
1127
1142
1142
1147
1157
1162
1172
1177
1182
1187
1202
1197
1212
1212
1222
1227
1202
1187
1172
1162
1147
1137
1122
1107
1092
1092
1082
1067
1052
1047
1032
1017
1012
992
987
972
957
942
923
903
888
873
848
823
798
758
723
673
608
523
408
269
104
-102
-326
-590
-874
-1178
-1507
-1856
-2220
-2589
-2987
-3381
-3790
-4208