1199387
1174403
1149419
1124436
1099452
1074468
1049484
1024501
999517
974533
949549
924566
899582
874598
849614
824631
799647
774663
749679
724696
699712
674728
649744
624761
599777
574793
549809
524826
499842
474858
449874
424891
399907
374923
349939
324956
299972
274988
250004
225021
200037
175053
150069
125086
100102
75118
50134
25151
167
-24816
167
25151
50134
75118
100102
125086
150069
175053
200037
225021
250004
274988
299972
324956
349939
374923
399907
424891
449874
474858
499842
524826
549809
574793
599777
624761
649744
674728
699712
724696
749679
774663
799647
824631
849614
874598
899582
924566
949549
974533
999517
1024501
1049484
1074468
1099452
1124436
1149419
1174403
1199387
1224371
-3017
-2673
-2300
-1876
-1492
-1099
-730
-346
7
363
713
1037
1347
1641
1911
2150
2375
2560
2739
2879
2994
3094
3174
3243
3303
3353
3398
3358
3393
3433
3468
3493
3523
3553
3573
3593
3613
3653
3668
3683
3703
3713
3718
3738
3743
3753
3758
3772
3777
3787
3743
3693
3653
3618
3583
3548
3523
3493
3458
3428
3393
3368
3333
3298
3268
3238
3203
3174
3134
3104
3059
2984
2929
2889
2834
2774
2704
2639
2570
2475
2380
2265
2215
2041
1836
1601
1332
1042
723
393
44
-376
-750
-1133
-1527
-1936
-2349
-2768
-3202
-3630