1199387
1174403
1149419
1124436
1099452
1074468
1049484
1024501
999517
974533
949549
924566
899582
874598
849614
824631
799647
774663
749679
724696
699712
674728
649744
624761
599777
574793
549809
524826
499842
474858
449874
424891
399907
374923
349939
324956
299972
274988
250004
225021
200037
175053
150069
125086
100102
75118
50134
25151
167
-24816
167
25151
50134
75118
100102
125086
150069
175053
200037
225021
250004
274988
299972
324956
349939
374923
399907
424891
449874
474858
499842
524826
549809
574793
599777
624761
649744
674728
699712
724696
749679
774663
799647
824631
849614
874598
899582
924566
949549
974533
999517
1024501
1049484
1074468
1099452
1124436
1149419
1174403
1199387
1224371
-9192
-8654
-7817
-6890
-5963
-5046
-4144
-3276
-2429
-1602
-814
-47
663
1357
1976
2550
3039
3453
3797
4072
4282
4451
4576
4671
4751
4811
4856
4891
4915
4940
4955
4965
4990
4995
5005
5005
5015
5015
5020
5020
5025
5030
5025
5020
5020
5025
5015
5010
5005
5005
4915
4851
4806
4761
4721
4686
4661
4626
4591
4566
4536
4511
4481
4451
4416
4381
4336
4297
4247
4202
4132
4062
3982
3882
3767
3633
3468
3273
3049
2784
2485
2135
1756
1337
868
373
-152
-720
-1308
-1936
-2584
-3247
-3934
-4627
-5340
-6057
-6785
-7523
-8265
-9018