1199387
1174403
1149419
1124436
1099452
1074468
1049484
1024501
999517
974533
949549
924566
899582
874598
849614
824631
799647
774663
749679
724696
699712
674728
649744
624761
599777
574793
549809
524826
499842
474858
449874
424891
399907
374923
349939
324956
299972
274988
250004
225021
200037
175053
150069
125086
100102
75118
50134
25151
167
-24816
167
25151
50134
75118
100102
125086
150069
175053
200037
225021
250004
274988
299972
324956
349939
374923
399907
424891
449874
474858
499842
524826
549809
574793
599777
624761
649744
674728
699712
724696
749679
774663
799647
824631
849614
874598
899582
924566
949549
974533
999517
1024501
1049484
1074468
1099452
1124436
1149419
1174403
1199387
1224371
-4886
-3959
-3406
-2928
-2499
-2100
-1717
-1368
-1044
-740
-471
-241
-47
99
229
304
358
408
433
458
468
483
483
488
498
498
498
503
508
508
508
513
513
513
508
518
518
513
508
518
518
518
508
513
518
513
518
523
513
513
498
478
463
458
448
443
438
428
423
413
408
408
398
398
393
388
378
378
373
363
354
354
349
344
334
329
319
319
304
294
279
259
219
174
94
-7
-142
-316
-525
-765
-1039
-1343
-1667
-2006
-2374
-2758
-3162
-3590
-4024
-4492