1199387
1174403
1149419
1124436
1099452
1074468
1049484
1024501
999517
974533
949549
924566
899582
874598
849614
824631
799647
774663
749679
724696
699712
674728
649744
624761
599777
574793
549809
524826
499842
474858
449874
424891
399907
374923
349939
324956
299972
274988
250004
225021
200037
175053
150069
125086
100102
75118
50134
25151
167
-24816
167
25151
50134
75118
100102
125086
150069
175053
200037
225021
250004
274988
299972
324956
349939
374923
399907
424891
449874
474858
499842
524826
549809
574793
599777
624761
649744
674728
699712
724696
749679
774663
799647
824631
849614
874598
899582
924566
949549
974533
999517
1024501
1049484
1074468
1099452
1124436
1149419
1174403
1199387
1224371
-3247
-2923
-2559
-2190
-1816
-1462
-1094
-720
-381
-42
284
583
883
1152
1397
1616
1811
1996
2135
2255
2345
2430
2495
2550
2595
2639
2669
2714
2749
2764
2794
2814
2839
2859
2879
2889
2899
2929
2934
2944
2979
2989
3004
3009
3014
3024
3034
3034
3044
3049
3004
2974
2939
2919
2884
2859
2834
2814
2779
2734
2709
2684
2659
2634
2605
2580
2555
2525
2505
2475
2435
2400
2365
2325
2290
2240
2190
2130
2075
1996
1916
1811
1661
1506
1327
1102
868
598
319
2
-326
-675
-1034
-1403
-1796
-2185
-2584
-2997
-3416
-3815