1199387
1174403
1149419
1124436
1099452
1074468
1049484
1024501
999517
974533
949549
924566
899582
874598
849614
824631
799647
774663
749679
724696
699712
674728
649744
624761
599777
574793
549809
524826
499842
474858
449874
424891
399907
374923
349939
324956
299972
274988
250004
225021
200037
175053
150069
125086
100102
75118
50134
25151
167
-24816
167
25151
50134
75118
100102
125086
150069
175053
200037
225021
250004
274988
299972
324956
349939
374923
399907
424891
449874
474858
499842
524826
549809
574793
599777
624761
649744
674728
699712
724696
749679
774663
799647
824631
849614
874598
899582
924566
949549
974533
999517
1024501
1049484
1074468
1099452
1124436
1149419
1174403
1199387
1224371
-8519
-6974
-5574
-4353
-3197
-2115
-1099
-196
578
1232
1756
2150
2440
2629
2764
2844
2909
2939
2964
2984
2984
2989
2989
2984
2984
2979
2974
2969
2964
2959
2959
2944
2939
2934
2934
2919
2914
2909
2909
2904
2899
2889
2889
2884
2879
2879
2874
2874
2874
2874
2814
2789
2774
2764
2754
2744
2739
2729
2714
2709
2699
2684
2679
2674
2659
2644
2634
2629
2610
2605
2590
2575
2555
2550
2530
2510
2495
2470
2450
2435
2415
2375
2345
2295
2230
2135
2011
1806
1526
1137
598
-87
-944
-1961
-3122
-4408
-5798
-7283
-8838
-10169