1199387
1174403
1149419
1124436
1099452
1074468
1049484
1024501
999517
974533
949549
924566
899582
874598
849614
824631
799647
774663
749679
724696
699712
674728
649744
624761
599777
574793
549809
524826
499842
474858
449874
424891
399907
374923
349939
324956
299972
274988
250004
225021
200037
175053
150069
125086
100102
75118
50134
25151
167
-24816
167
25151
50134
75118
100102
125086
150069
175053
200037
225021
250004
274988
299972
324956
349939
374923
399907
424891
449874
474858
499842
524826
549809
574793
599777
624761
649744
674728
699712
724696
749679
774663
799647
824631
849614
874598
899582
924566
949549
974533
999517
1024501
1049484
1074468
1099452
1124436
1149419
1174403
1199387
1224371
-2962
-2634
-2280
-1906
-1532
-1163
-800
-441
-92
249
573
888
1192
1477
1741
1981
2200
2380
2545
2684
2799
2899
2974
3044
3104
3154
3203
3238
3283
3313
3338
3368
3393
3413
3438
3468
3478
3493
3508
3518
3533
3553
3563
3578
3593
3603
3608
3623
3628
3638
3588
3543
3508
3468
3438
3403
3373
3338
3313
3273
3243
3213
3179
3159
3119
3094
3059
3014
2979
2939
2904
2864
2819
2774
2729
2669
2615
2540
2470
2390
2295
2175
2036
1866
1676
1432
1182
903
588
264
-57
-416
-770
-1158
-1532
-1926
-2325
-2728
-3137
-3556