1199387
1174403
1149419
1124436
1099452
1074468
1049484
1024501
999517
974533
949549
924566
899582
874598
849614
824631
799647
774663
749679
724696
699712
674728
649744
624761
599777
574793
549809
524826
499842
474858
449874
424891
399907
374923
349939
324956
299972
274988
250004
225021
200037
175053
150069
125086
100102
75118
50134
25151
167
-24816
167
25151
50134
75118
100102
125086
150069
175053
200037
225021
250004
274988
299972
324956
349939
374923
399907
424891
449874
474858
499842
524826
549809
574793
599777
624761
649744
674728
699712
724696
749679
774663
799647
824631
849614
874598
899582
924566
949549
974533
999517
1024501
1049484
1074468
1099452
1124436
1149419
1174403
1199387
1224371
-8016
-7039
-6122
-5270
-4477
-3755
-3097
-2489
-1901
-1358
-849
-376
49
418
753
1032
1272
1472
1636
1761
1861
1936
1996
2036
2060
2080
2090
2095
2100
2095
2095
2100
2095
2085
2080
2080
2070
2070
2060
2056
2046
2036
2026
2021
2011
2006
1991
1991
1986
1976
1836
1756
1691
1636
1601
1571
1536
1516
1482
1457
1437
1417
1392
1367
1357
1327
1302
1287
1267
1242
1222
1207
1182
1157
1137
1112
1082
1047
1002
947
883
773
648
483
284
27
-261
-595
-989
-1408
-1861
-2349
-2863
-3396
-3949
-4527
-5120
-5723
-6341
-6969