1199387
1174403
1149419
1124436
1099452
1074468
1049484
1024501
999517
974533
949549
924566
899582
874598
849614
824631
799647
774663
749679
724696
699712
674728
649744
624761
599777
574793
549809
524826
499842
474858
449874
424891
399907
374923
349939
324956
299972
274988
250004
225021
200037
175053
150069
125086
100102
75118
50134
25151
167
-24816
167
25151
50134
75118
100102
125086
150069
175053
200037
225021
250004
274988
299972
324956
349939
374923
399907
424891
449874
474858
499842
524826
549809
574793
599777
624761
649744
674728
699712
724696
749679
774663
799647
824631
849614
874598
899582
924566
949549
974533
999517
1024501
1049484
1074468
1099452
1124436
1149419
1174403
1199387
1224371
-3301
-2977
-2624
-2255
-1881
-1517
-1158
-800
-461
-122
189
493
783
1052
1292
1516
1706
1866
2006
2115
2200
2275
2340
2380
2430
2465
2500
2535
2555
2575
2605
2620
2639
2649
2669
2679
2689
2704
2719
2729
2739
2744
2754
2759
2769
2789
2789
2794
2804
2804
2764
2729
2704
2674
2659
2629
2605
2585
2565
2535
2510
2490
2475
2460
2435
2410
2380
2350
2320
2295
2270
2240
2205
2180
2140
2090
2060
2001
1941
1881
1796
1701
1581
1442
1262
1042
803
528
239
-72
-411
-755
-1109
-1477
-1871
-2260
-2663
-3077
-3496
-3919