1199387
1174403
1149419
1124436
1099452
1074468
1049484
1024501
999517
974533
949549
924566
899582
874598
849614
824631
799647
774663
749679
724696
699712
674728
649744
624761
599777
574793
549809
524826
499842
474858
449874
424891
399907
374923
349939
324956
299972
274988
250004
225021
200037
175053
150069
125086
100102
75118
50134
25151
167
-24816
167
25151
50134
75118
100102
125086
150069
175053
200037
225021
250004
274988
299972
324956
349939
374923
399907
424891
449874
474858
499842
524826
549809
574793
599777
624761
649744
674728
699712
724696
749679
774663
799647
824631
849614
874598
899582
924566
949549
974533
999517
1024501
1049484
1074468
1099452
1124436
1149419
1174403
1199387
1224371
-4293
-3600
-3127
-2718
-2325
-1961
-1627
-1303
-1009
-735
-505
-301
-117
22
129
204
259
299
329
344
354
358
363
373
378
378
388
383
388
388
388
393
388
393
393
393
393
398
403
398
398
398
398
403
403
398
403
398
398
403
388
378
373
368
363
354
354
354
349
349
339
334
329
334
329
329
324
314
309
304
299
299
294
294
284
274
269
269
254
244
229
204
164
119
44
-62
-196
-356
-555
-765
-1019
-1293
-1587
-1906
-2235
-2594
-2962
-3356
-3770
-4203