1199387
1174403
1149419
1124436
1099452
1074468
1049484
1024501
999517
974533
949549
924566
899582
874598
849614
824631
799647
774663
749679
724696
699712
674728
649744
624761
599777
574793
549809
524826
499842
474858
449874
424891
399907
374923
349939
324956
299972
274988
250004
225021
200037
175053
150069
125086
100102
75118
50134
25151
167
-24816
167
25151
50134
75118
100102
125086
150069
175053
200037
225021
250004
274988
299972
324956
349939
374923
399907
424891
449874
474858
499842
524826
549809
574793
599777
624761
649744
674728
699712
724696
749679
774663
799647
824631
849614
874598
899582
924566
949549
974533
999517
1024501
1049484
1074468
1099452
1124436
1149419
1174403
1199387
1224371
-4622
-3800
-3276
-2838
-2419
-2031
-1672
-1333
-1019
-735
-481
-266
-77
69
184
259
324
363
388
403
418
423
433
438
443
448
453
453
458
458
458
468
468
463
463
463
463
473
468
468
463
468
468
468
463
468
473
468
468
463
453
428
423
413
413
408
403
393
383
383
383
373
373
368
368
358
349
344
349
339
339
334
319
319
319
309
299
294
289
274
259
234
199
149
74
-27
-162
-331
-530
-770
-1029
-1313
-1627
-1961
-2310
-2678
-3072
-3486
-3909
-4363