1199387
1174403
1149419
1124436
1099452
1074468
1049484
1024501
999517
974533
949549
924566
899582
874598
849614
824631
799647
774663
749679
724696
699712
674728
649744
624761
599777
574793
549809
524826
499842
474858
449874
424891
399907
374923
349939
324956
299972
274988
250004
225021
200037
175053
150069
125086
100102
75118
50134
25151
167
-24816
167
25151
50134
75118
100102
125086
150069
175053
200037
225021
250004
274988
299972
324956
349939
374923
399907
424891
449874
474858
499842
524826
549809
574793
599777
624761
649744
674728
699712
724696
749679
774663
799647
824631
849614
874598
899582
924566
949549
974533
999517
1024501
1049484
1074468
1099452
1124436
1149419
1174403
1199387
1224371
-3695
-3396
-3037
-2668
-2305
-1931
-1577
-1233
-889
-570
-266
22
289
533
748
937
1087
1212
1307
1392
1447
1496
1536
1566
1601
1621
1641
1661
1681
1691
1706
1721
1726
1741
1746
1761
1766
1776
1786
1791
1796
1811
1816
1816
1821
1826
1836
1846
1846
1851
1826
1801
1786
1761
1751
1726
1711
1701
1686
1671
1656
1641
1621
1606
1591
1581
1561
1546
1531
1511
1496
1477
1457
1427
1412
1382
1347
1312
1277
1227
1167
1097
1012
888
743
563
349
99
-172
-476
-800
-1143
-1502
-1886
-2275
-2673
-3087
-3516
-3944
-4388