1199387
1174403
1149419
1124436
1099452
1074468
1049484
1024501
999517
974533
949549
924566
899582
874598
849614
824631
799647
774663
749679
724696
699712
674728
649744
624761
599777
574793
549809
524826
499842
474858
449874
424891
399907
374923
349939
324956
299972
274988
250004
225021
200037
175053
150069
125086
100102
75118
50134
25151
167
-24816
167
25151
50134
75118
100102
125086
150069
175053
200037
225021
250004
274988
299972
324956
349939
374923
399907
424891
449874
474858
499842
524826
549809
574793
599777
624761
649744
674728
699712
724696
749679
774663
799647
824631
849614
874598
899582
924566
949549
974533
999517
1024501
1049484
1074468
1099452
1124436
1149419
1174403
1199387
1224371
-2404
-2085
-1766
-1398
-1074
-760
-426
-112
119
523
818
1107
1327
1686
1956
2200
2430
2644
2844
3029
3194
3343
3478
3593
3678
3767
3847
3927
3987
4047
4107
4142
4182
4227
4277
4312
4336
4366
4396
4426
4451
4471
4486
4501
4521
4536
4556
4571
4586
4596
4531
4471
4426
4371
4322
4287
4242
4207
4162
4117
4072
4027
3992
3937
3882
3837
3782
3738
3693
3643
3578
3503
3423
3353
3268
3184
3089
2994
2874
2744
2600
2435
2260
2051
1841
1601
1342
1027
783
483
189
-122
-431
-760
-1094
-1432
-1781
-2130
-2464
-2823