1199387
1174403
1149419
1124436
1099452
1074468
1049484
1024501
999517
974533
949549
924566
899582
874598
849614
824631
799647
774663
749679
724696
699712
674728
649744
624761
599777
574793
549809
524826
499842
474858
449874
424891
399907
374923
349939
324956
299972
274988
250004
225021
200037
175053
150069
125086
100102
75118
50134
25151
167
-24816
167
25151
50134
75118
100102
125086
150069
175053
200037
225021
250004
274988
299972
324956
349939
374923
399907
424891
449874
474858
499842
524826
549809
574793
599777
624761
649744
674728
699712
724696
749679
774663
799647
824631
849614
874598
899582
924566
949549
974533
999517
1024501
1049484
1074468
1099452
1124436
1149419
1174403
1199387
1224371
-3446
-3207
-2888
-2564
-2230
-1896
-1567
-1253
-944
-650
-376
-122
114
329
508
658
788
888
962
1022
1077
1112
1142
1167
1192
1212
1222
1242
1252
1262
1282
1292
1302
1307
1317
1317
1332
1342
1352
1352
1357
1367
1377
1382
1387
1392
1402
1397
1407
1417
1397
1372
1357
1347
1327
1312
1302
1292
1282
1272
1257
1247
1232
1217
1212
1197
1187
1167
1152
1142
1127
1107
1092
1072
1057
1037
1012
977
947
918
873
813
738
638
518
363
174
-42
-291
-560
-859
-1173
-1507
-1856
-2225
-2599
-2987
-3391
-3800
-4213