1199387
1174403
1149419
1124436
1099452
1074468
1049484
1024501
999517
974533
949549
924566
899582
874598
849614
824631
799647
774663
749679
724696
699712
674728
649744
624761
599777
574793
549809
524826
499842
474858
449874
424891
399907
374923
349939
324956
299972
274988
250004
225021
200037
175053
150069
125086
100102
75118
50134
25151
167
-24816
167
25151
50134
75118
100102
125086
150069
175053
200037
225021
250004
274988
299972
324956
349939
374923
399907
424891
449874
474858
499842
524826
549809
574793
599777
624761
649744
674728
699712
724696
749679
774663
799647
824631
849614
874598
899582
924566
949549
974533
999517
1024501
1049484
1074468
1099452
1124436
1149419
1174403
1199387
1224371
-3755
-3441
-3067
-2688
-2310
-1936
-1567
-1208
-864
-535
-216
84
349
608
823
1017
1167
1292
1397
1472
1536
1586
1626
1661
1686
1716
1736
1756
1771
1786
1801
1806
1826
1841
1846
1856
1871
1876
1881
1896
1901
1906
1911
1921
1926
1936
1941
1946
1946
1961
1931
1906
1886
1861
1846
1826
1816
1796
1781
1771
1756
1736
1721
1706
1686
1671
1661
1641
1621
1601
1581
1561
1536
1521
1492
1462
1432
1392
1352
1307
1247
1177
1082
962
808
623
403
154
-127
-441
-770
-1128
-1497
-1886
-2290
-2708
-3137
-3570
-4024
-4477