1199387
1174403
1149419
1124436
1099452
1074468
1049484
1024501
999517
974533
949549
924566
899582
874598
849614
824631
799647
774663
749679
724696
699712
674728
649744
624761
599777
574793
549809
524826
499842
474858
449874
424891
399907
374923
349939
324956
299972
274988
250004
225021
200037
175053
150069
125086
100102
75118
50134
25151
167
-24816
167
25151
50134
75118
100102
125086
150069
175053
200037
225021
250004
274988
299972
324956
349939
374923
399907
424891
449874
474858
499842
524826
549809
574793
599777
624761
649744
674728
699712
724696
749679
774663
799647
824631
849614
874598
899582
924566
949549
974533
999517
1024501
1049484
1074468
1099452
1124436
1149419
1174403
1199387
1224371
-9411
-8798
-7961
-7054
-6147
-5250
-4378
-3531
-2708
-1911
-1143
-401
284
942
1541
2085
2565
2974
3308
3588
3812
3992
4127
4242
4322
4386
4436
4471
4491
4511
4531
4531
4541
4546
4546
4546
4551
4551
4551
4556
4556
4551
4546
4536
4536
4526
4521
4516
4516
4506
4381
4282
4212
4157
4112
4067
4032
3992
3962
3927
3892
3857
3827
3792
3753
3728
3693
3653
3618
3568
3518
3463
3388
3308
3208
3094
2954
2779
2575
2330
2046
1726
1372
967
533
69
-431
-974
-1547
-2140
-2758
-3396
-4049
-4722
-5404
-6092
-6805
-7528
-8255
-8983