1199387
1174403
1149419
1124436
1099452
1074468
1049484
1024501
999517
974533
949549
924566
899582
874598
849614
824631
799647
774663
749679
724696
699712
674728
649744
624761
599777
574793
549809
524826
499842
474858
449874
424891
399907
374923
349939
324956
299972
274988
250004
225021
200037
175053
150069
125086
100102
75118
50134
25151
167
-24816
167
25151
50134
75118
100102
125086
150069
175053
200037
225021
250004
274988
299972
324956
349939
374923
399907
424891
449874
474858
499842
524826
549809
574793
599777
624761
649744
674728
699712
724696
749679
774663
799647
824631
849614
874598
899582
924566
949549
974533
999517
1024501
1049484
1074468
1099452
1124436
1149419
1174403
1199387
1224371
-3526
-3271
-2952
-2609
-2270
-1931
-1597
-1283
-974
-680
-401
-142
94
309
488
633
758
858
927
987
1037
1072
1102
1127
1152
1167
1182
1202
1207
1222
1237
1242
1247
1267
1262
1272
1292
1297
1297
1307
1322
1322
1332
1337
1337
1342
1347
1357
1362
1362
1342
1327
1312
1297
1282
1267
1262
1247
1237
1222
1202
1197
1187
1177
1167
1147
1137
1122
1107
1097
1087
1062
1047
1032
1012
992
972
942
908
873
833
778
703
613
483
339
154
-57
-301
-575
-874
-1183
-1522
-1881
-2245
-2629
-3022
-3421
-3830
-4258