1199387
1174403
1149419
1124436
1099452
1074468
1049484
1024501
999517
974533
949549
924566
899582
874598
849614
824631
799647
774663
749679
724696
699712
674728
649744
624761
599777
574793
549809
524826
499842
474858
449874
424891
399907
374923
349939
324956
299972
274988
250004
225021
200037
175053
150069
125086
100102
75118
50134
25151
167
-24816
167
25151
50134
75118
100102
125086
150069
175053
200037
225021
250004
274988
299972
324956
349939
374923
399907
424891
449874
474858
499842
524826
549809
574793
599777
624761
649744
674728
699712
724696
749679
774663
799647
824631
849614
874598
899582
924566
949549
974533
999517
1024501
1049484
1074468
1099452
1124436
1149419
1174403
1199387
1224371
-2454
-2125
-1796
-1467
-1123
-795
-471
-127
184
498
833
1122
1407
1691
1981
2230
2435
2669
2884
3004
3218
3338
3453
3563
3658
3728
3787
3857
3912
3967
4007
4052
4082
4117
4157
4177
4207
4227
4257
4272
4297
4312
4322
4341
4356
4366
4381
4391
4401
4411
4351
4292
4247
4207
4162
4127
4082
4047
4012
3967
3932
3892
3852
3812
3767
3723
3678
3638
3583
3523
3453
3388
3348
3278
3213
3129
3044
2959
2839
2739
2610
2460
2275
2085
1881
1631
1357
1087
788
508
199
-152
-456
-834
-1173
-1567
-1916
-2265
-2604
-2972