1199387
1174403
1149419
1124436
1099452
1074468
1049484
1024501
999517
974533
949549
924566
899582
874598
849614
824631
799647
774663
749679
724696
699712
674728
649744
624761
599777
574793
549809
524826
499842
474858
449874
424891
399907
374923
349939
324956
299972
274988
250004
225021
200037
175053
150069
125086
100102
75118
50134
25151
167
-24816
167
25151
50134
75118
100102
125086
150069
175053
200037
225021
250004
274988
299972
324956
349939
374923
399907
424891
449874
474858
499842
524826
549809
574793
599777
624761
649744
674728
699712
724696
749679
774663
799647
824631
849614
874598
899582
924566
949549
974533
999517
1024501
1049484
1074468
1099452
1124436
1149419
1174403
1199387
1224371
-3665
-3386
-3042
-2683
-2325
-1971
-1617
-1278
-949
-630
-341
-67
194
428
623
793
937
1042
1127
1197
1247
1287
1322
1352
1367
1397
1412
1432
1442
1452
1467
1477
1492
1496
1511
1516
1526
1531
1541
1546
1556
1556
1566
1576
1586
1586
1591
1596
1596
1606
1581
1556
1551
1526
1511
1501
1492
1472
1467
1447
1437
1422
1407
1402
1382
1367
1357
1342
1327
1312
1297
1277
1262
1237
1222
1187
1162
1137
1102
1062
1012
947
868
758
633
458
254
12
-246
-555
-859
-1193
-1547
-1931
-2320
-2718
-3137
-3560
-3999
-4438