1199387
1174403
1149419
1124436
1099452
1074468
1049484
1024501
999517
974533
949549
924566
899582
874598
849614
824631
799647
774663
749679
724696
699712
674728
649744
624761
599777
574793
549809
524826
499842
474858
449874
424891
399907
374923
349939
324956
299972
274988
250004
225021
200037
175053
150069
125086
100102
75118
50134
25151
167
-24816
167
25151
50134
75118
100102
125086
150069
175053
200037
225021
250004
274988
299972
324956
349939
374923
399907
424891
449874
474858
499842
524826
549809
574793
599777
624761
649744
674728
699712
724696
749679
774663
799647
824631
849614
874598
899582
924566
949549
974533
999517
1024501
1049484
1074468
1099452
1124436
1149419
1174403
1199387
1224371
-7074
-5823
-4886
-4154
-3511
-2918
-2379
-1871
-1398
-954
-555
-196
114
383
603
783
923
1022
1102
1172
1217
1252
1272
1282
1292
1297
1302
1302
1302
1307
1302
1307
1302
1297
1292
1292
1287
1282
1282
1277
1272
1262
1262
1262
1257
1247
1247
1242
1237
1237
1157
1112
1077
1047
1027
1007
982
967
952
937
927
903
898
888
868
858
843
833
823
803
798
788
768
758
738
723
703
693
668
638
608
568
498
403
274
114
-92
-356
-655
-994
-1383
-1801
-2245
-2718
-3217
-3725
-4258
-4811
-5375
-5958