1199387
1174403
1149419
1124436
1099452
1074468
1049484
1024501
999517
974533
949549
924566
899582
874598
849614
824631
799647
774663
749679
724696
699712
674728
649744
624761
599777
574793
549809
524826
499842
474858
449874
424891
399907
374923
349939
324956
299972
274988
250004
225021
200037
175053
150069
125086
100102
75118
50134
25151
167
-24816
167
25151
50134
75118
100102
125086
150069
175053
200037
225021
250004
274988
299972
324956
349939
374923
399907
424891
449874
474858
499842
524826
549809
574793
599777
624761
649744
674728
699712
724696
749679
774663
799647
824631
849614
874598
899582
924566
949549
974533
999517
1024501
1049484
1074468
1099452
1124436
1149419
1174403
1199387
1224371
-3700
-3381
-3012
-2643
-2255
-1891
-1522
-1163
-814
-491
-172
124
403
648
873
1067
1227
1357
1462
1546
1611
1666
1701
1746
1766
1796
1826
1841
1856
1876
1886
1901
1911
1931
1936
1946
1956
1971
1976
1976
1991
2001
2006
2011
2016
2021
2026
2046
2046
2051
2016
1996
1971
1951
1931
1916
1901
1881
1861
1851
1831
1821
1801
1781
1766
1751
1736
1721
1696
1676
1656
1641
1606
1586
1561
1531
1496
1462
1422
1382
1317
1232
1137
1017
858
678
443
194
-92
-406
-740
-1089
-1457
-1846
-2245
-2658
-3082
-3516
-3954
-4403