1199387
1174403
1149419
1124436
1099452
1074468
1049484
1024501
999517
974533
949549
924566
899582
874598
849614
824631
799647
774663
749679
724696
699712
674728
649744
624761
599777
574793
549809
524826
499842
474858
449874
424891
399907
374923
349939
324956
299972
274988
250004
225021
200037
175053
150069
125086
100102
75118
50134
25151
167
-24816
167
25151
50134
75118
100102
125086
150069
175053
200037
225021
250004
274988
299972
324956
349939
374923
399907
424891
449874
474858
499842
524826
549809
574793
599777
624761
649744
674728
699712
724696
749679
774663
799647
824631
849614
874598
899582
924566
949549
974533
999517
1024501
1049484
1074468
1099452
1124436
1149419
1174403
1199387
1224371
-3406
-3167
-2853
-2524
-2190
-1861
-1547
-1228
-929
-640
-361
-107
124
339
523
683
813
918
992
1057
1107
1147
1182
1207
1227
1252
1262
1277
1297
1302
1317
1327
1342
1347
1357
1362
1372
1382
1387
1397
1407
1407
1417
1422
1427
1432
1442
1442
1452
1452
1432
1412
1397
1377
1367
1362
1337
1332
1317
1307
1292
1282
1272
1257
1242
1232
1222
1207
1197
1172
1157
1142
1132
1112
1092
1067
1042
1007
977
937
898
833
758
658
533
373
184
-37
-276
-550
-839
-1148
-1487
-1821
-2180
-2549
-2928
-3321
-3720
-4124