1199387
1174403
1149419
1124436
1099452
1074468
1049484
1024501
999517
974533
949549
924566
899582
874598
849614
824631
799647
774663
749679
724696
699712
674728
649744
624761
599777
574793
549809
524826
499842
474858
449874
424891
399907
374923
349939
324956
299972
274988
250004
225021
200037
175053
150069
125086
100102
75118
50134
25151
167
-24816
167
25151
50134
75118
100102
125086
150069
175053
200037
225021
250004
274988
299972
324956
349939
374923
399907
424891
449874
474858
499842
524826
549809
574793
599777
624761
649744
674728
699712
724696
749679
774663
799647
824631
849614
874598
899582
924566
949549
974533
999517
1024501
1049484
1074468
1099452
1124436
1149419
1174403
1199387
1224371
-4433
-3705
-3207
-2773
-2374
-2001
-1652
-1323
-1019
-740
-491
-281
-102
39
149
229
289
319
354
368
373
388
398
403
408
413
408
413
418
418
418
418
418
428
418
428
423
428
423
428
423
423
428
428
423
428
423
428
428
433
408
403
398
393
373
378
373
373
363
358
358
354
344
339
339
339
334
329
319
329
309
309
304
299
289
294
284
274
264
254
234
219
179
129
59
-47
-172
-346
-545
-770
-1029
-1318
-1617
-1941
-2290
-2643
-3037
-3431
-3850
-4293