1199387
1174403
1149419
1124436
1099452
1074468
1049484
1024501
999517
974533
949549
924566
899582
874598
849614
824631
799647
774663
749679
724696
699712
674728
649744
624761
599777
574793
549809
524826
499842
474858
449874
424891
399907
374923
349939
324956
299972
274988
250004
225021
200037
175053
150069
125086
100102
75118
50134
25151
167
-24816
167
25151
50134
75118
100102
125086
150069
175053
200037
225021
250004
274988
299972
324956
349939
374923
399907
424891
449874
474858
499842
524826
549809
574793
599777
624761
649744
674728
699712
724696
749679
774663
799647
824631
849614
874598
899582
924566
949549
974533
999517
1024501
1049484
1074468
1099452
1124436
1149419
1174403
1199387
1224371
-5165
-4134
-3541
-3047
-2589
-2170
-1771
-1398
-1059
-740
-461
-226
-22
139
264
354
413
458
483
508
518
533
533
548
553
553
553
558
563
563
568
573
568
568
563
573
573
573
573
578
568
568
578
573
573
573
568
568
568
573
543
528
518
508
498
488
478
468
458
453
453
448
433
433
428
418
413
408
398
393
393
388
378
373
358
354
349
339
334
319
304
279
244
199
119
12
-127
-306
-520
-770
-1049
-1363
-1712
-2075
-2449
-2848
-3271
-3705
-4164
-4637