1199387
1174403
1149419
1124436
1099452
1074468
1049484
1024501
999517
974533
949549
924566
899582
874598
849614
824631
799647
774663
749679
724696
699712
674728
649744
624761
599777
574793
549809
524826
499842
474858
449874
424891
399907
374923
349939
324956
299972
274988
250004
225021
200037
175053
150069
125086
100102
75118
50134
25151
167
-24816
167
25151
50134
75118
100102
125086
150069
175053
200037
225021
250004
274988
299972
324956
349939
374923
399907
424891
449874
474858
499842
524826
549809
574793
599777
624761
649744
674728
699712
724696
749679
774663
799647
824631
849614
874598
899582
924566
949549
974533
999517
1024501
1049484
1074468
1099452
1124436
1149419
1174403
1199387
1224371
-3416
-3172
-2863
-2534
-2210
-1881
-1557
-1248
-939
-650
-381
-122
109
309
493
658
778
873
952
1017
1067
1097
1132
1157
1177
1197
1212
1232
1247
1257
1267
1277
1287
1297
1302
1312
1317
1332
1332
1342
1352
1352
1357
1367
1377
1382
1387
1397
1397
1402
1377
1357
1342
1327
1317
1297
1282
1277
1267
1252
1242
1232
1217
1207
1197
1182
1167
1157
1142
1127
1112
1092
1082
1057
1037
1017
997
977
937
898
853
798
718
628
503
354
164
-47
-291
-560
-849
-1158
-1492
-1836
-2190
-2569
-2948
-3351
-3745
-4159