1199387
1174403
1149419
1124436
1099452
1074468
1049484
1024501
999517
974533
949549
924566
899582
874598
849614
824631
799647
774663
749679
724696
699712
674728
649744
624761
599777
574793
549809
524826
499842
474858
449874
424891
399907
374923
349939
324956
299972
274988
250004
225021
200037
175053
150069
125086
100102
75118
50134
25151
167
-24816
167
25151
50134
75118
100102
125086
150069
175053
200037
225021
250004
274988
299972
324956
349939
374923
399907
424891
449874
474858
499842
524826
549809
574793
599777
624761
649744
674728
699712
724696
749679
774663
799647
824631
849614
874598
899582
924566
949549
974533
999517
1024501
1049484
1074468
1099452
1124436
1149419
1174403
1199387
1224371
-3491
-3247
-2928
-2589
-2250
-1916
-1587
-1273
-964
-670
-391
-137
99
309
488
643
773
873
947
1002
1047
1092
1117
1142
1172
1182
1197
1217
1227
1247
1252
1267
1277
1282
1287
1292
1302
1307
1322
1332
1332
1342
1342
1352
1357
1362
1367
1372
1382
1382
1367
1342
1327
1312
1302
1292
1272
1267
1252
1242
1222
1212
1197
1192
1182
1172
1157
1147
1127
1122
1097
1082
1067
1047
1027
1002
987
952
927
893
843
788
713
623
493
349
164
-52
-301
-570
-869
-1183
-1522
-1866
-2235
-2619
-3012
-3406
-3820
-4243