1199387
1174403
1149419
1124436
1099452
1074468
1049484
1024501
999517
974533
949549
924566
899582
874598
849614
824631
799647
774663
749679
724696
699712
674728
649744
624761
599777
574793
549809
524826
499842
474858
449874
424891
399907
374923
349939
324956
299972
274988
250004
225021
200037
175053
150069
125086
100102
75118
50134
25151
167
-24816
167
25151
50134
75118
100102
125086
150069
175053
200037
225021
250004
274988
299972
324956
349939
374923
399907
424891
449874
474858
499842
524826
549809
574793
599777
624761
649744
674728
699712
724696
749679
774663
799647
824631
849614
874598
899582
924566
949549
974533
999517
1024501
1049484
1074468
1099452
1124436
1149419
1174403
1199387
1224371
-2688
-2330
-1966
-1587
-1208
-854
-491
-132
219
558
888
1207
1506
1811
2135
2380
2620
2844
3044
3218
3388
3523
3648
3758
3852
3937
4012
4087
4142
4197
4257
4297
4331
4381
4411
4441
4471
4496
4521
4546
4566
4581
4606
4626
4636
4651
4656
4676
4686
4701
4631
4581
4526
4476
4436
4386
4336
4292
4252
4197
4172
4122
4082
4032
3992
3937
3887
3837
3782
3713
3648
3598
3523
3448
3368
3283
3189
3079
2979
2854
2709
2530
2360
2155
1916
1681
1422
1142
853
523
209
-132
-471
-869
-1223
-1602
-1986
-2369
-2748
-3137