1199387
1174403
1149419
1124436
1099452
1074468
1049484
1024501
999517
974533
949549
924566
899582
874598
849614
824631
799647
774663
749679
724696
699712
674728
649744
624761
599777
574793
549809
524826
499842
474858
449874
424891
399907
374923
349939
324956
299972
274988
250004
225021
200037
175053
150069
125086
100102
75118
50134
25151
167
-24816
167
25151
50134
75118
100102
125086
150069
175053
200037
225021
250004
274988
299972
324956
349939
374923
399907
424891
449874
474858
499842
524826
549809
574793
599777
624761
649744
674728
699712
724696
749679
774663
799647
824631
849614
874598
899582
924566
949549
974533
999517
1024501
1049484
1074468
1099452
1124436
1149419
1174403
1199387
1224371
-3665
-3386
-3032
-2678
-2325
-1956
-1617
-1268
-944
-635
-336
-57
204
428
638
808
947
1062
1142
1212
1267
1312
1347
1372
1397
1417
1442
1457
1472
1487
1496
1506
1516
1531
1536
1546
1551
1556
1566
1571
1581
1591
1596
1606
1606
1616
1616
1626
1631
1636
1611
1591
1566
1556
1536
1526
1511
1496
1487
1472
1462
1442
1432
1422
1407
1397
1382
1367
1352
1337
1317
1297
1282
1262
1242
1217
1192
1152
1117
1077
1022
957
878
768
628
468
264
22
-241
-535
-849
-1188
-1542
-1921
-2300
-2698
-3112
-3536
-3969
-4403