1199387
1174403
1149419
1124436
1099452
1074468
1049484
1024501
999517
974533
949549
924566
899582
874598
849614
824631
799647
774663
749679
724696
699712
674728
649744
624761
599777
574793
549809
524826
499842
474858
449874
424891
399907
374923
349939
324956
299972
274988
250004
225021
200037
175053
150069
125086
100102
75118
50134
25151
167
-24816
167
25151
50134
75118
100102
125086
150069
175053
200037
225021
250004
274988
299972
324956
349939
374923
399907
424891
449874
474858
499842
524826
549809
574793
599777
624761
649744
674728
699712
724696
749679
774663
799647
824631
849614
874598
899582
924566
949549
974533
999517
1024501
1049484
1074468
1099452
1124436
1149419
1174403
1199387
1224371
-9157
-8415
-7572
-6705
-5838
-5001
-4193
-3421
-2678
-1966
-1283
-630
-22
533
1042
1496
1901
2240
2525
2769
2959
3109
3233
3328
3398
3448
3488
3508
3523
3528
3533
3538
3543
3543
3543
3543
3538
3538
3533
3528
3523
3513
3503
3498
3493
3483
3478
3473
3468
3458
3283
3174
3094
3029
2979
2929
2889
2849
2809
2774
2739
2704
2674
2649
2610
2575
2545
2515
2490
2450
2410
2380
2330
2285
2230
2160
2080
1966
1836
1676
1472
1227
957
638
284
-112
-555
-1029
-1532
-2075
-2639
-3217
-3830
-4453
-5100
-5758
-6421
-7114
-7807
-8514