1199387
1174403
1149419
1124436
1099452
1074468
1049484
1024501
999517
974533
949549
924566
899582
874598
849614
824631
799647
774663
749679
724696
699712
674728
649744
624761
599777
574793
549809
524826
499842
474858
449874
424891
399907
374923
349939
324956
299972
274988
250004
225021
200037
175053
150069
125086
100102
75118
50134
25151
167
-24816
167
25151
50134
75118
100102
125086
150069
175053
200037
225021
250004
274988
299972
324956
349939
374923
399907
424891
449874
474858
499842
524826
549809
574793
599777
624761
649744
674728
699712
724696
749679
774663
799647
824631
849614
874598
899582
924566
949549
974533
999517
1024501
1049484
1074468
1099452
1124436
1149419
1174403
1199387
1224371
-3521
-3182
-2813
-2424
-2050
-1672
-1298
-929
-580
-241
84
383
673
947
1192
1402
1581
1731
1851
1956
2036
2085
2145
2190
2230
2265
2280
2310
2335
2350
2365
2385
2405
2415
2430
2445
2455
2465
2470
2475
2485
2500
2505
2515
2520
2530
2530
2540
2540
2550
2510
2480
2455
2435
2410
2390
2365
2350
2320
2300
2285
2265
2250
2220
2205
2175
2160
2135
2115
2090
2070
2051
2016
1986
1956
1921
1876
1836
1786
1721
1651
1566
1457
1322
1152
942
708
438
139
-182
-515
-874
-1253
-1637
-2035
-2449
-2868
-3301
-3735
-4178