1199387
1174403
1149419
1124436
1099452
1074468
1049484
1024501
999517
974533
949549
924566
899582
874598
849614
824631
799647
774663
749679
724696
699712
674728
649744
624761
599777
574793
549809
524826
499842
474858
449874
424891
399907
374923
349939
324956
299972
274988
250004
225021
200037
175053
150069
125086
100102
75118
50134
25151
167
-24816
167
25151
50134
75118
100102
125086
150069
175053
200037
225021
250004
274988
299972
324956
349939
374923
399907
424891
449874
474858
499842
524826
549809
574793
599777
624761
649744
674728
699712
724696
749679
774663
799647
824631
849614
874598
899582
924566
949549
974533
999517
1024501
1049484
1074468
1099452
1124436
1149419
1174403
1199387
1224371
-4841
-3934
-3381
-2913
-2484
-2085
-1707
-1358
-1034
-730
-476
-246
-52
99
214
299
354
398
423
448
458
473
473
483
488
488
493
498
493
498
503
503
498
503
508
508
508
508
508
513
513
508
513
518
508
508
508
513
513
508
488
473
458
448
443
433
428
428
413
413
408
398
393
398
383
383
373
373
368
354
358
358
344
339
339
324
314
309
304
289
274
249
219
169
94
-2
-147
-311
-520
-760
-1039
-1333
-1652
-1996
-2364
-2748
-3152
-3565
-4004
-4458