1199387
1174403
1149419
1124436
1099452
1074468
1049484
1024501
999517
974533
949549
924566
899582
874598
849614
824631
799647
774663
749679
724696
699712
674728
649744
624761
599777
574793
549809
524826
499842
474858
449874
424891
399907
374923
349939
324956
299972
274988
250004
225021
200037
175053
150069
125086
100102
75118
50134
25151
167
-24816
167
25151
50134
75118
100102
125086
150069
175053
200037
225021
250004
274988
299972
324956
349939
374923
399907
424891
449874
474858
499842
524826
549809
574793
599777
624761
649744
674728
699712
724696
749679
774663
799647
824631
849614
874598
899582
924566
949549
974533
999517
1024501
1049484
1074468
1099452
1124436
1149419
1174403
1199387
1224371
-8275
-7637
-6790
-5903
-5011
-4124
-3242
-2379
-1517
-680
114
883
1621
2300
2914
3443
3882
4237
4486
4681
4816
4915
4990
5040
5095
5130
5165
5195
5220
5250
5270
5295
5310
5325
5345
5340
5360
5375
5380
5395
5400
5410
5415
5420
5425
5425
5430
5430
5425
5430
5415
5405
5390
5380
5370
5360
5345
5330
5320
5310
5295
5275
5255
5230
5195
5155
5130
5085
5035
4980
4920
4851
4771
4691
4581
4471
4331
4182
3997
3787
3528
3233
2889
2485
2041
1541
987
393
-216
-869
-1562
-2255
-2987
-3720
-4443
-5185
-5933
-6675
-7428
-8185