1199387
1174403
1149419
1124436
1099452
1074468
1049484
1024501
999517
974533
949549
924566
899582
874598
849614
824631
799647
774663
749679
724696
699712
674728
649744
624761
599777
574793
549809
524826
499842
474858
449874
424891
399907
374923
349939
324956
299972
274988
250004
225021
200037
175053
150069
125086
100102
75118
50134
25151
167
-24816
167
25151
50134
75118
100102
125086
150069
175053
200037
225021
250004
274988
299972
324956
349939
374923
399907
424891
449874
474858
499842
524826
549809
574793
599777
624761
649744
674728
699712
724696
749679
774663
799647
824631
849614
874598
899582
924566
949549
974533
999517
1024501
1049484
1074468
1099452
1124436
1149419
1174403
1199387
1224371
-6825
-5509
-4597
-3914
-3301
-2743
-2230
-1751
-1298
-879
-505
-172
124
358
558
708
833
923
987
1042
1072
1097
1112
1122
1132
1132
1142
1142
1147
1147
1142
1147
1142
1137
1137
1142
1137
1132
1132
1127
1132
1122
1117
1117
1112
1107
1107
1107
1102
1097
1037
992
957
937
918
898
878
873
853
843
828
818
803
793
773
763
763
743
738
728
713
698
683
673
663
648
633
618
598
583
548
513
453
373
264
119
-72
-306
-595
-919
-1288
-1687
-2115
-2574
-3057
-3546
-4069
-4607
-5150
-5723