1199387
1174403
1149419
1124436
1099452
1074468
1049484
1024501
999517
974533
949549
924566
899582
874598
849614
824631
799647
774663
749679
724696
699712
674728
649744
624761
599777
574793
549809
524826
499842
474858
449874
424891
399907
374923
349939
324956
299972
274988
250004
225021
200037
175053
150069
125086
100102
75118
50134
25151
167
-24816
167
25151
50134
75118
100102
125086
150069
175053
200037
225021
250004
274988
299972
324956
349939
374923
399907
424891
449874
474858
499842
524826
549809
574793
599777
624761
649744
674728
699712
724696
749679
774663
799647
824631
849614
874598
899582
924566
949549
974533
999517
1024501
1049484
1074468
1099452
1124436
1149419
1174403
1199387
1224371
-9337
-8639
-7797
-6900
-6007
-5135
-4298
-3496
-2718
-1961
-1243
-545
99
703
1262
1751
2195
2565
2879
3134
3338
3508
3643
3743
3822
3882
3917
3947
3967
3977
3982
3997
3992
3987
3992
3992
3987
3992
3992
3982
3982
3977
3962
3962
3962
3947
3942
3937
3927
3922
3758
3653
3573
3513
3463
3418
3373
3328
3298
3263
3218
3189
3154
3124
3089
3059
3024
2989
2954
2914
2869
2829
2774
2709
2639
2550
2445
2305
2140
1946
1701
1427
1112
758
363
-67
-540
-1044
-1577
-2150
-2733
-3351
-3979
-4632
-5290
-5968
-6660
-7358
-8066
-8788