1199387
1174403
1149419
1124436
1099452
1074468
1049484
1024501
999517
974533
949549
924566
899582
874598
849614
824631
799647
774663
749679
724696
699712
674728
649744
624761
599777
574793
549809
524826
499842
474858
449874
424891
399907
374923
349939
324956
299972
274988
250004
225021
200037
175053
150069
125086
100102
75118
50134
25151
167
-24816
167
25151
50134
75118
100102
125086
150069
175053
200037
225021
250004
274988
299972
324956
349939
374923
399907
424891
449874
474858
499842
524826
549809
574793
599777
624761
649744
674728
699712
724696
749679
774663
799647
824631
849614
874598
899582
924566
949549
974533
999517
1024501
1049484
1074468
1099452
1124436
1149419
1174403
1199387
1224371
-5778
-4547
-3840
-3286
-2788
-2320
-1881
-1487
-1109
-760
-446
-182
49
224
368
468
538
588
623
653
668
683
693
703
708
708
713
718
723
728
723
723
723
728
733
723
723
728
733
728
723
728
723
733
728
718
728
718
723
723
688
663
643
628
613
603
593
583
568
563
558
543
538
533
528
523
513
503
488
488
483
468
463
453
448
443
428
423
408
393
373
349
309
254
174
59
-92
-281
-520
-795
-1104
-1442
-1811
-2210
-2624
-3067
-3521
-3999
-4482
-4996