1199387
1174403
1149419
1124436
1099452
1074468
1049484
1024501
999517
974533
949549
924566
899582
874598
849614
824631
799647
774663
749679
724696
699712
674728
649744
624761
599777
574793
549809
524826
499842
474858
449874
424891
399907
374923
349939
324956
299972
274988
250004
225021
200037
175053
150069
125086
100102
75118
50134
25151
167
-24816
167
25151
50134
75118
100102
125086
150069
175053
200037
225021
250004
274988
299972
324956
349939
374923
399907
424891
449874
474858
499842
524826
549809
574793
599777
624761
649744
674728
699712
724696
749679
774663
799647
824631
849614
874598
899582
924566
949549
974533
999517
1024501
1049484
1074468
1099452
1124436
1149419
1174403
1199387
1224371
-2594
-2270
-1931
-1597
-1253
-924
-565
-276
64
358
658
972
1252
1516
1781
2026
2245
2450
2644
2799
2944
3084
3189
3293
3373
3463
3538
3613
3658
3713
3777
3817
3872
3897
3932
3962
3992
4017
4047
4072
4097
4127
4147
4162
4187
4197
4212
4227
4252
4277
4217
4167
4122
4077
4042
3992
3952
3917
3872
3837
3792
3753
3703
3658
3613
3563
3523
3463
3403
3348
3293
3223
3169
3094
3019
2849
2744
2659
2575
2465
2365
2230
2060
1896
1696
1447
1212
942
658
363
44
-276
-610
-944
-1288
-1667
-2026
-2394
-2768
-3142