1199387
1174403
1149419
1124436
1099452
1074468
1049484
1024501
999517
974533
949549
924566
899582
874598
849614
824631
799647
774663
749679
724696
699712
674728
649744
624761
599777
574793
549809
524826
499842
474858
449874
424891
399907
374923
349939
324956
299972
274988
250004
225021
200037
175053
150069
125086
100102
75118
50134
25151
167
-24816
167
25151
50134
75118
100102
125086
150069
175053
200037
225021
250004
274988
299972
324956
349939
374923
399907
424891
449874
474858
499842
524826
549809
574793
599777
624761
649744
674728
699712
724696
749679
774663
799647
824631
849614
874598
899582
924566
949549
974533
999517
1024501
1049484
1074468
1099452
1124436
1149419
1174403
1199387
1224371
-4388
-3670
-3187
-2758
-2359
-1991
-1647
-1318
-1019
-745
-496
-286
-112
39
144
224
274
314
344
358
373
378
388
393
393
398
403
398
408
413
408
413
413
413
408
413
413
418
413
413
418
418
418
418
418
418
418
423
423
423
403
398
388
383
378
368
363
358
358
354
349
349
349
339
334
329
324
324
319
314
314
309
304
299
294
289
279
274
264
254
229
214
179
134
54
-57
-182
-341
-545
-770
-1029
-1308
-1602
-1926
-2275
-2639
-3017
-3411
-3830
-4263