1199387
1174403
1149419
1124436
1099452
1074468
1049484
1024501
999517
974533
949549
924566
899582
874598
849614
824631
799647
774663
749679
724696
699712
674728
649744
624761
599777
574793
549809
524826
499842
474858
449874
424891
399907
374923
349939
324956
299972
274988
250004
225021
200037
175053
150069
125086
100102
75118
50134
25151
167
-24816
167
25151
50134
75118
100102
125086
150069
175053
200037
225021
250004
274988
299972
324956
349939
374923
399907
424891
449874
474858
499842
524826
549809
574793
599777
624761
649744
674728
699712
724696
749679
774663
799647
824631
849614
874598
899582
924566
949549
974533
999517
1024501
1049484
1074468
1099452
1124436
1149419
1174403
1199387
1224371
-1781
-1482
-1183
-864
-555
-236
79
403
723
1047
1377
1711
2036
2365
2694
3019
3338
3648
3947
4227
4511
4776
5015
5245
5460
5659
5844
6014
6158
6303
6423
6548
6652
6742
6837
6912
6977
7052
7112
7166
7221
7271
7321
7356
7406
7431
7471
7496
7526
7561
7491
7431
7376
7316
7256
7201
7137
7077
7017
6952
6887
6817
6737
6652
6563
6458
6358
6238
6108
5984
5839
5684
5514
5330
5140
4930
4706
4471
4227
3962
3693
3418
3134
2839
2535
2240
1931
1626
1312
1007
698
398
89
-221
-530
-834
-1143
-1452
-1761
-2075