1199387
1174403
1149419
1124436
1099452
1074468
1049484
1024501
999517
974533
949549
924566
899582
874598
849614
824631
799647
774663
749679
724696
699712
674728
649744
624761
599777
574793
549809
524826
499842
474858
449874
424891
399907
374923
349939
324956
299972
274988
250004
225021
200037
175053
150069
125086
100102
75118
50134
25151
167
-24816
167
25151
50134
75118
100102
125086
150069
175053
200037
225021
250004
274988
299972
324956
349939
374923
399907
424891
449874
474858
499842
524826
549809
574793
599777
624761
649744
674728
699712
724696
749679
774663
799647
824631
849614
874598
899582
924566
949549
974533
999517
1024501
1049484
1074468
1099452
1124436
1149419
1174403
1199387
1224371
-2723
-2354
-1966
-1587
-1208
-844
-471
-92
269
593
937
1262
1561
1856
2130
2390
2634
2864
3079
3268
3433
3578
3698
3822
3917
4002
4082
4162
4217
4277
4331
4371
4421
4456
4496
4526
4561
4586
4611
4641
4671
4691
4706
4726
4751
4756
4776
4791
4801
4816
4746
4691
4631
4576
4526
4476
4431
4386
4336
4297
4247
4197
4152
4092
4047
4002
3942
3887
3832
3767
3703
3623
3558
3468
3393
3308
3213
3109
2999
2879
2719
2560
2380
2165
1941
1656
1402
1137
833
523
199
-162
-496
-879
-1263
-1642
-2031
-2414
-2818
-3207