1199387
1174403
1149419
1124436
1099452
1074468
1049484
1024501
999517
974533
949549
924566
899582
874598
849614
824631
799647
774663
749679
724696
699712
674728
649744
624761
599777
574793
549809
524826
499842
474858
449874
424891
399907
374923
349939
324956
299972
274988
250004
225021
200037
175053
150069
125086
100102
75118
50134
25151
167
-24816
167
25151
50134
75118
100102
125086
150069
175053
200037
225021
250004
274988
299972
324956
349939
374923
399907
424891
449874
474858
499842
524826
549809
574793
599777
624761
649744
674728
699712
724696
749679
774663
799647
824631
849614
874598
899582
924566
949549
974533
999517
1024501
1049484
1074468
1099452
1124436
1149419
1174403
1199387
1224371
-3665
-3356
-2992
-2624
-2245
-1881
-1517
-1168
-824
-496
-187
109
383
633
858
1042
1207
1332
1437
1521
1586
1631
1671
1711
1741
1766
1786
1801
1826
1841
1856
1866
1881
1886
1896
1911
1926
1931
1941
1946
1961
1966
1966
1976
1986
1991
1991
2006
2001
2006
1981
1956
1936
1916
1896
1886
1861
1851
1831
1816
1801
1786
1766
1756
1736
1721
1701
1681
1671
1651
1631
1606
1581
1556
1531
1506
1472
1432
1397
1352
1282
1212
1117
992
838
653
433
174
-112
-411
-750
-1094
-1467
-1851
-2245
-2653
-3077
-3511
-3949
-4398