1199387
1174403
1149419
1124436
1099452
1074468
1049484
1024501
999517
974533
949549
924566
899582
874598
849614
824631
799647
774663
749679
724696
699712
674728
649744
624761
599777
574793
549809
524826
499842
474858
449874
424891
399907
374923
349939
324956
299972
274988
250004
225021
200037
175053
150069
125086
100102
75118
50134
25151
167
-24816
167
25151
50134
75118
100102
125086
150069
175053
200037
225021
250004
274988
299972
324956
349939
374923
399907
424891
449874
474858
499842
524826
549809
574793
599777
624761
649744
674728
699712
724696
749679
774663
799647
824631
849614
874598
899582
924566
949549
974533
999517
1024501
1049484
1074468
1099452
1124436
1149419
1174403
1199387
1224371
-6650
-5315
-4433
-3770
-3187
-2648
-2150
-1687
-1248
-844
-491
-167
114
339
528
668
768
858
913
952
982
1012
1022
1037
1037
1042
1047
1057
1052
1052
1052
1057
1057
1052
1047
1052
1052
1047
1047
1047
1037
1037
1027
1037
1027
1032
1022
1027
1022
1022
957
923
893
873
848
838
823
808
798
778
768
763
748
743
728
718
708
693
683
673
663
653
638
628
618
608
588
578
563
543
518
483
428
354
249
109
-77
-296
-570
-884
-1238
-1627
-2050
-2494
-2962
-3446
-3949
-4473
-5016
-5579