1199387
1174403
1149419
1124436
1099452
1074468
1049484
1024501
999517
974533
949549
924566
899582
874598
849614
824631
799647
774663
749679
724696
699712
674728
649744
624761
599777
574793
549809
524826
499842
474858
449874
424891
399907
374923
349939
324956
299972
274988
250004
225021
200037
175053
150069
125086
100102
75118
50134
25151
167
-24816
167
25151
50134
75118
100102
125086
150069
175053
200037
225021
250004
274988
299972
324956
349939
374923
399907
424891
449874
474858
499842
524826
549809
574793
599777
624761
649744
674728
699712
724696
749679
774663
799647
824631
849614
874598
899582
924566
949549
974533
999517
1024501
1049484
1074468
1099452
1124436
1149419
1174403
1199387
1224371
-3974
-3376
-2948
-2564
-2190
-1856
-1542
-1248
-974
-730
-505
-311
-152
-22
79
164
214
254
269
294
309
304
314
314
319
329
329
329
339
344
339
339
334
339
344
344
349
349
349
349
349
354
354
349
344
349
354
354
354
358
349
339
339
334
324
319
314
314
314
309
304
304
304
304
299
299
294
289
284
284
279
274
269
264
264
259
254
244
234
219
199
174
139
84
7
-87
-216
-371
-555
-765
-994
-1248
-1527
-1826
-2135
-2469
-2818
-3172
-3565
-3964