1199387
1174403
1149419
1124436
1099452
1074468
1049484
1024501
999517
974533
949549
924566
899582
874598
849614
824631
799647
774663
749679
724696
699712
674728
649744
624761
599777
574793
549809
524826
499842
474858
449874
424891
399907
374923
349939
324956
299972
274988
250004
225021
200037
175053
150069
125086
100102
75118
50134
25151
167
-24816
167
25151
50134
75118
100102
125086
150069
175053
200037
225021
250004
274988
299972
324956
349939
374923
399907
424891
449874
474858
499842
524826
549809
574793
599777
624761
649744
674728
699712
724696
749679
774663
799647
824631
849614
874598
899582
924566
949549
974533
999517
1024501
1049484
1074468
1099452
1124436
1149419
1174403
1199387
1224371
-3999
-3396
-2957
-2569
-2205
-1871
-1552
-1253
-974
-730
-505
-301
-142
-17
89
169
214
249
274
289
304
314
314
324
329
329
329
334
334
334
344
344
344
349
349
349
349
354
349
358
349
349
354
349
354
358
358
358
354
363
344
344
344
334
329
324
324
319
314
314
314
304
304
299
299
289
289
289
284
284
279
274
269
259
259
254
249
249
244
224
204
179
144
84
17
-82
-216
-371
-550
-760
-994
-1253
-1527
-1826
-2145
-2469
-2823
-3192
-3575
-3969