1199387
1174403
1149419
1124436
1099452
1074468
1049484
1024501
999517
974533
949549
924566
899582
874598
849614
824631
799647
774663
749679
724696
699712
674728
649744
624761
599777
574793
549809
524826
499842
474858
449874
424891
399907
374923
349939
324956
299972
274988
250004
225021
200037
175053
150069
125086
100102
75118
50134
25151
167
-24816
167
25151
50134
75118
100102
125086
150069
175053
200037
225021
250004
274988
299972
324956
349939
374923
399907
424891
449874
474858
499842
524826
549809
574793
599777
624761
649744
674728
699712
724696
749679
774663
799647
824631
849614
874598
899582
924566
949549
974533
999517
1024501
1049484
1074468
1099452
1124436
1149419
1174403
1199387
1224371
-7443
-6127
-4986
-3934
-2962
-2026
-1113
-291
393
952
1377
1681
1886
2011
2090
2145
2180
2200
2220
2225
2235
2240
2245
2235
2240
2240
2245
2240
2240
2245
2245
2240
2250
2240
2245
2240
2245
2240
2240
2240
2240
2240
2245
2235
2245
2245
2245
2240
2245
2245
2220
2215
2205
2205
2200
2195
2185
2180
2180
2170
2170
2435
2031
2120
2135
2130
2125
2125
2115
2110
2105
2100
2090
2080
2070
2051
2046
2041
2021
2016
1991
1981
1951
1921
1876
1816
1716
1556
1322
972
463
-192
-1014
-1996
-3102
-4328
-5659
-7059
-8524
-10054