1199387
1174403
1149419
1124436
1099452
1074468
1049484
1024501
999517
974533
949549
924566
899582
874598
849614
824631
799647
774663
749679
724696
699712
674728
649744
624761
599777
574793
549809
524826
499842
474858
449874
424891
399907
374923
349939
324956
299972
274988
250004
225021
200037
175053
150069
125086
100102
75118
50134
25151
167
-24816
167
25151
50134
75118
100102
125086
150069
175053
200037
225021
250004
274988
299972
324956
349939
374923
399907
424891
449874
474858
499842
524826
549809
574793
599777
624761
649744
674728
699712
724696
749679
774663
799647
824631
849614
874598
899582
924566
949549
974533
999517
1024501
1049484
1074468
1099452
1124436
1149419
1174403
1199387
1224371
-3506
-3286
-2977
-2643
-2290
-1961
-1627
-1303
-994
-700
-436
-177
44
249
418
563
673
768
833
883
927
957
987
1007
1027
1047
1052
1072
1087
1102
1107
1117
1132
1132
1142
1152
1157
1162
1172
1182
1192
1197
1207
1212
1217
1227
1222
1232
1232
1237
1217
1197
1187
1172
1167
1152
1137
1127
1117
1107
1092
1082
1067
1062
1047
1032
1027
1007
1002
982
972
962
942
923
908
888
863
838
813
773
738
683
618
533
428
294
124
-92
-331
-600
-889
-1208
-1552
-1911
-2285
-2678
-3087
-3506
-3934
-4368