1199387
1174403
1149419
1124436
1099452
1074468
1049484
1024501
999517
974533
949549
924566
899582
874598
849614
824631
799647
774663
749679
724696
699712
674728
649744
624761
599777
574793
549809
524826
499842
474858
449874
424891
399907
374923
349939
324956
299972
274988
250004
225021
200037
175053
150069
125086
100102
75118
50134
25151
167
-24816
167
25151
50134
75118
100102
125086
150069
175053
200037
225021
250004
274988
299972
324956
349939
374923
399907
424891
449874
474858
499842
524826
549809
574793
599777
624761
649744
674728
699712
724696
749679
774663
799647
824631
849614
874598
899582
924566
949549
974533
999517
1024501
1049484
1074468
1099452
1124436
1149419
1174403
1199387
1224371
-7248
-6052
-5105
-4343
-3670
-3052
-2499
-1976
-1477
-1019
-600
-226
114
393
628
823
977
1102
1192
1267
1317
1357
1382
1402
1417
1422
1427
1427
1427
1427
1432
1427
1422
1417
1417
1407
1412
1402
1397
1397
1387
1387
1377
1372
1367
1357
1362
1357
1352
1342
1257
1202
1167
1132
1107
1087
1067
1052
1032
1017
1002
982
967
957
942
923
918
898
883
873
863
843
828
813
798
788
763
743
723
693
653
603
523
423
289
104
-112
-386
-700
-1059
-1452
-1881
-2339
-2833
-3326
-3860
-4398
-4961
-5539
-6132