1199387
1174403
1149419
1124436
1099452
1074468
1049484
1024501
999517
974533
949549
924566
899582
874598
849614
824631
799647
774663
749679
724696
699712
674728
649744
624761
599777
574793
549809
524826
499842
474858
449874
424891
399907
374923
349939
324956
299972
274988
250004
225021
200037
175053
150069
125086
100102
75118
50134
25151
167
-24816
167
25151
50134
75118
100102
125086
150069
175053
200037
225021
250004
274988
299972
324956
349939
374923
399907
424891
449874
474858
499842
524826
549809
574793
599777
624761
649744
674728
699712
724696
749679
774663
799647
824631
849614
874598
899582
924566
949549
974533
999517
1024501
1049484
1074468
1099452
1124436
1149419
1174403
1199387
1224371
-9102
-8624
-7812
-6905
-5973
-5056
-4159
-3291
-2434
-1612
-809
-42
683
1372
2006
2575
3074
3493
3837
4117
4331
4491
4616
4706
4781
4846
4886
4935
4955
4980
4995
5015
5025
5040
5040
5045
5050
5060
5065
5065
5075
5070
5070
5075
5065
5065
5060
5060
5050
5050
4975
4910
4871
4826
4786
4756
4721
4701
4671
4646
4616
4596
4561
4526
4491
4456
4416
4371
4327
4272
4207
4132
4052
3952
3832
3693
3533
3338
3104
2849
2545
2205
1821
1392
927
433
-102
-675
-1268
-1896
-2544
-3212
-3899
-4597
-5315
-6027
-6765
-7503
-8255
-9008