1199387
1174403
1149419
1124436
1099452
1074468
1049484
1024501
999517
974533
949549
924566
899582
874598
849614
824631
799647
774663
749679
724696
699712
674728
649744
624761
599777
574793
549809
524826
499842
474858
449874
424891
399907
374923
349939
324956
299972
274988
250004
225021
200037
175053
150069
125086
100102
75118
50134
25151
167
-24816
167
25151
50134
75118
100102
125086
150069
175053
200037
225021
250004
274988
299972
324956
349939
374923
399907
424891
449874
474858
499842
524826
549809
574793
599777
624761
649744
674728
699712
724696
749679
774663
799647
824631
849614
874598
899582
924566
949549
974533
999517
1024501
1049484
1074468
1099452
1124436
1149419
1174403
1199387
1224371
-5409
-4298
-3665
-3152
-2673
-2235
-1826
-1442
-1089
-760
-471
-211
2
169
299
388
453
503
543
563
573
588
593
598
613
608
618
618
613
618
628
628
628
628
633
628
628
628
628
633
633
628
633
633
633
628
628
628
633
628
593
578
563
553
538
523
513
513
503
498
488
483
478
473
458
458
448
443
433
428
428
418
413
398
393
388
383
373
358
349
329
304
274
219
134
27
-112
-301
-520
-785
-1074
-1403
-1751
-2125
-2524
-2938
-3371
-3825
-4303
-4801