1199387
1174403
1149419
1124436
1099452
1074468
1049484
1024501
999517
974533
949549
924566
899582
874598
849614
824631
799647
774663
749679
724696
699712
674728
649744
624761
599777
574793
549809
524826
499842
474858
449874
424891
399907
374923
349939
324956
299972
274988
250004
225021
200037
175053
150069
125086
100102
75118
50134
25151
167
-24816
167
25151
50134
75118
100102
125086
150069
175053
200037
225021
250004
274988
299972
324956
349939
374923
399907
424891
449874
474858
499842
524826
549809
574793
599777
624761
649744
674728
699712
724696
749679
774663
799647
824631
849614
874598
899582
924566
949549
974533
999517
1024501
1049484
1074468
1099452
1124436
1149419
1174403
1199387
1224371
-3899
-3326
-2898
-2519
-2160
-1831
-1527
-1233
-964
-715
-501
-311
-152
-32
84
154
204
239
264
274
289
299
299
309
309
314
324
319
324
319
329
329
324
329
329
329
329
329
334
339
334
339
334
334
339
339
339
339
339
344
339
324
324
314
314
314
309
304
304
299
299
294
294
289
289
289
284
279
274
274
264
264
264
259
249
249
239
234
229
214
194
169
139
79
2
-97
-216
-371
-555
-755
-989
-1233
-1512
-1796
-2105
-2434
-2773
-3132
-3516
-3914