1199387
1174403
1149419
1124436
1099452
1074468
1049484
1024501
999517
974533
949549
924566
899582
874598
849614
824631
799647
774663
749679
724696
699712
674728
649744
624761
599777
574793
549809
524826
499842
474858
449874
424891
399907
374923
349939
324956
299972
274988
250004
225021
200037
175053
150069
125086
100102
75118
50134
25151
167
-24816
167
25151
50134
75118
100102
125086
150069
175053
200037
225021
250004
274988
299972
324956
349939
374923
399907
424891
449874
474858
499842
524826
549809
574793
599777
624761
649744
674728
699712
724696
749679
774663
799647
824631
849614
874598
899582
924566
949549
974533
999517
1024501
1049484
1074468
1099452
1124436
1149419
1174403
1199387
1224371
-8709
-7876
-6999
-6147
-5305
-4512
-3770
-3067
-2394
-1751
-1148
-580
-57
418
853
1232
1561
1841
2070
2265
2415
2540
2629
2704
2754
2789
2814
2829
2834
2844
2849
2849
2849
2844
2844
2834
2834
2824
2819
2809
2809
2794
2789
2789
2779
2769
2764
2749
2739
2739
2570
2460
2380
2320
2265
2225
2185
2150
2115
2070
2051
2016
1991
1961
1931
1911
1876
1851
1816
1796
1766
1736
1706
1671
1631
1586
1546
1482
1402
1292
1162
997
788
543
254
-72
-446
-864
-1313
-1796
-2315
-2858
-3426
-4004
-4612
-5235
-5873
-6526
-7189
-7856