1199387
1174403
1149419
1124436
1099452
1074468
1049484
1024501
999517
974533
949549
924566
899582
874598
849614
824631
799647
774663
749679
724696
699712
674728
649744
624761
599777
574793
549809
524826
499842
474858
449874
424891
399907
374923
349939
324956
299972
274988
250004
225021
200037
175053
150069
125086
100102
75118
50134
25151
167
-24816
167
25151
50134
75118
100102
125086
150069
175053
200037
225021
250004
274988
299972
324956
349939
374923
399907
424891
449874
474858
499842
524826
549809
574793
599777
624761
649744
674728
699712
724696
749679
774663
799647
824631
849614
874598
899582
924566
949549
974533
999517
1024501
1049484
1074468
1099452
1124436
1149419
1174403
1199387
1224371
-4453
-3710
-3212
-2778
-2384
-2011
-1657
-1323
-1024
-745
-496
-281
-107
44
159
234
289
329
354
378
383
393
398
398
408
408
418
418
423
428
418
418
423
423
428
428
428
428
423
433
428
428
433
433
433
433
433
433
433
428
413
403
398
393
383
378
378
373
363
358
358
349
354
344
339
339
334
329
329
319
314
314
309
304
294
289
289
274
274
259
239
219
184
134
54
-47
-177
-346
-545
-770
-1034
-1313
-1617
-1946
-2285
-2643
-3032
-3436
-3860
-4308