1199387
1174403
1149419
1124436
1099452
1074468
1049484
1024501
999517
974533
949549
924566
899582
874598
849614
824631
799647
774663
749679
724696
699712
674728
649744
624761
599777
574793
549809
524826
499842
474858
449874
424891
399907
374923
349939
324956
299972
274988
250004
225021
200037
175053
150069
125086
100102
75118
50134
25151
167
-24816
167
25151
50134
75118
100102
125086
150069
175053
200037
225021
250004
274988
299972
324956
349939
374923
399907
424891
449874
474858
499842
524826
549809
574793
599777
624761
649744
674728
699712
724696
749679
774663
799647
824631
849614
874598
899582
924566
949549
974533
999517
1024501
1049484
1074468
1099452
1124436
1149419
1174403
1199387
1224371
-3575
-3311
-2977
-2629
-2280
-1941
-1602
-1273
-949
-645
-361
-97
159
378
573
733
873
977
1062
1122
1177
1222
1252
1277
1297
1317
1337
1347
1372
1382
1397
1407
1417
1432
1432
1442
1447
1457
1467
1472
1487
1482
1492
1492
1501
1506
1516
1526
1521
1531
1506
1487
1467
1457
1442
1432
1417
1407
1387
1377
1367
1352
1337
1327
1312
1307
1277
1272
1257
1242
1227
1212
1187
1177
1157
1132
1107
1077
1047
1002
952
888
803
713
578
413
219
-7
-271
-545
-859
-1183
-1527
-1896
-2270
-2668
-3062
-3476
-3894
-4333