1199387
1174403
1149419
1124436
1099452
1074468
1049484
1024501
999517
974533
949549
924566
899582
874598
849614
824631
799647
774663
749679
724696
699712
674728
649744
624761
599777
574793
549809
524826
499842
474858
449874
424891
399907
374923
349939
324956
299972
274988
250004
225021
200037
175053
150069
125086
100102
75118
50134
25151
167
-24816
167
25151
50134
75118
100102
125086
150069
175053
200037
225021
250004
274988
299972
324956
349939
374923
399907
424891
449874
474858
499842
524826
549809
574793
599777
624761
649744
674728
699712
724696
749679
774663
799647
824631
849614
874598
899582
924566
949549
974533
999517
1024501
1049484
1074468
1099452
1124436
1149419
1174403
1199387
1224371
-3266
-2918
-2534
-2135
-1741
-1338
-944
-565
-192
164
513
843
1157
1447
1701
1941
2155
2340
2495
2620
2719
2789
2869
2934
2979
3029
3064
3089
3124
3149
3174
3194
3218
3228
3243
3263
3273
3283
3298
3303
3323
3323
3338
3343
3353
3358
3363
3373
3383
3388
3338
3303
3268
3238
3203
3179
3154
3124
3099
3074
3054
3029
2994
2964
2949
2919
2889
2859
2829
2799
2764
2734
2699
2659
2625
2575
2525
2470
2400
2335
2245
2135
2006
1851
1651
1422
1162
868
548
209
-142
-515
-909
-1313
-1722
-2145
-2579
-3012
-3466
-3914