1199387
1174403
1149419
1124436
1099452
1074468
1049484
1024501
999517
974533
949549
924566
899582
874598
849614
824631
799647
774663
749679
724696
699712
674728
649744
624761
599777
574793
549809
524826
499842
474858
449874
424891
399907
374923
349939
324956
299972
274988
250004
225021
200037
175053
150069
125086
100102
75118
50134
25151
167
-24816
167
25151
50134
75118
100102
125086
150069
175053
200037
225021
250004
274988
299972
324956
349939
374923
399907
424891
449874
474858
499842
524826
549809
574793
599777
624761
649744
674728
699712
724696
749679
774663
799647
824631
849614
874598
899582
924566
949549
974533
999517
1024501
1049484
1074468
1099452
1124436
1149419
1174403
1199387
1224371
-8644
-8155
-7338
-6451
-5554
-4662
-3785
-2928
-2090
-1263
-466
299
1037
1731
2370
2934
3423
3827
4142
4396
4581
4716
4821
4910
4965
5020
5065
5105
5135
5165
5190
5215
5235
5255
5270
5280
5285
5295
5300
5310
5320
5325
5325
5335
5330
5330
5330
5330
5330
5330
5295
5275
5255
5230
5215
5200
5180
5165
5145
5125
5110
5090
5060
5030
4995
4955
4910
4861
4806
4746
4676
4601
4511
4411
4297
4172
4022
3837
3633
3398
3119
2804
2435
2016
1556
1042
488
-92
-720
-1378
-2055
-2758
-3466
-4193
-4921
-5654
-6401
-7144
-7886
-8634