1199387
1174403
1149419
1124436
1099452
1074468
1049484
1024501
999517
974533
949549
924566
899582
874598
849614
824631
799647
774663
749679
724696
699712
674728
649744
624761
599777
574793
549809
524826
499842
474858
449874
424891
399907
374923
349939
324956
299972
274988
250004
225021
200037
175053
150069
125086
100102
75118
50134
25151
167
-24816
167
25151
50134
75118
100102
125086
150069
175053
200037
225021
250004
274988
299972
324956
349939
374923
399907
424891
449874
474858
499842
524826
549809
574793
599777
624761
649744
674728
699712
724696
749679
774663
799647
824631
849614
874598
899582
924566
949549
974533
999517
1024501
1049484
1074468
1099452
1124436
1149419
1174403
1199387
1224371
-4164
-3516
-3062
-2648
-2275
-1926
-1592
-1288
-994
-735
-496
-306
-132
-2
104
179
239
279
299
319
329
329
344
349
349
354
358
358
363
368
368
368
368
373
368
373
378
373
373
373
378
373
378
378
373
378
373
378
383
378
363
358
354
344
349
344
344
334
329
324
329
314
319
314
309
309
304
299
299
299
294
289
279
284
269
264
264
254
244
239
219
184
154
109
27
-72
-201
-366
-555
-765
-1014
-1278
-1567
-1876
-2205
-2549
-2918
-3291
-3695
-4119