1199387
1174403
1149419
1124436
1099452
1074468
1049484
1024501
999517
974533
949549
924566
899582
874598
849614
824631
799647
774663
749679
724696
699712
674728
649744
624761
599777
574793
549809
524826
499842
474858
449874
424891
399907
374923
349939
324956
299972
274988
250004
225021
200037
175053
150069
125086
100102
75118
50134
25151
167
-24816
167
25151
50134
75118
100102
125086
150069
175053
200037
225021
250004
274988
299972
324956
349939
374923
399907
424891
449874
474858
499842
524826
549809
574793
599777
624761
649744
674728
699712
724696
749679
774663
799647
824631
849614
874598
899582
924566
949549
974533
999517
1024501
1049484
1074468
1099452
1124436
1149419
1174403
1199387
1224371
-8116
-7169
-6262
-5414
-4612
-3879
-3202
-2579
-1986
-1427
-904
-421
12
398
743
1037
1292
1496
1666
1816
1916
2006
2065
2110
2145
2165
2175
2185
2190
2195
2190
2195
2190
2185
2180
2175
2175
2170
2150
2145
2140
2130
2125
2110
2105
2095
2085
2085
2075
2065
1926
1836
1771
1721
1686
1646
1611
1581
1556
1531
1501
1487
1457
1437
1417
1397
1367
1352
1332
1312
1287
1262
1237
1217
1197
1167
1137
1102
1052
992
913
808
663
493
274
17
-281
-635
-1029
-1457
-1921
-2424
-2933
-3476
-4039
-4622
-5220
-5833
-6461
-7094