1199387
1174403
1149419
1124436
1099452
1074468
1049484
1024501
999517
974533
949549
924566
899582
874598
849614
824631
799647
774663
749679
724696
699712
674728
649744
624761
599777
574793
549809
524826
499842
474858
449874
424891
399907
374923
349939
324956
299972
274988
250004
225021
200037
175053
150069
125086
100102
75118
50134
25151
167
-24816
167
25151
50134
75118
100102
125086
150069
175053
200037
225021
250004
274988
299972
324956
349939
374923
399907
424891
449874
474858
499842
524826
549809
574793
599777
624761
649744
674728
699712
724696
749679
774663
799647
824631
849614
874598
899582
924566
949549
974533
999517
1024501
1049484
1074468
1099452
1124436
1149419
1174403
1199387
1224371
-2763
-2419
-2050
-1677
-1283
-909
-530
-172
174
528
863
1202
1521
1821
2110
2385
2639
2889
3079
3283
3493
3668
3817
3947
4042
4122
4192
4287
4386
4446
4486
4541
4591
4636
4686
4721
4796
4841
4866
4886
4910
4935
4955
4975
4995
5010
5040
5050
5065
5080
4995
4930
4871
4816
4756
4711
4661
4601
4541
4491
4446
4396
4331
4277
4217
4167
4107
4037
3967
3907
3867
3787
3708
3628
3533
3428
3328
3203
3069
2869
2694
2510
2325
2115
1881
1626
1367
1072
773
453
124
-201
-530
-879
-1233
-1597
-1961
-2339
-2733
-3107