1199387
1174403
1149419
1124436
1099452
1074468
1049484
1024501
999517
974533
949549
924566
899582
874598
849614
824631
799647
774663
749679
724696
699712
674728
649744
624761
599777
574793
549809
524826
499842
474858
449874
424891
399907
374923
349939
324956
299972
274988
250004
225021
200037
175053
150069
125086
100102
75118
50134
25151
167
-24816
167
25151
50134
75118
100102
125086
150069
175053
200037
225021
250004
274988
299972
324956
349939
374923
399907
424891
449874
474858
499842
524826
549809
574793
599777
624761
649744
674728
699712
724696
749679
774663
799647
824631
849614
874598
899582
924566
949549
974533
999517
1024501
1049484
1074468
1099452
1124436
1149419
1174403
1199387
1224371
-7164
-5938
-4996
-4248
-3590
-2992
-2439
-1926
-1447
-994
-580
-216
109
378
603
793
937
1047
1142
1212
1252
1287
1322
1332
1342
1357
1357
1357
1362
1362
1352
1352
1357
1347
1347
1342
1342
1337
1332
1327
1332
1317
1317
1312
1307
1302
1297
1292
1292
1287
1197
1152
1117
1087
1062
1042
1027
1007
987
972
957
942
932
913
903
893
878
863
848
843
823
808
798
783
768
753
738
723
693
668
628
583
508
413
284
114
-102
-366
-675
-1024
-1413
-1836
-2285
-2773
-3271
-3790
-4328
-4881
-5454
-6042