1199387
1174403
1149419
1124436
1099452
1074468
1049484
1024501
999517
974533
949549
924566
899582
874598
849614
824631
799647
774663
749679
724696
699712
674728
649744
624761
599777
574793
549809
524826
499842
474858
449874
424891
399907
374923
349939
324956
299972
274988
250004
225021
200037
175053
150069
125086
100102
75118
50134
25151
167
-24816
167
25151
50134
75118
100102
125086
150069
175053
200037
225021
250004
274988
299972
324956
349939
374923
399907
424891
449874
474858
499842
524826
549809
574793
599777
624761
649744
674728
699712
724696
749679
774663
799647
824631
849614
874598
899582
924566
949549
974533
999517
1024501
1049484
1074468
1099452
1124436
1149419
1174403
1199387
1224371
-3331
-2997
-2619
-2240
-1851
-1472
-1094
-730
-366
-27
309
618
927
1197
1457
1681
1886
2046
2185
2295
2390
2465
2530
2585
2620
2659
2694
2719
2749
2769
2794
2804
2829
2844
2859
2869
2879
2884
2904
2909
2929
2939
2944
2949
2959
2959
2969
2979
2989
2989
2944
2914
2884
2854
2829
2799
2779
2759
2734
2704
2684
2654
2634
2615
2590
2570
2540
2520
2500
2470
2435
2405
2370
2340
2300
2265
2215
2170
2110
2046
1966
1866
1746
1596
1407
1197
947
663
354
22
-321
-685
-1059
-1447
-1856
-2265
-2683
-3107
-3546
-3979