1199387
1174403
1149419
1124436
1099452
1074468
1049484
1024501
999517
974533
949549
924566
899582
874598
849614
824631
799647
774663
749679
724696
699712
674728
649744
624761
599777
574793
549809
524826
499842
474858
449874
424891
399907
374923
349939
324956
299972
274988
250004
225021
200037
175053
150069
125086
100102
75118
50134
25151
167
-24816
167
25151
50134
75118
100102
125086
150069
175053
200037
225021
250004
274988
299972
324956
349939
374923
399907
424891
449874
474858
499842
524826
549809
574793
599777
624761
649744
674728
699712
724696
749679
774663
799647
824631
849614
874598
899582
924566
949549
974533
999517
1024501
1049484
1074468
1099452
1124436
1149419
1174403
1199387
1224371
-3580
-3281
-2923
-2554
-2190
-1826
-1472
-1128
-785
-461
-157
144
413
658
883
1077
1242
1372
1477
1556
1636
1686
1731
1761
1796
1821
1846
1861
1881
1901
1916
1931
1941
1956
1971
1976
1981
1991
2006
2011
2021
2026
2036
2041
2046
2046
2060
2065
2070
2075
2046
2021
2001
1981
1956
1941
1926
1906
1886
1876
1861
1836
1821
1806
1791
1776
1761
1741
1721
1701
1676
1656
1636
1611
1586
1546
1521
1477
1437
1387
1322
1247
1152
1022
868
678
458
199
-82
-376
-715
-1054
-1422
-1786
-2180
-2584
-2992
-3401
-3840
-4273