1199387
1174403
1149419
1124436
1099452
1074468
1049484
1024501
999517
974533
949549
924566
899582
874598
849614
824631
799647
774663
749679
724696
699712
674728
649744
624761
599777
574793
549809
524826
499842
474858
449874
424891
399907
374923
349939
324956
299972
274988
250004
225021
200037
175053
150069
125086
100102
75118
50134
25151
167
-24816
167
25151
50134
75118
100102
125086
150069
175053
200037
225021
250004
274988
299972
324956
349939
374923
399907
424891
449874
474858
499842
524826
549809
574793
599777
624761
649744
674728
699712
724696
749679
774663
799647
824631
849614
874598
899582
924566
949549
974533
999517
1024501
1049484
1074468
1099452
1124436
1149419
1174403
1199387
1224371
-3630
-3296
-2918
-2534
-2145
-1761
-1383
-1014
-665
-321
2
314
598
863
1102
1312
1487
1626
1741
1841
1911
1971
2026
2065
2100
2120
2145
2180
2205
2220
2230
2250
2270
2280
2290
2300
2315
2325
2335
2340
2350
2360
2365
2375
2390
2390
2390
2395
2400
2415
2380
2345
2320
2300
2275
2255
2235
2210
2195
2185
2160
2145
2125
2100
2080
2065
2041
2026
2001
1981
1956
1926
1906
1871
1841
1806
1771
1731
1681
1626
1551
1477
1367
1232
1072
873
638
368
74
-246
-590
-949
-1333
-1726
-2130
-2549
-2977
-3421
-3865
-4323