1199387
1174403
1149419
1124436
1099452
1074468
1049484
1024501
999517
974533
949549
924566
899582
874598
849614
824631
799647
774663
749679
724696
699712
674728
649744
624761
599777
574793
549809
524826
499842
474858
449874
424891
399907
374923
349939
324956
299972
274988
250004
225021
200037
175053
150069
125086
100102
75118
50134
25151
167
-24816
167
25151
50134
75118
100102
125086
150069
175053
200037
225021
250004
274988
299972
324956
349939
374923
399907
424891
449874
474858
499842
524826
549809
574793
599777
624761
649744
674728
699712
724696
749679
774663
799647
824631
849614
874598
899582
924566
949549
974533
999517
1024501
1049484
1074468
1099452
1124436
1149419
1174403
1199387
1224371
-3361
-3042
-2678
-2305
-1916
-1547
-1183
-829
-481
-152
169
478
763
1032
1287
1501
1691
1851
1981
2090
2170
2245
2305
2350
2390
2425
2460
2490
2515
2540
2560
2570
2590
2600
2620
2634
2639
2659
2664
2674
2689
2689
2704
2714
2719
2734
2739
2739
2749
2759
2719
2679
2654
2629
2605
2580
2555
2540
2515
2485
2470
2445
2420
2400
2375
2360
2335
2310
2290
2260
2230
2200
2170
2135
2095
2060
2016
1971
1916
1851
1771
1681
1566
1422
1247
1032
793
518
229
-92
-431
-780
-1138
-1522
-1911
-2305
-2713
-3132
-3556
-3989