1199387
1174403
1149419
1124436
1099452
1074468
1049484
1024501
999517
974533
949549
924566
899582
874598
849614
824631
799647
774663
749679
724696
699712
674728
649744
624761
599777
574793
549809
524826
499842
474858
449874
424891
399907
374923
349939
324956
299972
274988
250004
225021
200037
175053
150069
125086
100102
75118
50134
25151
167
-24816
167
25151
50134
75118
100102
125086
150069
175053
200037
225021
250004
274988
299972
324956
349939
374923
399907
424891
449874
474858
499842
524826
549809
574793
599777
624761
649744
674728
699712
724696
749679
774663
799647
824631
849614
874598
899582
924566
949549
974533
999517
1024501
1049484
1074468
1099452
1124436
1149419
1174403
1199387
1224371
-3301
-2957
-2579
-2195
-1801
-1413
-1029
-660
-291
54
398
713
1022
1302
1561
1791
1996
2175
2310
2430
2530
2615
2674
2729
2784
2824
2859
2899
2929
2954
2979
3004
3029
3044
3069
3079
3094
3109
3124
3134
3144
3159
3174
3184
3184
3194
3208
3218
3223
3233
3184
3154
3119
3079
3054
3029
2999
2964
2934
2909
2884
2849
2829
2799
2774
2744
2714
2689
2649
2625
2590
2550
2520
2480
2435
2390
2340
2285
2215
2150
2060
1956
1836
1676
1496
1277
1022
738
423
104
-251
-610
-994
-1383
-1791
-2200
-2619
-3057
-3486
-3929