1199387
1174403
1149419
1124436
1099452
1074468
1049484
1024501
999517
974533
949549
924566
899582
874598
849614
824631
799647
774663
749679
724696
699712
674728
649744
624761
599777
574793
549809
524826
499842
474858
449874
424891
399907
374923
349939
324956
299972
274988
250004
225021
200037
175053
150069
125086
100102
75118
50134
25151
167
-24816
167
25151
50134
75118
100102
125086
150069
175053
200037
225021
250004
274988
299972
324956
349939
374923
399907
424891
449874
474858
499842
524826
549809
574793
599777
624761
649744
674728
699712
724696
749679
774663
799647
824631
849614
874598
899582
924566
949549
974533
999517
1024501
1049484
1074468
1099452
1124436
1149419
1174403
1199387
1224371
-3112
-2773
-2399
-2011
-1622
-1233
-854
-476
-117
234
573
898
1207
1506
1766
2016
2230
2420
2580
2709
2809
2909
2979
3049
3099
3144
3184
3218
3248
3283
3308
3328
3348
3368
3378
3398
3413
3423
3433
3448
3458
3468
3473
3483
3488
3498
3503
3513
3523
3523
3478
3438
3408
3373
3343
3308
3278
3253
3223
3198
3174
3149
3119
3089
3064
3034
3009
2974
2949
2914
2884
2844
2814
2769
2724
2674
2625
2560
2500
2420
2330
2220
2080
1906
1711
1477
1217
923
603
274
-77
-441
-824
-1213
-1622
-2031
-2449
-2873
-3301
-3745