1199387
1174403
1149419
1124436
1099452
1074468
1049484
1024501
999517
974533
949549
924566
899582
874598
849614
824631
799647
774663
749679
724696
699712
674728
649744
624761
599777
574793
549809
524826
499842
474858
449874
424891
399907
374923
349939
324956
299972
274988
250004
225021
200037
175053
150069
125086
100102
75118
50134
25151
167
-24816
167
25151
50134
75118
100102
125086
150069
175053
200037
225021
250004
274988
299972
324956
349939
374923
399907
424891
449874
474858
499842
524826
549809
574793
599777
624761
649744
674728
699712
724696
749679
774663
799647
824631
849614
874598
899582
924566
949549
974533
999517
1024501
1049484
1074468
1099452
1124436
1149419
1174403
1199387
1224371
-9292
-8609
-7777
-6905
-6017
-5165
-4343
-3536
-2768
-2026
-1308
-625
22
603
1152
1646
2075
2450
2754
3004
3218
3378
3518
3623
3703
3753
3792
3822
3842
3857
3867
3867
3872
3872
3872
3872
3867
3872
3857
3862
3857
3847
3837
3842
3837
3827
3822
3817
3807
3802
3633
3528
3448
3383
3333
3283
3233
3203
3164
3134
3094
3064
3029
2999
2964
2934
2894
2869
2829
2794
2744
2709
2659
2600
2535
2455
2350
2220
2065
1871
1641
1372
1062
708
329
-92
-550
-1054
-1592
-2145
-2728
-3331
-3954
-4597
-5260
-5933
-6616
-7308
-8011
-8734