1199387
1174403
1149419
1124436
1099452
1074468
1049484
1024501
999517
974533
949549
924566
899582
874598
849614
824631
799647
774663
749679
724696
699712
674728
649744
624761
599777
574793
549809
524826
499842
474858
449874
424891
399907
374923
349939
324956
299972
274988
250004
225021
200037
175053
150069
125086
100102
75118
50134
25151
167
-24816
167
25151
50134
75118
100102
125086
150069
175053
200037
225021
250004
274988
299972
324956
349939
374923
399907
424891
449874
474858
499842
524826
549809
574793
599777
624761
649744
674728
699712
724696
749679
774663
799647
824631
849614
874598
899582
924566
949549
974533
999517
1024501
1049484
1074468
1099452
1124436
1149419
1174403
1199387
1224371
-9008
-8459
-7607
-6695
-5768
-4861
-3974
-3107
-2260
-1432
-630
139
863
1561
2195
2759
3248
3658
3997
4257
4451
4606
4721
4806
4876
4935
4985
5015
5050
5080
5095
5120
5130
5140
5155
5165
5165
5175
5180
5190
5190
5195
5190
5185
5190
5185
5185
5185
5190
5180
5120
5070
5035
5000
4965
4945
4915
4891
4866
4841
4816
4791
4761
4731
4701
4656
4611
4571
4516
4456
4386
4317
4227
4122
4002
3862
3703
3508
3283
3019
2714
2380
1991
1561
1102
598
54
-520
-1133
-1766
-2429
-3102
-3795
-4502
-5225
-5953
-6690
-7438
-8180
-8933