1199387
1174403
1149419
1124436
1099452
1074468
1049484
1024501
999517
974533
949549
924566
899582
874598
849614
824631
799647
774663
749679
724696
699712
674728
649744
624761
599777
574793
549809
524826
499842
474858
449874
424891
399907
374923
349939
324956
299972
274988
250004
225021
200037
175053
150069
125086
100102
75118
50134
25151
167
-24816
167
25151
50134
75118
100102
125086
150069
175053
200037
225021
250004
274988
299972
324956
349939
374923
399907
424891
449874
474858
499842
524826
549809
574793
599777
624761
649744
674728
699712
724696
749679
774663
799647
824631
849614
874598
899582
924566
949549
974533
999517
1024501
1049484
1074468
1099452
1124436
1149419
1174403
1199387
1224371
-3536
-3212
-2838
-2454
-2075
-1697
-1323
-959
-605
-271
54
358
648
913
1147
1362
1531
1676
1796
1886
1976
2031
2080
2120
2160
2195
2220
2245
2265
2275
2300
2320
2335
2345
2360
2370
2380
2400
2405
2410
2425
2435
2440
2450
2460
2465
2465
2480
2485
2495
2455
2425
2405
2380
2355
2330
2305
2290
2270
2250
2235
2215
2195
2175
2150
2135
2110
2085
2065
2041
2021
1996
1961
1936
1906
1876
1826
1786
1736
1676
1611
1521
1422
1282
1117
913
678
408
119
-206
-545
-909
-1278
-1672
-2075
-2489
-2913
-3341
-3785
-4228