1199387
1174403
1149419
1124436
1099452
1074468
1049484
1024501
999517
974533
949549
924566
899582
874598
849614
824631
799647
774663
749679
724696
699712
674728
649744
624761
599777
574793
549809
524826
499842
474858
449874
424891
399907
374923
349939
324956
299972
274988
250004
225021
200037
175053
150069
125086
100102
75118
50134
25151
167
-24816
167
25151
50134
75118
100102
125086
150069
175053
200037
225021
250004
274988
299972
324956
349939
374923
399907
424891
449874
474858
499842
524826
549809
574793
599777
624761
649744
674728
699712
724696
749679
774663
799647
824631
849614
874598
899582
924566
949549
974533
999517
1024501
1049484
1074468
1099452
1124436
1149419
1174403
1199387
1224371
-4228
-3560
-3097
-2688
-2290
-1941
-1612
-1293
-999
-740
-501
-296
-122
12
119
194
249
289
319
329
344
349
363
358
363
373
373
373
373
373
378
378
383
388
383
383
388
383
383
383
383
393
388
388
393
388
393
393
393
388
383
373
368
358
354
354
349
344
339
344
334
334
329
324
319
319
314
309
304
304
294
294
289
289
279
269
269
269
254
239
229
204
164
114
39
-62
-187
-356
-545
-765
-1014
-1283
-1582
-1891
-2215
-2569
-2933
-3331
-3745
-4173