1199387
1174403
1149419
1124436
1099452
1074468
1049484
1024501
999517
974533
949549
924566
899582
874598
849614
824631
799647
774663
749679
724696
699712
674728
649744
624761
599777
574793
549809
524826
499842
474858
449874
424891
399907
374923
349939
324956
299972
274988
250004
225021
200037
175053
150069
125086
100102
75118
50134
25151
167
-24816
167
25151
50134
75118
100102
125086
150069
175053
200037
225021
250004
274988
299972
324956
349939
374923
399907
424891
449874
474858
499842
524826
549809
574793
599777
624761
649744
674728
699712
724696
749679
774663
799647
824631
849614
874598
899582
924566
949549
974533
999517
1024501
1049484
1074468
1099452
1124436
1149419
1174403
1199387
1224371
-3521
-3266
-2943
-2599
-2255
-1916
-1587
-1258
-949
-650
-386
-122
124
344
528
688
818
923
1007
1062
1122
1162
1187
1217
1242
1262
1282
1292
1312
1322
1337
1347
1357
1362
1377
1387
1392
1397
1407
1417
1417
1427
1427
1442
1447
1452
1457
1462
1472
1477
1452
1432
1417
1397
1387
1372
1357
1352
1337
1327
1312
1292
1277
1272
1262
1247
1232
1222
1207
1192
1167
1157
1137
1117
1097
1077
1047
1017
982
947
898
838
763
663
538
368
189
-32
-286
-560
-854
-1183
-1522
-1871
-2240
-2624
-3012
-3416
-3835
-4253