1199387
1174403
1149419
1124436
1099452
1074468
1049484
1024501
999517
974533
949549
924566
899582
874598
849614
824631
799647
774663
749679
724696
699712
674728
649744
624761
599777
574793
549809
524826
499842
474858
449874
424891
399907
374923
349939
324956
299972
274988
250004
225021
200037
175053
150069
125086
100102
75118
50134
25151
167
-24816
167
25151
50134
75118
100102
125086
150069
175053
200037
225021
250004
274988
299972
324956
349939
374923
399907
424891
449874
474858
499842
524826
549809
574793
599777
624761
649744
674728
699712
724696
749679
774663
799647
824631
849614
874598
899582
924566
949549
974533
999517
1024501
1049484
1074468
1099452
1124436
1149419
1174403
1199387
1224371
-3725
-3441
-3082
-2713
-2344
-1981
-1627
-1283
-944
-630
-321
-32
229
463
668
843
977
1087
1182
1247
1302
1347
1377
1412
1437
1457
1472
1496
1511
1516
1531
1541
1561
1566
1571
1586
1591
1601
1606
1611
1621
1626
1636
1636
1646
1656
1661
1666
1671
1676
1641
1631
1611
1601
1571
1566
1551
1536
1521
1511
1496
1482
1472
1457
1442
1432
1422
1402
1382
1372
1352
1332
1317
1297
1277
1247
1227
1192
1152
1107
1057
992
908
803
663
493
284
44
-226
-525
-849
-1198
-1557
-1936
-2339
-2743
-3162
-3600
-4039
-4482