1199387
1174403
1149419
1124436
1099452
1074468
1049484
1024501
999517
974533
949549
924566
899582
874598
849614
824631
799647
774663
749679
724696
699712
674728
649744
624761
599777
574793
549809
524826
499842
474858
449874
424891
399907
374923
349939
324956
299972
274988
250004
225021
200037
175053
150069
125086
100102
75118
50134
25151
167
-24816
167
25151
50134
75118
100102
125086
150069
175053
200037
225021
250004
274988
299972
324956
349939
374923
399907
424891
449874
474858
499842
524826
549809
574793
599777
624761
649744
674728
699712
724696
749679
774663
799647
824631
849614
874598
899582
924566
949549
974533
999517
1024501
1049484
1074468
1099452
1124436
1149419
1174403
1199387
1224371
-6800
-6042
-5021
-3919
-2858
-1876
-989
-226
408
908
1292
1561
1741
1856
1936
1986
2016
2036
2051
2065
2080
2075
2085
2085
2090
2090
2085
2090
2085
2090
2095
2095
2095
2090
2090
2095
2090
2090
2090
2090
2090
2095
2095
2095
2095
2095
2095
2090
2090
2085
2075
2060
2056
2051
2046
2036
2031
2026
2021
2011
2011
2006
1996
1991
1991
1986
1981
1966
1966
1956
1951
1941
1931
1926
1916
1911
1891
1881
1871
1851
1841
1826
1806
1766
1731
1666
1581
1447
1232
923
473
-112
-859
-1751
-2753
-3865
-5071
-6351
-7672
-9053