1199387
1174403
1149419
1124436
1099452
1074468
1049484
1024501
999517
974533
949549
924566
899582
874598
849614
824631
799647
774663
749679
724696
699712
674728
649744
624761
599777
574793
549809
524826
499842
474858
449874
424891
399907
374923
349939
324956
299972
274988
250004
225021
200037
175053
150069
125086
100102
75118
50134
25151
167
-24816
167
25151
50134
75118
100102
125086
150069
175053
200037
225021
250004
274988
299972
324956
349939
374923
399907
424891
449874
474858
499842
524826
549809
574793
599777
624761
649744
674728
699712
724696
749679
774663
799647
824631
849614
874598
899582
924566
949549
974533
999517
1024501
1049484
1074468
1099452
1124436
1149419
1174403
1199387
1224371
-3466
-3227
-2918
-2579
-2240
-1916
-1587
-1268
-964
-680
-411
-152
84
294
468
623
748
843
918
967
1022
1057
1077
1107
1132
1152
1162
1182
1192
1202
1217
1222
1237
1247
1252
1262
1272
1272
1282
1292
1292
1307
1307
1317
1322
1327
1327
1342
1342
1347
1327
1312
1292
1277
1262
1252
1237
1232
1212
1202
1192
1182
1167
1157
1147
1137
1122
1107
1092
1082
1067
1052
1032
1012
997
977
947
927
898
853
813
758
688
588
473
324
149
-67
-306
-575
-874
-1183
-1517
-1861
-2235
-2614
-3007
-3406
-3825
-4238