1199387
1174403
1149419
1124436
1099452
1074468
1049484
1024501
999517
974533
949549
924566
899582
874598
849614
824631
799647
774663
749679
724696
699712
674728
649744
624761
599777
574793
549809
524826
499842
474858
449874
424891
399907
374923
349939
324956
299972
274988
250004
225021
200037
175053
150069
125086
100102
75118
50134
25151
167
-24816
167
25151
50134
75118
100102
125086
150069
175053
200037
225021
250004
274988
299972
324956
349939
374923
399907
424891
449874
474858
499842
524826
549809
574793
599777
624761
649744
674728
699712
724696
749679
774663
799647
824631
849614
874598
899582
924566
949549
974533
999517
1024501
1049484
1074468
1099452
1124436
1149419
1174403
1199387
1224371
-4717
-3865
-3326
-2873
-2449
-2055
-1692
-1353
-1034
-740
-486
-246
-72
84
194
279
339
373
403
418
438
448
453
458
458
468
473
473
478
478
478
478
478
488
488
483
483
483
488
483
483
488
483
483
488
483
488
488
488
488
463
448
443
428
428
418
413
408
393
393
393
388
378
373
373
368
363
358
354
349
344
339
334
329
319
319
304
309
299
284
264
244
209
159
79
-27
-152
-321
-525
-770
-1034
-1328
-1647
-1981
-2339
-2713
-3107
-3521
-3959
-4413