1199387
1174403
1149419
1124436
1099452
1074468
1049484
1024501
999517
974533
949549
924566
899582
874598
849614
824631
799647
774663
749679
724696
699712
674728
649744
624761
599777
574793
549809
524826
499842
474858
449874
424891
399907
374923
349939
324956
299972
274988
250004
225021
200037
175053
150069
125086
100102
75118
50134
25151
167
-24816
167
25151
50134
75118
100102
125086
150069
175053
200037
225021
250004
274988
299972
324956
349939
374923
399907
424891
449874
474858
499842
524826
549809
574793
599777
624761
649744
674728
699712
724696
749679
774663
799647
824631
849614
874598
899582
924566
949549
974533
999517
1024501
1049484
1074468
1099452
1124436
1149419
1174403
1199387
1224371
-8126
-6745
-5644
-4507
-3351
-2255
-1228
-331
418
1032
1511
1861
2110
2270
2370
2435
2475
2505
2525
2530
2540
2550
2545
2550
2550
2550
2545
2540
2540
2535
2535
2530
2530
2530
2520
2530
2525
2525
2515
2515
2515
2510
2510
2510
2505
2505
2500
2505
2500
2510
2465
2450
2440
2435
2430
2420
2420
2405
2405
2395
2390
2380
2370
2370
2360
2345
2345
2340
2320
2320
2300
2295
2290
2270
2265
2250
2235
2225
2205
2195
2165
2155
2120
2085
2031
1956
1846
1671
1422
1052
533
-152
-1009
-2021
-3187
-4468
-5858
-7333
-8873
-10169