1199387
1174403
1149419
1124436
1099452
1074468
1049484
1024501
999517
974533
949549
924566
899582
874598
849614
824631
799647
774663
749679
724696
699712
674728
649744
624761
599777
574793
549809
524826
499842
474858
449874
424891
399907
374923
349939
324956
299972
274988
250004
225021
200037
175053
150069
125086
100102
75118
50134
25151
167
-24816
167
25151
50134
75118
100102
125086
150069
175053
200037
225021
250004
274988
299972
324956
349939
374923
399907
424891
449874
474858
499842
524826
549809
574793
599777
624761
649744
674728
699712
724696
749679
774663
799647
824631
849614
874598
899582
924566
949549
974533
999517
1024501
1049484
1074468
1099452
1124436
1149419
1174403
1199387
1224371
-7707
-6660
-5728
-4901
-4149
-3471
-2853
-2280
-1731
-1223
-745
-311
74
403
703
937
1157
1317
1442
1551
1631
1696
1741
1771
1786
1801
1816
1816
1811
1816
1816
1811
1811
1801
1801
1801
1786
1781
1776
1771
1766
1756
1751
1736
1736
1726
1711
1706
1706
1701
1581
1511
1467
1427
1387
1362
1332
1302
1287
1262
1242
1227
1207
1187
1172
1152
1132
1117
1097
1082
1057
1047
1027
1007
987
967
947
913
888
843
783
708
603
468
289
69
-206
-505
-854
-1253
-1687
-2155
-2643
-3162
-3695
-4248
-4821
-5409
-6007
-6625