1199387
1174403
1149419
1124436
1099452
1074468
1049484
1024501
999517
974533
949549
924566
899582
874598
849614
824631
799647
774663
749679
724696
699712
674728
649744
624761
599777
574793
549809
524826
499842
474858
449874
424891
399907
374923
349939
324956
299972
274988
250004
225021
200037
175053
150069
125086
100102
75118
50134
25151
167
-24816
167
25151
50134
75118
100102
125086
150069
175053
200037
225021
250004
274988
299972
324956
349939
374923
399907
424891
449874
474858
499842
524826
549809
574793
599777
624761
649744
674728
699712
724696
749679
774663
799647
824631
849614
874598
899582
924566
949549
974533
999517
1024501
1049484
1074468
1099452
1124436
1149419
1174403
1199387
1224371
-7612
-6541
-5599
-4786
-4049
-3391
-2783
-2210
-1682
-1183
-725
-301
74
403
673
913
1107
1267
1392
1492
1556
1616
1656
1681
1701
1711
1721
1721
1721
1721
1726
1726
1716
1716
1711
1706
1696
1691
1681
1681
1666
1661
1661
1651
1646
1641
1631
1626
1621
1611
1506
1442
1387
1352
1322
1297
1267
1247
1227
1207
1187
1167
1152
1132
1117
1097
1082
1067
1052
1032
1012
997
977
962
942
927
908
878
848
813
758
683
588
458
284
79
-182
-481
-829
-1218
-1637
-2095
-2584
-3092
-3615
-4169
-4732
-5315
-5913
-6521