1199387
1174403
1149419
1124436
1099452
1074468
1049484
1024501
999517
974533
949549
924566
899582
874598
849614
824631
799647
774663
749679
724696
699712
674728
649744
624761
599777
574793
549809
524826
499842
474858
449874
424891
399907
374923
349939
324956
299972
274988
250004
225021
200037
175053
150069
125086
100102
75118
50134
25151
167
-24816
167
25151
50134
75118
100102
125086
150069
175053
200037
225021
250004
274988
299972
324956
349939
374923
399907
424891
449874
474858
499842
524826
549809
574793
599777
624761
649744
674728
699712
724696
749679
774663
799647
824631
849614
874598
899582
924566
949549
974533
999517
1024501
1049484
1074468
1099452
1124436
1149419
1174403
1199387
1224371
-8778
-8385
-7607
-6720
-5823
-4926
-4044
-3177
-2330
-1502
-695
74
803
1501
2150
2734
3233
3668
4007
4277
4491
4636
4756
4851
4925
4975
5030
5060
5095
5125
5145
5160
5180
5195
5210
5215
5225
5230
5235
5245
5235
5250
5250
5255
5255
5255
5250
5250
5240
5235
5190
5150
5125
5100
5075
5055
5035
5005
4985
4965
4940
4920
4886
4866
4831
4791
4751
4701
4646
4591
4511
4436
4346
4242
4122
3982
3817
3623
3398
3139
2839
2505
2125
1686
1222
708
164
-411
-1034
-1672
-2339
-3022
-3730
-4433
-5150
-5873
-6606
-7343
-8081
-8823