1199387
1174403
1149419
1124436
1099452
1074468
1049484
1024501
999517
974533
949549
924566
899582
874598
849614
824631
799647
774663
749679
724696
699712
674728
649744
624761
599777
574793
549809
524826
499842
474858
449874
424891
399907
374923
349939
324956
299972
274988
250004
225021
200037
175053
150069
125086
100102
75118
50134
25151
167
-24816
167
25151
50134
75118
100102
125086
150069
175053
200037
225021
250004
274988
299972
324956
349939
374923
399907
424891
449874
474858
499842
524826
549809
574793
599777
624761
649744
674728
699712
724696
749679
774663
799647
824631
849614
874598
899582
924566
949549
974533
999517
1024501
1049484
1074468
1099452
1124436
1149419
1174403
1199387
1224371
-3635
-3341
-2997
-2643
-2275
-1916
-1572
-1233
-904
-585
-281
-2
269
498
708
883
1032
1152
1242
1317
1372
1417
1457
1487
1511
1541
1561
1581
1596
1611
1616
1636
1646
1651
1666
1671
1681
1686
1701
1701
1711
1716
1726
1731
1741
1741
1751
1761
1761
1771
1741
1716
1696
1681
1666
1646
1641
1621
1606
1591
1576
1561
1546
1541
1521
1511
1496
1477
1462
1442
1427
1407
1392
1372
1347
1317
1287
1257
1217
1177
1122
1047
962
848
708
533
319
74
-196
-491
-809
-1153
-1507
-1881
-2280
-2673
-3082
-3511
-3934
-4368