1199387
1174403
1149419
1124436
1099452
1074468
1049484
1024501
999517
974533
949549
924566
899582
874598
849614
824631
799647
774663
749679
724696
699712
674728
649744
624761
599777
574793
549809
524826
499842
474858
449874
424891
399907
374923
349939
324956
299972
274988
250004
225021
200037
175053
150069
125086
100102
75118
50134
25151
167
-24816
167
25151
50134
75118
100102
125086
150069
175053
200037
225021
250004
274988
299972
324956
349939
374923
399907
424891
449874
474858
499842
524826
549809
574793
599777
624761
649744
674728
699712
724696
749679
774663
799647
824631
849614
874598
899582
924566
949549
974533
999517
1024501
1049484
1074468
1099452
1124436
1149419
1174403
1199387
1224371
-8669
-7134
-5669
-4388
-3222
-2110
-1089
-172
618
1287
1826
2240
2550
2764
2914
3014
3084
3129
3159
3179
3189
3194
3198
3189
3184
3184
3174
3164
3154
3154
3144
3139
3124
3119
3114
3104
3104
3089
3084
3084
3074
3069
3064
3059
3059
3049
3049
3049
3039
3044
2974
2949
2929
2919
2899
2889
2884
2869
2859
2844
2839
2834
2819
2809
2799
2779
2764
2759
2739
2724
2714
2699
2679
2664
2639
2620
2605
2585
2565
2535
2510
2480
2435
2385
2310
2200
2056
1846
1546
1132
578
-112
-974
-1991
-3142
-4428
-5813
-7298
-8843
-10169