1199387
1174403
1149419
1124436
1099452
1074468
1049484
1024501
999517
974533
949549
924566
899582
874598
849614
824631
799647
774663
749679
724696
699712
674728
649744
624761
599777
574793
549809
524826
499842
474858
449874
424891
399907
374923
349939
324956
299972
274988
250004
225021
200037
175053
150069
125086
100102
75118
50134
25151
167
-24816
167
25151
50134
75118
100102
125086
150069
175053
200037
225021
250004
274988
299972
324956
349939
374923
399907
424891
449874
474858
499842
524826
549809
574793
599777
624761
649744
674728
699712
724696
749679
774663
799647
824631
849614
874598
899582
924566
949549
974533
999517
1024501
1049484
1074468
1099452
1124436
1149419
1174403
1199387
1224371
-4034
-3421
-2982
-2589
-2220
-1886
-1562
-1258
-984
-730
-496
-306
-147
-12
94
169
224
259
284
294
314
324
324
329
334
339
339
344
344
344
354
354
349
354
354
349
363
358
358
354
358
363
363
363
358
358
363
363
363
363
358
349
344
344
334
329
329
329
319
319
314
314
309
304
299
294
299
294
284
289
284
284
274
269
269
254
259
249
244
229
209
184
149
94
12
-77
-206
-366
-545
-760
-994
-1258
-1542
-1831
-2155
-2489
-2838
-3212
-3605
-4014