1199387
1174403
1149419
1124436
1099452
1074468
1049484
1024501
999517
974533
949549
924566
899582
874598
849614
824631
799647
774663
749679
724696
699712
674728
649744
624761
599777
574793
549809
524826
499842
474858
449874
424891
399907
374923
349939
324956
299972
274988
250004
225021
200037
175053
150069
125086
100102
75118
50134
25151
167
-24816
167
25151
50134
75118
100102
125086
150069
175053
200037
225021
250004
274988
299972
324956
349939
374923
399907
424891
449874
474858
499842
524826
549809
574793
599777
624761
649744
674728
699712
724696
749679
774663
799647
824631
849614
874598
899582
924566
949549
974533
999517
1024501
1049484
1074468
1099452
1124436
1149419
1174403
1199387
1224371
-3580
-3271
-2918
-2549
-2180
-1816
-1467
-1109
-770
-451
-137
154
428
673
903
1092
1262
1402
1506
1596
1656
1711
1766
1796
1826
1856
1876
1896
1916
1926
1951
1961
1981
1996
2001
2006
2021
2036
2036
2046
2056
2065
2070
2075
2085
2090
2095
2100
2110
2110
2080
2060
2036
2011
1991
1976
1961
1931
1921
1901
1891
1871
1856
1841
1821
1801
1786
1771
1746
1731
1706
1691
1656
1636
1606
1576
1541
1506
1462
1407
1347
1272
1167
1042
888
698
468
209
-67
-376
-695
-1044
-1408
-1781
-2170
-2569
-2977
-3406
-3825
-4263