1199387
1174403
1149419
1124436
1099452
1074468
1049484
1024501
999517
974533
949549
924566
899582
874598
849614
824631
799647
774663
749679
724696
699712
674728
649744
624761
599777
574793
549809
524826
499842
474858
449874
424891
399907
374923
349939
324956
299972
274988
250004
225021
200037
175053
150069
125086
100102
75118
50134
25151
167
-24816
167
25151
50134
75118
100102
125086
150069
175053
200037
225021
250004
274988
299972
324956
349939
374923
399907
424891
449874
474858
499842
524826
549809
574793
599777
624761
649744
674728
699712
724696
749679
774663
799647
824631
849614
874598
899582
924566
949549
974533
999517
1024501
1049484
1074468
1099452
1124436
1149419
1174403
1199387
1224371
-2404
-2080
-1746
-1403
-1069
-725
-386
-52
269
588
898
1207
1501
1776
2046
2295
2535
2749
2949
3134
3293
3428
3553
3663
3743
3827
3902
3962
4017
4067
4117
4157
4197
4227
4252
4282
4307
4331
4361
4376
4396
4416
4431
4446
4456
4471
4486
4496
4506
4516
4456
4406
4351
4307
4262
4227
4182
4137
4102
4062
4022
3982
3937
3897
3852
3812
3767
3713
3663
3618
3558
3498
3433
3363
3298
3213
3129
3039
2919
2804
2664
2505
2330
2120
1911
1671
1412
1112
838
528
224
-92
-421
-750
-1084
-1418
-1761
-2105
-2449
-2798