1199387
1174403
1149419
1124436
1099452
1074468
1049484
1024501
999517
974533
949549
924566
899582
874598
849614
824631
799647
774663
749679
724696
699712
674728
649744
624761
599777
574793
549809
524826
499842
474858
449874
424891
399907
374923
349939
324956
299972
274988
250004
225021
200037
175053
150069
125086
100102
75118
50134
25151
167
-24816
167
25151
50134
75118
100102
125086
150069
175053
200037
225021
250004
274988
299972
324956
349939
374923
399907
424891
449874
474858
499842
524826
549809
574793
599777
624761
649744
674728
699712
724696
749679
774663
799647
824631
849614
874598
899582
924566
949549
974533
999517
1024501
1049484
1074468
1099452
1124436
1149419
1174403
1199387
1224371
-9102
-8340
-7493
-6620
-5763
-4936
-4139
-3376
-2643
-1936
-1263
-630
-32
513
1007
1457
1846
2180
2460
2689
2869
3024
3144
3228
3293
3348
3383
3403
3418
3423
3428
3433
3433
3428
3428
3428
3428
3423
3418
3413
3403
3398
3388
3378
3378
3373
3363
3353
3348
3338
3169
3059
2979
2914
2864
2809
2774
2729
2694
2664
2625
2590
2560
2525
2500
2465
2435
2405
2375
2340
2305
2265
2225
2180
2125
2065
1991
1891
1766
1611
1417
1197
927
623
274
-107
-535
-994
-1502
-2031
-2589
-3177
-3770
-4398
-5031
-5689
-6356
-7034
-7727
-8430