1199387
1174403
1149419
1124436
1099452
1074468
1049484
1024501
999517
974533
949549
924566
899582
874598
849614
824631
799647
774663
749679
724696
699712
674728
649744
624761
599777
574793
549809
524826
499842
474858
449874
424891
399907
374923
349939
324956
299972
274988
250004
225021
200037
175053
150069
125086
100102
75118
50134
25151
167
-24816
167
25151
50134
75118
100102
125086
150069
175053
200037
225021
250004
274988
299972
324956
349939
374923
399907
424891
449874
474858
499842
524826
549809
574793
599777
624761
649744
674728
699712
724696
749679
774663
799647
824631
849614
874598
899582
924566
949549
974533
999517
1024501
1049484
1074468
1099452
1124436
1149419
1174403
1199387
1224371
-9302
-8699
-7832
-6915
-5983
-5081
-4198
-3341
-2504
-1692
-904
-152
553
1217
1836
2385
2879
3288
3633
3902
4127
4292
4416
4521
4606
4671
4716
4756
4776
4796
4811
4831
4836
4841
4851
4861
4861
4861
4866
4866
4866
4871
4866
4861
4861
4856
4851
4846
4836
4836
4716
4646
4586
4536
4491
4456
4421
4381
4351
4317
4287
4252
4222
4187
4152
4127
4087
4042
3997
3942
3882
3822
3743
3643
3543
3408
3258
3064
2844
2585
2295
1956
1576
1162
708
224
-291
-849
-1437
-2035
-2678
-3326
-3994
-4682
-5375
-6082
-6805
-7533
-8260
-9013