1199387
1174403
1149419
1124436
1099452
1074468
1049484
1024501
999517
974533
949549
924566
899582
874598
849614
824631
799647
774663
749679
724696
699712
674728
649744
624761
599777
574793
549809
524826
499842
474858
449874
424891
399907
374923
349939
324956
299972
274988
250004
225021
200037
175053
150069
125086
100102
75118
50134
25151
167
-24816
167
25151
50134
75118
100102
125086
150069
175053
200037
225021
250004
274988
299972
324956
349939
374923
399907
424891
449874
474858
499842
524826
549809
574793
599777
624761
649744
674728
699712
724696
749679
774663
799647
824631
849614
874598
899582
924566
949549
974533
999517
1024501
1049484
1074468
1099452
1124436
1149419
1174403
1199387
1224371
-8788
-7288
-5773
-4428
-3222
-2100
-1064
-137
658
1347
1906
2340
2664
2909
3079
3184
3268
3318
3358
3383
3398
3408
3408
3403
3403
3393
3383
3378
3363
3363
3348
3343
3333
3323
3308
3298
3288
3288
3273
3263
3258
3253
3248
3243
3233
3233
3228
3228
3223
3218
3144
3109
3084
3074
3059
3044
3034
3024
3014
2994
2984
2979
2959
2944
2939
2919
2904
2889
2874
2859
2839
2829
2809
2789
2769
2739
2724
2694
2674
2649
2620
2580
2535
2475
2390
2275
2110
1881
1556
1127
563
-137
-999
-2021
-3172
-4448
-5828
-7298
-8843
-10169