1199387
1174403
1149419
1124436
1099452
1074468
1049484
1024501
999517
974533
949549
924566
899582
874598
849614
824631
799647
774663
749679
724696
699712
674728
649744
624761
599777
574793
549809
524826
499842
474858
449874
424891
399907
374923
349939
324956
299972
274988
250004
225021
200037
175053
150069
125086
100102
75118
50134
25151
167
-24816
167
25151
50134
75118
100102
125086
150069
175053
200037
225021
250004
274988
299972
324956
349939
374923
399907
424891
449874
474858
499842
524826
549809
574793
599777
624761
649744
674728
699712
724696
749679
774663
799647
824631
849614
874598
899582
924566
949549
974533
999517
1024501
1049484
1074468
1099452
1124436
1149419
1174403
1199387
1224371
-8868
-7443
-5918
-4438
-3092
-1896
-805
144
967
1676
2250
2709
3054
3323
3513
3658
3767
3852
3917
3957
3997
4017
4027
4042
4037
4032
4032
4022
4017
4012
3997
3992
3982
3967
3952
3937
3932
3917
3912
3897
3887
3882
3872
3867
3857
3842
3842
3832
3822
3817
3723
3673
3633
3613
3588
3578
3553
3538
3518
3508
3493
3478
3453
3438
3413
3393
3368
3348
3333
3308
3288
3263
3243
3208
3184
3149
3124
3094
3059
3019
2979
2929
2859
2779
2669
2525
2325
2051
1691
1237
638
-72
-934
-1936
-3072
-4303
-5659
-7079
-8589
-10154