1199387
1174403
1149419
1124436
1099452
1074468
1049484
1024501
999517
974533
949549
924566
899582
874598
849614
824631
799647
774663
749679
724696
699712
674728
649744
624761
599777
574793
549809
524826
499842
474858
449874
424891
399907
374923
349939
324956
299972
274988
250004
225021
200037
175053
150069
125086
100102
75118
50134
25151
167
-24816
167
25151
50134
75118
100102
125086
150069
175053
200037
225021
250004
274988
299972
324956
349939
374923
399907
424891
449874
474858
499842
524826
549809
574793
599777
624761
649744
674728
699712
724696
749679
774663
799647
824631
849614
874598
899582
924566
949549
974533
999517
1024501
1049484
1074468
1099452
1124436
1149419
1174403
1199387
1224371
-4119
-3665
-3222
-2788
-2384
-1996
-1627
-1283
-959
-665
-401
-177
7
154
259
344
393
433
458
473
493
498
508
508
513
523
518
523
528
533
523
523
533
533
538
533
533
538
538
538
533
533
533
528
543
538
533
538
538
538
513
493
483
473
458
448
443
443
438
428
428
413
408
403
403
393
398
388
378
373
373
363
354
349
349
334
334
329
314
299
289
264
234
189
114
7
-127
-301
-505
-745
-1029
-1338
-1672
-2031
-2394
-2783
-3207
-3635
-4089
-4557