1199387
1174403
1149419
1124436
1099452
1074468
1049484
1024501
999517
974533
949549
924566
899582
874598
849614
824631
799647
774663
749679
724696
699712
674728
649744
624761
599777
574793
549809
524826
499842
474858
449874
424891
399907
374923
349939
324956
299972
274988
250004
225021
200037
175053
150069
125086
100102
75118
50134
25151
167
-24816
167
25151
50134
75118
100102
125086
150069
175053
200037
225021
250004
274988
299972
324956
349939
374923
399907
424891
449874
474858
499842
524826
549809
574793
599777
624761
649744
674728
699712
724696
749679
774663
799647
824631
849614
874598
899582
924566
949549
974533
999517
1024501
1049484
1074468
1099452
1124436
1149419
1174403
1199387
1224371
-4064
-3441
-2997
-2604
-2230
-1891
-1572
-1268
-979
-735
-505
-301
-137
-7
104
174
224
269
284
304
314
319
334
334
339
344
344
349
349
349
354
349
358
354
363
358
358
358
363
363
363
368
363
373
363
363
368
368
373
368
354
349
344
344
334
334
334
324
324
314
319
314
314
304
304
304
304
294
294
289
284
289
274
274
269
259
259
249
244
229
214
184
149
99
17
-77
-206
-361
-550
-765
-999
-1258
-1542
-1841
-2160
-2494
-2853
-3227
-3620
-4034