1199387
1174403
1149419
1124436
1099452
1074468
1049484
1024501
999517
974533
949549
924566
899582
874598
849614
824631
799647
774663
749679
724696
699712
674728
649744
624761
599777
574793
549809
524826
499842
474858
449874
424891
399907
374923
349939
324956
299972
274988
250004
225021
200037
175053
150069
125086
100102
75118
50134
25151
167
-24816
167
25151
50134
75118
100102
125086
150069
175053
200037
225021
250004
274988
299972
324956
349939
374923
399907
424891
449874
474858
499842
524826
549809
574793
599777
624761
649744
674728
699712
724696
749679
774663
799647
824631
849614
874598
899582
924566
949549
974533
999517
1024501
1049484
1074468
1099452
1124436
1149419
1174403
1199387
1224371
-3556
-3247
-2893
-2529
-2165
-1796
-1442
-1089
-760
-436
-122
169
438
693
913
1127
1267
1417
1526
1616
1686
1746
1786
1826
1866
1886
1911
1931
1956
1966
1986
2001
2011
2031
2031
2051
2060
2065
2070
2080
2080
2090
2105
2115
2120
2115
2125
2135
2140
2155
2110
2085
2065
2041
2021
2006
1986
1966
1956
1941
1921
1906
1886
1876
1851
1831
1811
1801
1776
1761
1736
1716
1691
1671
1641
1606
1571
1536
1487
1432
1367
1287
1192
1057
903
713
483
234
-52
-356
-680
-1024
-1383
-1751
-2140
-2534
-2948
-3361
-3790
-4218