1199387
1174403
1149419
1124436
1099452
1074468
1049484
1024501
999517
974533
949549
924566
899582
874598
849614
824631
799647
774663
749679
724696
699712
674728
649744
624761
599777
574793
549809
524826
499842
474858
449874
424891
399907
374923
349939
324956
299972
274988
250004
225021
200037
175053
150069
125086
100102
75118
50134
25151
167
-24816
167
25151
50134
75118
100102
125086
150069
175053
200037
225021
250004
274988
299972
324956
349939
374923
399907
424891
449874
474858
499842
524826
549809
574793
599777
624761
649744
674728
699712
724696
749679
774663
799647
824631
849614
874598
899582
924566
949549
974533
999517
1024501
1049484
1074468
1099452
1124436
1149419
1174403
1199387
1224371
-8335
-6800
-5514
-4363
-3232
-2140
-1133
-236
533
1172
1671
2046
2310
2490
2605
2679
2729
2754
2779
2784
2799
2799
2794
2799
2794
2789
2789
2789
2784
2774
2774
2769
2759
2759
2754
2749
2749
2744
2734
2749
2739
2734
2724
2719
2724
2724
2719
2719
2714
2709
2669
2649
2629
2629
2615
2610
2600
2595
2580
2575
2565
2560
2555
2540
2530
2525
2510
2500
2485
2480
2470
2455
2445
2430
2415
2400
2385
2370
2350
2330
2305
2285
2250
2205
2150
2065
1946
1761
1496
1122
593
-82
-929
-1946
-3112
-4398
-5793
-7278
-8838
-10169