1199387
1174403
1149419
1124436
1099452
1074468
1049484
1024501
999517
974533
949549
924566
899582
874598
849614
824631
799647
774663
749679
724696
699712
674728
649744
624761
599777
574793
549809
524826
499842
474858
449874
424891
399907
374923
349939
324956
299972
274988
250004
225021
200037
175053
150069
125086
100102
75118
50134
25151
167
-24816
167
25151
50134
75118
100102
125086
150069
175053
200037
225021
250004
274988
299972
324956
349939
374923
399907
424891
449874
474858
499842
524826
549809
574793
599777
624761
649744
674728
699712
724696
749679
774663
799647
824631
849614
874598
899582
924566
949549
974533
999517
1024501
1049484
1074468
1099452
1124436
1149419
1174403
1199387
1224371
-3341
-3007
-2639
-2255
-1876
-1492
-1118
-755
-396
-57
269
588
878
1162
1412
1636
1836
1996
2135
2240
2340
2405
2465
2520
2565
2595
2629
2659
2684
2704
2729
2749
2769
2779
2794
2809
2824
2829
2844
2854
2854
2869
2879
2889
2899
2904
2909
2919
2929
2929
2884
2854
2824
2794
2769
2744
2719
2699
2679
2649
2625
2605
2580
2560
2540
2515
2490
2465
2440
2410
2380
2350
2325
2285
2250
2210
2165
2115
2060
1991
1911
1821
1696
1551
1367
1157
908
623
319
-7
-346
-710
-1079
-1467
-1866
-2275
-2693
-3107
-3541
-3984