1199387
1174403
1149419
1124436
1099452
1074468
1049484
1024501
999517
974533
949549
924566
899582
874598
849614
824631
799647
774663
749679
724696
699712
674728
649744
624761
599777
574793
549809
524826
499842
474858
449874
424891
399907
374923
349939
324956
299972
274988
250004
225021
200037
175053
150069
125086
100102
75118
50134
25151
167
-24816
167
25151
50134
75118
100102
125086
150069
175053
200037
225021
250004
274988
299972
324956
349939
374923
399907
424891
449874
474858
499842
524826
549809
574793
599777
624761
649744
674728
699712
724696
749679
774663
799647
824631
849614
874598
899582
924566
949549
974533
999517
1024501
1049484
1074468
1099452
1124436
1149419
1174403
1199387
1224371
-7338
-6172
-5220
-4438
-3745
-3127
-2549
-2016
-1512
-1049
-610
-226
119
403
658
863
1027
1157
1257
1332
1397
1432
1462
1492
1496
1506
1506
1511
1511
1511
1511
1506
1501
1501
1492
1492
1487
1477
1472
1472
1462
1457
1447
1452
1437
1432
1427
1427
1417
1417
1317
1267
1222
1202
1162
1142
1112
1102
1082
1067
1047
1027
1012
997
982
967
952
937
923
913
893
878
868
853
833
818
798
778
753
718
673
623
543
428
289
99
-127
-401
-730
-1094
-1497
-1936
-2394
-2883
-3391
-3929
-4473
-5036
-5624
-6212