1199387
1174403
1149419
1124436
1099452
1074468
1049484
1024501
999517
974533
949549
924566
899582
874598
849614
824631
799647
774663
749679
724696
699712
674728
649744
624761
599777
574793
549809
524826
499842
474858
449874
424891
399907
374923
349939
324956
299972
274988
250004
225021
200037
175053
150069
125086
100102
75118
50134
25151
167
-24816
167
25151
50134
75118
100102
125086
150069
175053
200037
225021
250004
274988
299972
324956
349939
374923
399907
424891
449874
474858
499842
524826
549809
574793
599777
624761
649744
674728
699712
724696
749679
774663
799647
824631
849614
874598
899582
924566
949549
974533
999517
1024501
1049484
1074468
1099452
1124436
1149419
1174403
1199387
1224371
-8534
-7278
-5843
-4388
-3032
-1811
-715
244
1072
1781
2355
2819
3179
3438
3643
3802
3922
4017
4092
4152
4192
4232
4257
4277
4287
4292
4287
4292
4287
4287
4282
4272
4267
4252
4247
4232
4227
4207
4207
4192
4182
4172
4162
4147
4137
4137
4122
4122
4112
4102
3992
3932
3887
3852
3832
3807
3787
3762
3748
3723
3703
3683
3658
3643
3623
3593
3573
3543
3523
3493
3468
3438
3408
3373
3343
3313
3283
3243
3198
3154
3109
3044
2974
2874
2749
2580
2370
2075
1701
1227
633
-67
-904
-1881
-2957
-4159
-5474
-6855
-8320
-9855