1199387
1174403
1149419
1124436
1099452
1074468
1049484
1024501
999517
974533
949549
924566
899582
874598
849614
824631
799647
774663
749679
724696
699712
674728
649744
624761
599777
574793
549809
524826
499842
474858
449874
424891
399907
374923
349939
324956
299972
274988
250004
225021
200037
175053
150069
125086
100102
75118
50134
25151
167
-24816
167
25151
50134
75118
100102
125086
150069
175053
200037
225021
250004
274988
299972
324956
349939
374923
399907
424891
449874
474858
499842
524826
549809
574793
599777
624761
649744
674728
699712
724696
749679
774663
799647
824631
849614
874598
899582
924566
949549
974533
999517
1024501
1049484
1074468
1099452
1124436
1149419
1174403
1199387
1224371
-5220
-4183
-3575
-3067
-2604
-2185
-1781
-1408
-1064
-750
-466
-216
-7
149
274
363
433
473
498
523
538
548
548
558
563
568
568
578
573
578
573
588
578
583
583
583
588
583
593
583
588
593
588
588
588
588
588
588
588
593
558
538
523
513
508
493
488
478
468
468
453
448
443
443
433
428
423
413
413
403
398
388
383
378
373
363
358
349
339
324
309
284
244
204
119
17
-127
-306
-530
-775
-1064
-1378
-1712
-2080
-2464
-2863
-3296
-3750
-4213
-4687