1199387
1174403
1149419
1124436
1099452
1074468
1049484
1024501
999517
974533
949549
924566
899582
874598
849614
824631
799647
774663
749679
724696
699712
674728
649744
624761
599777
574793
549809
524826
499842
474858
449874
424891
399907
374923
349939
324956
299972
274988
250004
225021
200037
175053
150069
125086
100102
75118
50134
25151
167
-24816
167
25151
50134
75118
100102
125086
150069
175053
200037
225021
250004
274988
299972
324956
349939
374923
399907
424891
449874
474858
499842
524826
549809
574793
599777
624761
649744
674728
699712
724696
749679
774663
799647
824631
849614
874598
899582
924566
949549
974533
999517
1024501
1049484
1074468
1099452
1124436
1149419
1174403
1199387
1224371
-2873
-2529
-2175
-1811
-1437
-1069
-710
-351
2
349
678
992
1302
1581
1841
2080
2300
2505
2679
2824
2944
3054
3134
3208
3283
3348
3393
3438
3483
3513
3553
3578
3613
3633
3663
3673
3698
3718
3733
3743
3762
3777
3792
3802
3817
3822
3832
3842
3852
3862
3812
3762
3723
3688
3653
3613
3578
3543
3513
3478
3453
3418
3378
3348
3313
3278
3238
3208
3169
3129
3089
3044
3004
2954
2889
2829
2764
2689
2620
2525
2420
2300
2150
1971
1766
1531
1272
987
683
358
22
-326
-685
-1054
-1427
-1816
-2200
-2604
-3002
-3406