1199387
1174403
1149419
1124436
1099452
1074468
1049484
1024501
999517
974533
949549
924566
899582
874598
849614
824631
799647
774663
749679
724696
699712
674728
649744
624761
599777
574793
549809
524826
499842
474858
449874
424891
399907
374923
349939
324956
299972
274988
250004
225021
200037
175053
150069
125086
100102
75118
50134
25151
167
-24816
167
25151
50134
75118
100102
125086
150069
175053
200037
225021
250004
274988
299972
324956
349939
374923
399907
424891
449874
474858
499842
524826
549809
574793
599777
624761
649744
674728
699712
724696
749679
774663
799647
824631
849614
874598
899582
924566
949549
974533
999517
1024501
1049484
1074468
1099452
1124436
1149419
1174403
1199387
1224371
-3640
-3316
-2952
-2569
-2185
-1811
-1442
-1074
-725
-396
-82
224
513
768
1002
1197
1367
1511
1616
1711
1781
1841
1886
1916
1956
1991
2006
2036
2051
2070
2085
2100
2110
2125
2140
2140
2165
2165
2175
2185
2190
2200
2205
2215
2215
2220
2240
2235
2250
2255
2210
2190
2170
2145
2120
2105
2085
2065
2051
2031
2016
2001
1991
1956
1951
1926
1906
1891
1861
1846
1821
1801
1776
1751
1721
1691
1656
1611
1561
1516
1442
1367
1267
1137
972
773
548
284
-7
-316
-650
-1009
-1383
-1771
-2170
-2579
-3012
-3441
-3884
-4333