1199387
1174403
1149419
1124436
1099452
1074468
1049484
1024501
999517
974533
949549
924566
899582
874598
849614
824631
799647
774663
749679
724696
699712
674728
649744
624761
599777
574793
549809
524826
499842
474858
449874
424891
399907
374923
349939
324956
299972
274988
250004
225021
200037
175053
150069
125086
100102
75118
50134
25151
167
-24816
167
25151
50134
75118
100102
125086
150069
175053
200037
225021
250004
274988
299972
324956
349939
374923
399907
424891
449874
474858
499842
524826
549809
574793
599777
624761
649744
674728
699712
724696
749679
774663
799647
824631
849614
874598
899582
924566
949549
974533
999517
1024501
1049484
1074468
1099452
1124436
1149419
1174403
1199387
1224371
-5360
-4263
-3640
-3117
-2658
-2225
-1816
-1427
-1074
-745
-461
-211
-2
164
299
388
448
498
533
553
568
578
583
593
598
603
608
608
618
618
613
618
623
618
618
623
623
618
623
618
618
623
628
623
628
618
623
623
623
623
588
568
558
543
528
523
513
498
493
488
488
473
468
463
453
448
443
438
428
423
418
413
403
398
393
383
373
368
358
339
329
304
269
209
129
27
-117
-306
-520
-780
-1074
-1398
-1746
-2110
-2504
-2923
-3356
-3805
-4278
-4762