1199387
1174403
1149419
1124436
1099452
1074468
1049484
1024501
999517
974533
949549
924566
899582
874598
849614
824631
799647
774663
749679
724696
699712
674728
649744
624761
599777
574793
549809
524826
499842
474858
449874
424891
399907
374923
349939
324956
299972
274988
250004
225021
200037
175053
150069
125086
100102
75118
50134
25151
167
-24816
167
25151
50134
75118
100102
125086
150069
175053
200037
225021
250004
274988
299972
324956
349939
374923
399907
424891
449874
474858
499842
524826
549809
574793
599777
624761
649744
674728
699712
724696
749679
774663
799647
824631
849614
874598
899582
924566
949549
974533
999517
1024501
1049484
1074468
1099452
1124436
1149419
1174403
1199387
1224371
-3650
-3112
-2713
-2354
-2026
-1717
-1422
-1153
-904
-675
-471
-296
-152
-32
64
129
179
214
239
249
264
269
274
284
284
289
294
294
294
294
299
294
299
299
304
299
294
309
304
309
309
304
309
314
314
309
319
314
314
314
309
299
299
289
289
284
284
279
274
279
274
274
269
264
264
264
264
259
254
249
249
244
239
239
234
229
224
214
204
194
179
154
119
59
2
-92
-206
-356
-515
-715
-919
-1153
-1413
-1687
-1966
-2270
-2594
-2928
-3286
-3660