1199387
1174403
1149419
1124436
1099452
1074468
1049484
1024501
999517
974533
949549
924566
899582
874598
849614
824631
799647
774663
749679
724696
699712
674728
649744
624761
599777
574793
549809
524826
499842
474858
449874
424891
399907
374923
349939
324956
299972
274988
250004
225021
200037
175053
150069
125086
100102
75118
50134
25151
167
-24816
167
25151
50134
75118
100102
125086
150069
175053
200037
225021
250004
274988
299972
324956
349939
374923
399907
424891
449874
474858
499842
524826
549809
574793
599777
624761
649744
674728
699712
724696
749679
774663
799647
824631
849614
874598
899582
924566
949549
974533
999517
1024501
1049484
1074468
1099452
1124436
1149419
1174403
1199387
1224371
-4054
-3431
-2992
-2599
-2230
-1881
-1562
-1258
-984
-735
-501
-301
-142
-12
94
169
229
264
289
299
314
319
329
334
334
339
344
344
349
349
358
349
354
358
354
354
358
358
358
358
363
363
363
363
363
368
368
358
368
363
358
349
344
334
334
334
324
324
324
319
319
314
314
304
304
299
299
294
289
289
294
279
274
274
269
264
259
254
244
229
214
189
149
99
22
-82
-206
-366
-545
-765
-994
-1258
-1537
-1841
-2165
-2499
-2848
-3222
-3610
-4024