1200090
1176097
1152103
1128110
1104117
1080123
1056130
1032137
1008144
984150
960157
936164
912170
888177
864184
840191
816197
792204
768211
744217
720224
696231
672238
648244
624251
600258
576264
552271
528278
504285
480291
456298
432305
408312
384318
360325
336332
312338
288345
264352
240359
216365
192372
168379
144385
120392
96399
72406
48412
24419
48412
72406
96399
120392
144385
168379
192372
216365
240359
264352
288345
312338
336332
360325
384318
408312
432305
456298
480291
504285
528278
552271
576264
600258
624251
648244
672238
696231
720224
744217
768211
792204
816197
840191
864184
888177
912170
936164
960157
984150
1008144
1032137
1056130
1080123
1104117
1128110
1152103
1176097
1200090
1224083
-5471
-4700
-3964
-3259
-2568
-1913
-1278
-678
-114
390
870
1308
1686
2024
2307
2544
2730
2892
3018
3114
3189
3240
3285
3310
3335
3351
3361
3371
3381
3376
3381
3381
3376
3381
3376
3371
3371
3366
3366
3361
3371
3361
3361
3356
3351
3346
3346
3346
3346
3346
3290
3265
3245
3230
3220
3204
3194
3184
3174
3164
3149
3139
3129
3119
3109
3098
3083
3068
3058
3043
3018
3003
2988
2957
2942
2912
2882
2846
2806
2745
2675
2584
2478
2322
2140
1908
1621
1288
895
436
-68
-628
-1237
-1888
-2578
-3299
-4040
-4816
-5612
-6424