1200090
1176097
1152103
1128110
1104117
1080123
1056130
1032137
1008144
984150
960157
936164
912170
888177
864184
840191
816197
792204
768211
744217
720224
696231
672238
648244
624251
600258
576264
552271
528278
504285
480291
456298
432305
408312
384318
360325
336332
312338
288345
264352
240359
216365
192372
168379
144385
120392
96399
72406
48412
24419
48412
72406
96399
120392
144385
168379
192372
216365
240359
264352
288345
312338
336332
360325
384318
408312
432305
456298
480291
504285
528278
552271
576264
600258
624251
648244
672238
696231
720224
744217
768211
792204
816197
840191
864184
888177
912170
936164
960157
984150
1008144
1032137
1056130
1080123
1104117
1128110
1152103
1176097
1200090
1224083
-3717
-3249
-2785
-2321
-1883
-1439
-1011
-602
-224
138
486
799
1091
1349
1581
1767
1944
2080
2196
2282
2362
2418
2463
2488
2519
2544
2554
2569
2574
2584
2589
2594
2594
2599
2604
2599
2604
2604
2599
2599
2594
2589
2594
2594
2589
2594
2589
2589
2589
2589
2544
2524
2514
2498
2483
2473
2473
2463
2448
2443
2433
2413
2413
2403
2387
2377
2362
2352
2342
2322
2302
2282
2266
2236
2221
2191
2161
2115
2075
2014
1949
1863
1772
1641
1485
1293
1066
804
506
174
-179
-572
-985
-1424
-1883
-2346
-2835
-3329
-3823
-4332