1200090
1176097
1152103
1128110
1104117
1080123
1056130
1032137
1008144
984150
960157
936164
912170
888177
864184
840191
816197
792204
768211
744217
720224
696231
672238
648244
624251
600258
576264
552271
528278
504285
480291
456298
432305
408312
384318
360325
336332
312338
288345
264352
240359
216365
192372
168379
144385
120392
96399
72406
48412
24419
48412
72406
96399
120392
144385
168379
192372
216365
240359
264352
288345
312338
336332
360325
384318
408312
432305
456298
480291
504285
528278
552271
576264
600258
624251
648244
672238
696231
720224
744217
768211
792204
816197
840191
864184
888177
912170
936164
960157
984150
1008144
1032137
1056130
1080123
1104117
1128110
1152103
1176097
1200090
1224083
-5990
-5098
-4246
-3440
-2674
-1933
-1227
-562
52
612
1137
1611
2019
2377
2675
2922
3129
3280
3411
3502
3578
3638
3678
3719
3739
3754
3764
3769
3774
3774
3774
3774
3774
3774
3769
3769
3764
3759
3754
3749
3744
3744
3744
3739
3734
3734
3729
3724
3724
3719
3658
3628
3608
3593
3578
3562
3552
3542
3537
3522
3507
3492
3487
3472
3462
3446
3436
3421
3406
3386
3371
3356
3341
3315
3290
3270
3240
3194
3149
3093
3018
2927
2811
2660
2463
2221
1924
1565
1137
638
93
-517
-1187
-1918
-2684
-3490
-4332
-5199
-6096
-7014