1200090
1176097
1152103
1128110
1104117
1080123
1056130
1032137
1008144
984150
960157
936164
912170
888177
864184
840191
816197
792204
768211
744217
720224
696231
672238
648244
624251
600258
576264
552271
528278
504285
480291
456298
432305
408312
384318
360325
336332
312338
288345
264352
240359
216365
192372
168379
144385
120392
96399
72406
48412
24419
48412
72406
96399
120392
144385
168379
192372
216365
240359
264352
288345
312338
336332
360325
384318
408312
432305
456298
480291
504285
528278
552271
576264
600258
624251
648244
672238
696231
720224
744217
768211
792204
816197
840191
864184
888177
912170
936164
960157
984150
1008144
1032137
1056130
1080123
1104117
1128110
1152103
1176097
1200090
1224083
-7109
-5844
-4665
-3561
-2553
-1610
-728
77
804
1480
2075
2584
3028
3386
3688
3925
4117
4263
4384
4480
4556
4616
4662
4697
4727
4753
4768
4778
4793
4798
4793
4793
4798
4793
4788
4788
4778
4783
4778
4773
4768
4758
4763
4753
4742
4742
4732
4732
4732
4722
4662
4626
4601
4576
4571
4551
4536
4526
4516
4500
4490
4480
4470
4455
4440
4435
4410
4400
4384
4369
4349
4334
4314
4284
4263
4238
4193
4152
4102
4031
3951
3845
3709
3542
3330
3068
2745
2362
1888
1328
693
-3
-799
-1666
-2598
-3591
-4630
-5728
-6852
-8027