1200090
1176097
1152103
1128110
1104117
1080123
1056130
1032137
1008144
984150
960157
936164
912170
888177
864184
840191
816197
792204
768211
744217
720224
696231
672238
648244
624251
600258
576264
552271
528278
504285
480291
456298
432305
408312
384318
360325
336332
312338
288345
264352
240359
216365
192372
168379
144385
120392
96399
72406
48412
24419
48412
72406
96399
120392
144385
168379
192372
216365
240359
264352
288345
312338
336332
360325
384318
408312
432305
456298
480291
504285
528278
552271
576264
600258
624251
648244
672238
696231
720224
744217
768211
792204
816197
840191
864184
888177
912170
936164
960157
984150
1008144
1032137
1056130
1080123
1104117
1128110
1152103
1176097
1200090
1224083
-5018
-4342
-3687
-3052
-2427
-1827
-1248
-708
-199
269
698
1096
1444
1757
2014
2231
2408
2554
2670
2761
2831
2877
2922
2957
2972
2998
3003
3008
3018
3018
3023
3023
3023
3028
3018
3018
3023
3018
3018
3018
3013
3008
3013
3013
3013
3013
3008
3013
3003
2998
2957
2932
2917
2907
2892
2882
2867
2861
2851
2846
2831
2821
2811
2801
2791
2781
2766
2751
2740
2725
2710
2690
2675
2650
2629
2604
2569
2529
2483
2433
2367
2287
2171
2045
1878
1661
1399
1091
718
305
-154
-658
-1217
-1817
-2432
-3082
-3758
-4458
-5169
-5900