1200090
1176097
1152103
1128110
1104117
1080123
1056130
1032137
1008144
984150
960157
936164
912170
888177
864184
840191
816197
792204
768211
744217
720224
696231
672238
648244
624251
600258
576264
552271
528278
504285
480291
456298
432305
408312
384318
360325
336332
312338
288345
264352
240359
216365
192372
168379
144385
120392
96399
72406
48412
24419
48412
72406
96399
120392
144385
168379
192372
216365
240359
264352
288345
312338
336332
360325
384318
408312
432305
456298
480291
504285
528278
552271
576264
600258
624251
648244
672238
696231
720224
744217
768211
792204
816197
840191
864184
888177
912170
936164
960157
984150
1008144
1032137
1056130
1080123
1104117
1128110
1152103
1176097
1200090
1224083
-3909
-3415
-2921
-2442
-1968
-1500
-1046
-628
-209
164
522
844
1147
1414
1651
1853
2029
2166
2282
2367
2433
2503
2544
2574
2604
2619
2635
2645
2650
2665
2665
2670
2670
2670
2675
2675
2675
2680
2670
2675
2675
2670
2675
2670
2675
2670
2665
2660
2665
2655
2624
2599
2584
2564
2554
2549
2544
2529
2519
2508
2508
2493
2488
2473
2463
2448
2438
2423
2413
2392
2372
2357
2342
2312
2292
2266
2231
2196
2145
2095
2024
1944
1843
1712
1545
1354
1117
849
532
194
-184
-587
-1026
-1490
-1968
-2467
-2971
-3501
-4025
-4564