1200090
1176097
1152103
1128110
1104117
1080123
1056130
1032137
1008144
984150
960157
936164
912170
888177
864184
840191
816197
792204
768211
744217
720224
696231
672238
648244
624251
600258
576264
552271
528278
504285
480291
456298
432305
408312
384318
360325
336332
312338
288345
264352
240359
216365
192372
168379
144385
120392
96399
72406
48412
24419
48412
72406
96399
120392
144385
168379
192372
216365
240359
264352
288345
312338
336332
360325
384318
408312
432305
456298
480291
504285
528278
552271
576264
600258
624251
648244
672238
696231
720224
744217
768211
792204
816197
840191
864184
888177
912170
936164
960157
984150
1008144
1032137
1056130
1080123
1104117
1128110
1152103
1176097
1200090
1224083
-2120
-1777
-1419
-1061
-713
-376
-43
264
537
789
1016
1207
1374
1500
1601
1681
1732
1797
1838
1888
1918
1939
1944
1969
1994
2019
2034
2050
2039
2050
2060
2085
2105
2125
2130
2135
2135
2095
2024
1989
1954
1924
1878
1813
1732
1681
1641
1591
1530
1495
1460
1429
1399
1379
1359
1354
1339
1323
1308
1293
1283
1278
1268
1248
1218
1182
1152
1122
1096
1076
1051
1026
1006
975
950
920
900
875
854
829
799
759
718
673
617
542
446
335
194
47
-129
-330
-552
-784
-1031
-1308
-1580
-1888
-2190
-2508