1200090
1176097
1152103
1128110
1104117
1080123
1056130
1032137
1008144
984150
960157
936164
912170
888177
864184
840191
816197
792204
768211
744217
720224
696231
672238
648244
624251
600258
576264
552271
528278
504285
480291
456298
432305
408312
384318
360325
336332
312338
288345
264352
240359
216365
192372
168379
144385
120392
96399
72406
48412
24419
48412
72406
96399
120392
144385
168379
192372
216365
240359
264352
288345
312338
336332
360325
384318
408312
432305
456298
480291
504285
528278
552271
576264
600258
624251
648244
672238
696231
720224
744217
768211
792204
816197
840191
864184
888177
912170
936164
960157
984150
1008144
1032137
1056130
1080123
1104117
1128110
1152103
1176097
1200090
1224083
-6505
-5824
-4952
-3994
-3027
-2099
-1243
-466
219
834
1394
1878
2297
2645
2932
3159
3346
3482
3603
3683
3749
3794
3825
3860
3880
3895
3900
3910
3915
3920
3925
3925
3931
3931
3920
3925
3920
3920
3920
3915
3915
3910
3905
3900
3895
3900
3895
3895
3890
3890
3840
3810
3789
3769
3759
3739
3734
3724
3714
3704
3699
3678
3668
3653
3643
3623
3618
3598
3588
3567
3552
3532
3512
3492
3472
3441
3406
3386
3335
3280
3209
3129
3023
2877
2695
2463
2171
1808
1374
854
280
-376
-1106
-1893
-2734
-3616
-4549
-5522
-6520
-7548