1200090
1176097
1152103
1128110
1104117
1080123
1056130
1032137
1008144
984150
960157
936164
912170
888177
864184
840191
816197
792204
768211
744217
720224
696231
672238
648244
624251
600258
576264
552271
528278
504285
480291
456298
432305
408312
384318
360325
336332
312338
288345
264352
240359
216365
192372
168379
144385
120392
96399
72406
48412
24419
48412
72406
96399
120392
144385
168379
192372
216365
240359
264352
288345
312338
336332
360325
384318
408312
432305
456298
480291
504285
528278
552271
576264
600258
624251
648244
672238
696231
720224
744217
768211
792204
816197
840191
864184
888177
912170
936164
960157
984150
1008144
1032137
1056130
1080123
1104117
1128110
1152103
1176097
1200090
1224083
-5542
-4761
-4010
-3284
-2588
-1918
-1273
-663
-93
421
915
1354
1747
2090
2382
2614
2821
2977
3104
3204
3275
3335
3371
3411
3436
3451
3457
3467
3472
3477
3472
3477
3477
3477
3472
3467
3472
3467
3462
3462
3451
3451
3451
3446
3446
3441
3441
3441
3431
3431
3376
3346
3330
3315
3300
3290
3275
3270
3255
3245
3235
3225
3209
3204
3189
3184
3169
3154
3134
3124
3104
3088
3068
3048
3028
2993
2967
2927
2882
2821
2756
2665
2554
2398
2206
1979
1686
1339
930
466
-38
-607
-1232
-1898
-2598
-3329
-4085
-4877
-5688
-6505