1200090
1176097
1152103
1128110
1104117
1080123
1056130
1032137
1008144
984150
960157
936164
912170
888177
864184
840191
816197
792204
768211
744217
720224
696231
672238
648244
624251
600258
576264
552271
528278
504285
480291
456298
432305
408312
384318
360325
336332
312338
288345
264352
240359
216365
192372
168379
144385
120392
96399
72406
48412
24419
48412
72406
96399
120392
144385
168379
192372
216365
240359
264352
288345
312338
336332
360325
384318
408312
432305
456298
480291
504285
528278
552271
576264
600258
624251
648244
672238
696231
720224
744217
768211
792204
816197
840191
864184
888177
912170
936164
960157
984150
1008144
1032137
1056130
1080123
1104117
1128110
1152103
1176097
1200090
1224083
-6883
-5708
-4614
-3606
-2659
-1767
-930
-159
532
1172
1747
2246
2675
3043
3335
3567
3764
3910
4021
4122
4193
4243
4289
4319
4344
4359
4374
4389
4394
4400
4394
4394
4389
4389
4394
4384
4379
4384
4379
4369
4374
4369
4364
4354
4359
4344
4349
4344
4344
4334
4268
4233
4203
4188
4168
4152
4137
4132
4117
4107
4092
4077
4062
4047
4031
4021
4006
4001
3981
3966
3946
3925
3900
3875
3855
3825
3784
3754
3699
3643
3562
3472
3341
3189
2993
2751
2443
2065
1616
1081
471
-204
-965
-1802
-2689
-3637
-4630
-5668
-6746
-7850