1200090
1176097
1152103
1128110
1104117
1080123
1056130
1032137
1008144
984150
960157
936164
912170
888177
864184
840191
816197
792204
768211
744217
720224
696231
672238
648244
624251
600258
576264
552271
528278
504285
480291
456298
432305
408312
384318
360325
336332
312338
288345
264352
240359
216365
192372
168379
144385
120392
96399
72406
48412
24419
48412
72406
96399
120392
144385
168379
192372
216365
240359
264352
288345
312338
336332
360325
384318
408312
432305
456298
480291
504285
528278
552271
576264
600258
624251
648244
672238
696231
720224
744217
768211
792204
816197
840191
864184
888177
912170
936164
960157
984150
1008144
1032137
1056130
1080123
1104117
1128110
1152103
1176097
1200090
1224083
-3057
-2689
-2321
-1953
-1585
-1232
-885
-542
-214
87
375
648
900
1132
1333
1515
1671
1813
1918
2009
2090
2145
2196
2236
2266
2292
2302
2317
2337
2342
2352
2352
2357
2367
2362
2362
2362
2367
2362
2367
2367
2367
2362
2367
2362
2367
2357
2357
2357
2352
2317
2302
2287
2277
2266
2246
2246
2236
2221
2221
2211
2196
2196
2176
2166
2155
2145
2130
2120
2100
2080
2060
2050
2019
1989
1964
1934
1883
1843
1782
1712
1631
1530
1404
1258
1086
885
653
396
118
-189
-507
-854
-1212
-1580
-1963
-2341
-2734
-3117
-3511