1200090
1176097
1152103
1128110
1104117
1080123
1056130
1032137
1008144
984150
960157
936164
912170
888177
864184
840191
816197
792204
768211
744217
720224
696231
672238
648244
624251
600258
576264
552271
528278
504285
480291
456298
432305
408312
384318
360325
336332
312338
288345
264352
240359
216365
192372
168379
144385
120392
96399
72406
48412
24419
48412
72406
96399
120392
144385
168379
192372
216365
240359
264352
288345
312338
336332
360325
384318
408312
432305
456298
480291
504285
528278
552271
576264
600258
624251
648244
672238
696231
720224
744217
768211
792204
816197
840191
864184
888177
912170
936164
960157
984150
1008144
1032137
1056130
1080123
1104117
1128110
1152103
1176097
1200090
1224083
-5300
-4579
-3874
-3198
-2538
-1908
-1298
-718
-184
310
769
1182
1550
1878
2155
2377
2564
2720
2841
2932
3008
3063
3104
3134
3154
3179
3184
3194
3204
3204
3204
3204
3199
3199
3204
3199
3204
3204
3204
3194
3189
3184
3189
3184
3184
3184
3179
3179
3179
3179
3129
3104
3083
3068
3058
3043
3033
3023
3013
3003
2993
2982
2972
2962
2947
2932
2922
2912
2897
2887
2861
2846
2821
2801
2786
2756
2730
2685
2645
2584
2514
2428
2317
2176
1999
1772
1505
1177
789
355
-124
-663
-1253
-1883
-2543
-3228
-3949
-4690
-5456
-6232