1200090
1176097
1152103
1128110
1104117
1080123
1056130
1032137
1008144
984150
960157
936164
912170
888177
864184
840191
816197
792204
768211
744217
720224
696231
672238
648244
624251
600258
576264
552271
528278
504285
480291
456298
432305
408312
384318
360325
336332
312338
288345
264352
240359
216365
192372
168379
144385
120392
96399
72406
48412
24419
48412
72406
96399
120392
144385
168379
192372
216365
240359
264352
288345
312338
336332
360325
384318
408312
432305
456298
480291
504285
528278
552271
576264
600258
624251
648244
672238
696231
720224
744217
768211
792204
816197
840191
864184
888177
912170
936164
960157
984150
1008144
1032137
1056130
1080123
1104117
1128110
1152103
1176097
1200090
1224083
-4665
-4060
-3465
-2871
-2296
-1747
-1222
-718
-250
184
582
955
1273
1560
1802
2014
2181
2307
2423
2498
2569
2619
2655
2690
2710
2725
2735
2740
2745
2756
2761
2761
2756
2771
2766
2761
2761
2761
2761
2761
2756
2756
2756
2756
2745
2745
2745
2745
2740
2745
2705
2680
2665
2655
2645
2635
2629
2614
2609
2594
2584
2579
2574
2554
2549
2544
2524
2519
2503
2488
2468
2443
2428
2413
2387
2352
2327
2297
2251
2206
2140
2055
1964
1833
1671
1475
1238
950
612
224
-194
-663
-1182
-1721
-2291
-2896
-3516
-4151
-4811
-5471