1200090
1176097
1152103
1128110
1104117
1080123
1056130
1032137
1008144
984150
960157
936164
912170
888177
864184
840191
816197
792204
768211
744217
720224
696231
672238
648244
624251
600258
576264
552271
528278
504285
480291
456298
432305
408312
384318
360325
336332
312338
288345
264352
240359
216365
192372
168379
144385
120392
96399
72406
48412
24419
48412
72406
96399
120392
144385
168379
192372
216365
240359
264352
288345
312338
336332
360325
384318
408312
432305
456298
480291
504285
528278
552271
576264
600258
624251
648244
672238
696231
720224
744217
768211
792204
816197
840191
864184
888177
912170
936164
960157
984150
1008144
1032137
1056130
1080123
1104117
1128110
1152103
1176097
1200090
1224083
-4841
-4206
-3581
-2971
-2377
-1802
-1253
-733
-240
204
622
1001
1339
1626
1878
2085
2256
2392
2503
2584
2645
2695
2740
2766
2791
2801
2811
2826
2831
2836
2841
2841
2846
2841
2846
2841
2841
2836
2846
2841
2841
2841
2836
2836
2826
2836
2826
2831
2826
2826
2781
2761
2745
2735
2725
2715
2700
2695
2685
2675
2670
2655
2650
2635
2619
2614
2604
2589
2574
2554
2544
2534
2508
2488
2468
2438
2403
2367
2327
2277
2211
2140
2029
1898
1747
1540
1288
996
643
249
-189
-683
-1217
-1782
-2382
-3007
-3647
-4322
-5008
-5708