1200090
1176097
1152103
1128110
1104117
1080123
1056130
1032137
1008144
984150
960157
936164
912170
888177
864184
840191
816197
792204
768211
744217
720224
696231
672238
648244
624251
600258
576264
552271
528278
504285
480291
456298
432305
408312
384318
360325
336332
312338
288345
264352
240359
216365
192372
168379
144385
120392
96399
72406
48412
24419
48412
72406
96399
120392
144385
168379
192372
216365
240359
264352
288345
312338
336332
360325
384318
408312
432305
456298
480291
504285
528278
552271
576264
600258
624251
648244
672238
696231
720224
744217
768211
792204
816197
840191
864184
888177
912170
936164
960157
984150
1008144
1032137
1056130
1080123
1104117
1128110
1152103
1176097
1200090
1224083
-7079
-5784
-4559
-3425
-2387
-1424
-522
290
1036
1717
2317
2831
3265
3628
3920
4157
4349
4500
4626
4727
4798
4863
4919
4964
4984
5010
5035
5045
5050
5065
5060
5065
5065
5060
5055
5050
5050
5045
5035
5035
5030
5025
5015
5005
5000
4984
4984
4979
4974
4974
4904
4858
4833
4813
4798
4778
4768
4758
4737
4732
4717
4697
4692
4677
4657
4642
4626
4606
4601
4581
4561
4541
4521
4500
4465
4430
4394
4339
4284
4218
4127
4016
3875
3699
3482
3214
2887
2493
2019
1470
829
133
-653
-1515
-2447
-3445
-4488
-5587
-6726
-7901