1200090
1176097
1152103
1128110
1104117
1080123
1056130
1032137
1008144
984150
960157
936164
912170
888177
864184
840191
816197
792204
768211
744217
720224
696231
672238
648244
624251
600258
576264
552271
528278
504285
480291
456298
432305
408312
384318
360325
336332
312338
288345
264352
240359
216365
192372
168379
144385
120392
96399
72406
48412
24419
48412
72406
96399
120392
144385
168379
192372
216365
240359
264352
288345
312338
336332
360325
384318
408312
432305
456298
480291
504285
528278
552271
576264
600258
624251
648244
672238
696231
720224
744217
768211
792204
816197
840191
864184
888177
912170
936164
960157
984150
1008144
1032137
1056130
1080123
1104117
1128110
1152103
1176097
1200090
1224083
-6686
-5567
-4514
-3541
-2634
-1777
-965
-219
456
1076
1641
2130
2559
2917
3214
3446
3628
3774
3895
3981
4052
4102
4142
4183
4208
4223
4238
4243
4248
4248
4248
4243
4243
4248
4243
4238
4243
4228
4228
4223
4218
4213
4203
4208
4208
4198
4198
4188
4183
4183
4122
4077
4057
4036
4016
4011
3996
3986
3966
3951
3941
3931
3915
3905
3900
3880
3865
3850
3835
3815
3799
3774
3754
3734
3709
3683
3648
3618
3557
3507
3431
3341
3225
3078
2887
2645
2342
1979
1535
1016
426
-240
-985
-1792
-2669
-3581
-4549
-5557
-6595
-7674