1200090
1176097
1152103
1128110
1104117
1080123
1056130
1032137
1008144
984150
960157
936164
912170
888177
864184
840191
816197
792204
768211
744217
720224
696231
672238
648244
624251
600258
576264
552271
528278
504285
480291
456298
432305
408312
384318
360325
336332
312338
288345
264352
240359
216365
192372
168379
144385
120392
96399
72406
48412
24419
48412
72406
96399
120392
144385
168379
192372
216365
240359
264352
288345
312338
336332
360325
384318
408312
432305
456298
480291
504285
528278
552271
576264
600258
624251
648244
672238
696231
720224
744217
768211
792204
816197
840191
864184
888177
912170
936164
960157
984150
1008144
1032137
1056130
1080123
1104117
1128110
1152103
1176097
1200090
1224083
-7079
-5759
-4524
-3395
-2341
-1363
-451
365
1117
1802
2403
2922
3361
3724
4011
4248
4435
4586
4707
4803
4884
4949
5000
5055
5090
5116
5141
5156
5161
5166
5171
5176
5181
5176
5171
5166
5161
5161
5146
5146
5136
5126
5131
5121
5111
5106
5100
5090
5085
5080
5000
4974
4944
4929
4914
4899
4889
4863
4853
4838
4818
4813
4803
4788
4773
4758
4737
4722
4707
4692
4667
4652
4631
4606
4576
4536
4495
4440
4379
4304
4208
4082
3941
3759
3532
3255
2922
2529
2050
1500
875
169
-602
-1469
-2397
-3390
-4433
-5542
-6676
-7860