1200090
1176097
1152103
1128110
1104117
1080123
1056130
1032137
1008144
984150
960157
936164
912170
888177
864184
840191
816197
792204
768211
744217
720224
696231
672238
648244
624251
600258
576264
552271
528278
504285
480291
456298
432305
408312
384318
360325
336332
312338
288345
264352
240359
216365
192372
168379
144385
120392
96399
72406
48412
24419
48412
72406
96399
120392
144385
168379
192372
216365
240359
264352
288345
312338
336332
360325
384318
408312
432305
456298
480291
504285
528278
552271
576264
600258
624251
648244
672238
696231
720224
744217
768211
792204
816197
840191
864184
888177
912170
936164
960157
984150
1008144
1032137
1056130
1080123
1104117
1128110
1152103
1176097
1200090
1224083
-7024
-5794
-4660
-3601
-2629
-1701
-829
-33
688
1344
1934
2458
2887
3260
3552
3799
3986
4142
4258
4359
4425
4490
4541
4571
4601
4626
4637
4652
4662
4662
4667
4672
4667
4667
4662
4662
4657
4657
4652
4652
4642
4637
4637
4626
4621
4616
4611
4611
4611
4606
4546
4510
4480
4455
4445
4425
4420
4394
4394
4379
4364
4349
4344
4329
4319
4294
4284
4268
4258
4243
4213
4198
4183
4152
4127
4097
4062
4021
3976
3900
3825
3719
3598
3421
3214
2962
2640
2251
1782
1233
602
-88
-875
-1742
-2669
-3647
-4670
-5754
-6867
-8022