1200090
1176097
1152103
1128110
1104117
1080123
1056130
1032137
1008144
984150
960157
936164
912170
888177
864184
840191
816197
792204
768211
744217
720224
696231
672238
648244
624251
600258
576264
552271
528278
504285
480291
456298
432305
408312
384318
360325
336332
312338
288345
264352
240359
216365
192372
168379
144385
120392
96399
72406
48412
24419
48412
72406
96399
120392
144385
168379
192372
216365
240359
264352
288345
312338
336332
360325
384318
408312
432305
456298
480291
504285
528278
552271
576264
600258
624251
648244
672238
696231
720224
744217
768211
792204
816197
840191
864184
888177
912170
936164
960157
984150
1008144
1032137
1056130
1080123
1104117
1128110
1152103
1176097
1200090
1224083
-6610
-5940
-5078
-4115
-3133
-2185
-1303
-507
204
839
1409
1913
2342
2705
2998
3235
3421
3578
3683
3774
3840
3890
3936
3956
3986
3996
4006
4016
4021
4026
4036
4041
4041
4041
4041
4036
4031
4036
4026
4026
4031
4026
4016
4016
4011
4011
4006
4001
4001
4001
3941
3910
3890
3875
3855
3840
3825
3820
3804
3794
3779
3769
3759
3739
3734
3719
3699
3688
3678
3653
3638
3618
3598
3573
3547
3517
3487
3446
3406
3351
3280
3194
3078
2927
2745
2508
2206
1838
1399
880
290
-376
-1111
-1918
-2775
-3682
-4640
-5628
-6656
-7709