1200090
1176097
1152103
1128110
1104117
1080123
1056130
1032137
1008144
984150
960157
936164
912170
888177
864184
840191
816197
792204
768211
744217
720224
696231
672238
648244
624251
600258
576264
552271
528278
504285
480291
456298
432305
408312
384318
360325
336332
312338
288345
264352
240359
216365
192372
168379
144385
120392
96399
72406
48412
24419
48412
72406
96399
120392
144385
168379
192372
216365
240359
264352
288345
312338
336332
360325
384318
408312
432305
456298
480291
504285
528278
552271
576264
600258
624251
648244
672238
696231
720224
744217
768211
792204
816197
840191
864184
888177
912170
936164
960157
984150
1008144
1032137
1056130
1080123
1104117
1128110
1152103
1176097
1200090
1224083
-7049
-5774
-4574
-3465
-2447
-1495
-597
204
930
1606
2201
2715
3149
3512
3804
4052
4238
4384
4505
4606
4682
4737
4793
4828
4858
4884
4899
4914
4929
4934
4929
4929
4929
4924
4919
4919
4914
4914
4909
4904
4894
4894
4884
4879
4874
4863
4858
4863
4853
4848
4778
4742
4707
4692
4672
4662
4652
4631
4626
4606
4601
4586
4566
4556
4546
4531
4516
4500
4490
4465
4450
4430
4410
4379
4354
4324
4284
4238
4193
4127
4031
3925
3789
3623
3416
3149
2826
2433
1964
1409
779
82
-703
-1570
-2503
-3496
-4549
-5633
-6772
-7946