1200090
1176097
1152103
1128110
1104117
1080123
1056130
1032137
1008144
984150
960157
936164
912170
888177
864184
840191
816197
792204
768211
744217
720224
696231
672238
648244
624251
600258
576264
552271
528278
504285
480291
456298
432305
408312
384318
360325
336332
312338
288345
264352
240359
216365
192372
168379
144385
120392
96399
72406
48412
24419
48412
72406
96399
120392
144385
168379
192372
216365
240359
264352
288345
312338
336332
360325
384318
408312
432305
456298
480291
504285
528278
552271
576264
600258
624251
648244
672238
696231
720224
744217
768211
792204
816197
840191
864184
888177
912170
936164
960157
984150
1008144
1032137
1056130
1080123
1104117
1128110
1152103
1176097
1200090
1224083
72
72
67
62
67
72
67
67
67
67
72
72
-28
42
77
72
72
72
72
72
77
77
72
72
77
77
77
77
77
77
77
82
82
77
82
82
82
82
82
92
92
87
92
92
92
87
87
87
87
92
87
93
92
87
87
87
87
82
87
82
82
87
92
82
87
82
82
87
77
82
77
82
77
77
77
72
77
72
62
67
57
52
42
27
1
-33
-73
-144
-234
-376
-542
-789
-1106
-1520
-2034
-2674
-3410
-4297
-5285
-6298