1200090
1176097
1152103
1128110
1104117
1080123
1056130
1032137
1008144
984150
960157
936164
912170
888177
864184
840191
816197
792204
768211
744217
720224
696231
672238
648244
624251
600258
576264
552271
528278
504285
480291
456298
432305
408312
384318
360325
336332
312338
288345
264352
240359
216365
192372
168379
144385
120392
96399
72406
48412
24419
48412
72406
96399
120392
144385
168379
192372
216365
240359
264352
288345
312338
336332
360325
384318
408312
432305
456298
480291
504285
528278
552271
576264
600258
624251
648244
672238
696231
720224
744217
768211
792204
816197
840191
864184
888177
912170
936164
960157
984150
1008144
1032137
1056130
1080123
1104117
1128110
1152103
1176097
1200090
1224083
-5174
-4473
-3798
-3133
-2493
-1873
-1283
-718
-189
290
728
1142
1505
1818
2080
2302
2493
2635
2751
2851
2917
2977
3013
3048
3073
3083
3088
3098
3104
3109
3114
3119
3109
3114
3114
3114
3109
3109
3109
3109
3109
3104
3098
3098
3088
3104
3088
3088
3088
3083
3043
3018
3003
2988
2977
2962
2952
2947
2932
2922
2912
2902
2892
2882
2867
2856
2841
2826
2821
2801
2786
2766
2745
2725
2705
2675
2640
2609
2564
2503
2443
2357
2241
2110
1929
1712
1455
1132
754
335
-144
-663
-1237
-1847
-2498
-3168
-3868
-4589
-5325
-6096