1200090
1176097
1152103
1128110
1104117
1080123
1056130
1032137
1008144
984150
960157
936164
912170
888177
864184
840191
816197
792204
768211
744217
720224
696231
672238
648244
624251
600258
576264
552271
528278
504285
480291
456298
432305
408312
384318
360325
336332
312338
288345
264352
240359
216365
192372
168379
144385
120392
96399
72406
48412
24419
48412
72406
96399
120392
144385
168379
192372
216365
240359
264352
288345
312338
336332
360325
384318
408312
432305
456298
480291
504285
528278
552271
576264
600258
624251
648244
672238
696231
720224
744217
768211
792204
816197
840191
864184
888177
912170
936164
960157
984150
1008144
1032137
1056130
1080123
1104117
1128110
1152103
1176097
1200090
1224083
-5381
-4640
-3924
-3233
-2563
-1913
-1293
-698
-154
350
814
1238
1621
1954
2226
2463
2655
2806
2932
3023
3093
3154
3199
3230
3245
3260
3280
3290
3290
3290
3295
3295
3300
3290
3295
3290
3295
3290
3285
3285
3280
3280
3275
3275
3265
3270
3265
3265
3260
3260
3204
3184
3164
3144
3134
3124
3114
3098
3088
3088
3073
3063
3048
3038
3028
3013
3008
2993
2977
2962
2942
2922
2907
2887
2861
2831
2796
2771
2720
2665
2594
2503
2387
2251
2065
1838
1565
1228
834
390
-98
-648
-1248
-1888
-2563
-3264
-4000
-4756
-5532
-6328