1200090
1176097
1152103
1128110
1104117
1080123
1056130
1032137
1008144
984150
960157
936164
912170
888177
864184
840191
816197
792204
768211
744217
720224
696231
672238
648244
624251
600258
576264
552271
528278
504285
480291
456298
432305
408312
384318
360325
336332
312338
288345
264352
240359
216365
192372
168379
144385
120392
96399
72406
48412
24419
48412
72406
96399
120392
144385
168379
192372
216365
240359
264352
288345
312338
336332
360325
384318
408312
432305
456298
480291
504285
528278
552271
576264
600258
624251
648244
672238
696231
720224
744217
768211
792204
816197
840191
864184
888177
912170
936164
960157
984150
1008144
1032137
1056130
1080123
1104117
1128110
1152103
1176097
1200090
1224083
-5935
-4977
-4065
-3223
-2417
-1656
-935
-255
360
930
1455
1924
2327
2675
2957
3204
3391
3552
3678
3774
3850
3910
3961
3996
4016
4036
4052
4057
4072
4067
4067
4067
4062
4062
4057
4062
4052
4041
4041
4036
4026
4026
4021
4016
4011
4001
4001
3996
3991
3986
3915
3875
3850
3835
3804
3794
3774
3764
3754
3739
3719
3709
3694
3678
3668
3653
3643
3618
3603
3578
3567
3542
3527
3507
3472
3446
3411
3376
3320
3265
3199
3109
2993
2846
2660
2433
2140
1792
1384
900
360
-245
-920
-1656
-2432
-3259
-4120
-5018
-5950
-6903