1200090
1176097
1152103
1128110
1104117
1080123
1056130
1032137
1008144
984150
960157
936164
912170
888177
864184
840191
816197
792204
768211
744217
720224
696231
672238
648244
624251
600258
576264
552271
528278
504285
480291
456298
432305
408312
384318
360325
336332
312338
288345
264352
240359
216365
192372
168379
144385
120392
96399
72406
48412
24419
48412
72406
96399
120392
144385
168379
192372
216365
240359
264352
288345
312338
336332
360325
384318
408312
432305
456298
480291
504285
528278
552271
576264
600258
624251
648244
672238
696231
720224
744217
768211
792204
816197
840191
864184
888177
912170
936164
960157
984150
1008144
1032137
1056130
1080123
1104117
1128110
1152103
1176097
1200090
1224083
-3596
-3148
-2709
-2266
-1832
-1409
-996
-607
-234
118
446
754
1031
1283
1510
1702
1863
1999
2110
2196
2277
2327
2372
2408
2433
2453
2463
2483
2488
2493
2503
2503
2508
2508
2514
2514
2514
2519
2514
2514
2514
2508
2503
2508
2503
2508
2498
2503
2508
2503
2458
2438
2428
2418
2403
2398
2387
2382
2372
2357
2357
2337
2332
2322
2317
2297
2292
2277
2266
2246
2236
2211
2191
2166
2145
2115
2085
2045
1999
1949
1888
1802
1702
1576
1414
1233
1016
759
471
153
-194
-572
-970
-1399
-1832
-2286
-2750
-3223
-3707
-4191