1200024
1176022
1152020
1128017
1104015
1080012
1056010
1032008
1008005
984003
960000
935998
911996
887993
863991
839988
815986
791984
767981
743979
719976
695974
671972
647969
623967
599964
575962
551960
527957
503955
479952
455950
431948
407945
383943
359940
335938
311936
287933
263931
239928
215926
191924
167921
143919
119916
95914
71912
47909
23907
47909
71912
95914
119916
143919
167921
191924
215926
239928
263931
287933
311936
335938
359940
383943
407945
431948
455950
479952
503955
527957
551960
575962
599964
623967
647969
671972
695974
719976
743979
767981
791984
815986
839988
863991
887993
911996
935998
960000
984003
1008005
1032008
1056010
1080012
1104015
1128017
1152020
1176022
1200024
1224027
-4183
-3693
-3184
-2674
-2195
-1731
-1287
-878
-499
-146
157
440
677
894
1066
1207
1313
1404
1470
1525
1565
1591
1606
1631
1646
1656
1666
1676
1681
1687
1692
1697
1702
1707
1702
1707
1712
1707
1707
1707
1707
1707
1697
1702
1702
1692
1692
1687
1681
1671
1591
1540
1500
1464
1439
1419
1399
1379
1364
1353
1328
1313
1298
1278
1268
1252
1227
1217
1202
1182
1167
1152
1136
1116
1101
1081
1061
1035
1010
985
945
899
849
773
672
541
369
162
-65
-338
-651
-989
-1362
-1771
-2205
-2669
-3164
-3673
-4198
-4753