1200024
1176022
1152020
1128017
1104015
1080012
1056010
1032008
1008005
984003
960000
935998
911996
887993
863991
839988
815986
791984
767981
743979
719976
695974
671972
647969
623967
599964
575962
551960
527957
503955
479952
455950
431948
407945
383943
359940
335938
311936
287933
263931
239928
215926
191924
167921
143919
119916
95914
71912
47909
23907
47909
71912
95914
119916
143919
167921
191924
215926
239928
263931
287933
311936
335938
359940
383943
407945
431948
455950
479952
503955
527957
551960
575962
599964
623967
647969
671972
695974
719976
743979
767981
791984
815986
839988
863991
887993
911996
935998
960000
984003
1008005
1032008
1056010
1080012
1104015
1128017
1152020
1176022
1200024
1224027
-4354
-3814
-3300
-2750
-2185
-1625
-1085
-595
-151
228
546
803
995
1141
1242
1303
1358
1389
1409
1429
1444
1444
1449
1459
1459
1464
1464
1464
1470
1475
1475
1475
1480
1480
1480
1480
1485
1475
1480
1485
1485
1485
1480
1490
1485
1490
1485
1480
1485
1490
1480
1464
1464
1454
1444
1444
1439
1434
1429
1429
1414
1424
1414
1409
1404
1394
1394
1389
1389
1374
1374
1364
1358
1348
1338
1328
1318
1308
1293
1278
1263
1232
1207
1167
1111
1025
909
748
531
233
-126
-555
-1059
-1609
-2210
-2851
-3522
-4218
-4935
-5666