1200024
1176022
1152020
1128017
1104015
1080012
1056010
1032008
1008005
984003
960000
935998
911996
887993
863991
839988
815986
791984
767981
743979
719976
695974
671972
647969
623967
599964
575962
551960
527957
503955
479952
455950
431948
407945
383943
359940
335938
311936
287933
263931
239928
215926
191924
167921
143919
119916
95914
71912
47909
23907
47909
71912
95914
119916
143919
167921
191924
215926
239928
263931
287933
311936
335938
359940
383943
407945
431948
455950
479952
503955
527957
551960
575962
599964
623967
647969
671972
695974
719976
743979
767981
791984
815986
839988
863991
887993
911996
935998
960000
984003
1008005
1032008
1056010
1080012
1104015
1128017
1152020
1176022
1200024
1224027
-4077
-3603
-3108
-2624
-2154
-1710
-1287
-888
-530
-197
97
354
591
783
960
1096
1202
1288
1353
1399
1439
1464
1495
1505
1520
1535
1545
1560
1565
1570
1570
1581
1586
1586
1596
1596
1601
1596
1601
1596
1591
1586
1591
1581
1575
1570
1570
1570
1565
1565
1470
1414
1374
1338
1318
1298
1273
1258
1237
1222
1207
1187
1167
1157
1141
1131
1111
1086
1076
1061
1051
1035
1020
1000
980
965
945
924
899
874
839
798
748
672
576
455
294
102
-121
-378
-676
-1004
-1362
-1761
-2175
-2614
-3093
-3582
-4102
-4632