1200024
1176022
1152020
1128017
1104015
1080012
1056010
1032008
1008005
984003
960000
935998
911996
887993
863991
839988
815986
791984
767981
743979
719976
695974
671972
647969
623967
599964
575962
551960
527957
503955
479952
455950
431948
407945
383943
359940
335938
311936
287933
263931
239928
215926
191924
167921
143919
119916
95914
71912
47909
23907
47909
71912
95914
119916
143919
167921
191924
215926
239928
263931
287933
311936
335938
359940
383943
407945
431948
455950
479952
503955
527957
551960
575962
599964
623967
647969
671972
695974
719976
743979
767981
791984
815986
839988
863991
887993
911996
935998
960000
984003
1008005
1032008
1056010
1080012
1104015
1128017
1152020
1176022
1200024
1224027
-4440
-3870
-3285
-2709
-2165
-1640
-1140
-681
-257
117
455
758
1010
1232
1404
1550
1656
1742
1803
1853
1888
1909
1929
1939
1959
1969
1979
1979
1984
1989
1994
1994
1994
1994
1999
1989
1994
1989
1989
1979
1979
1974
1969
1964
1959
1959
1944
1944
1939
1944
1843
1787
1752
1717
1692
1676
1651
1631
1621
1601
1586
1565
1550
1535
1510
1505
1480
1464
1449
1434
1414
1399
1374
1353
1338
1318
1298
1278
1247
1217
1182
1136
1086
1010
909
783
622
410
162
-131
-459
-837
-1256
-1710
-2200
-2714
-3264
-3845
-4450
-5061