1200024
1176022
1152020
1128017
1104015
1080012
1056010
1032008
1008005
984003
960000
935998
911996
887993
863991
839988
815986
791984
767981
743979
719976
695974
671972
647969
623967
599964
575962
551960
527957
503955
479952
455950
431948
407945
383943
359940
335938
311936
287933
263931
239928
215926
191924
167921
143919
119916
95914
71912
47909
23907
47909
71912
95914
119916
143919
167921
191924
215926
239928
263931
287933
311936
335938
359940
383943
407945
431948
455950
479952
503955
527957
551960
575962
599964
623967
647969
671972
695974
719976
743979
767981
791984
815986
839988
863991
887993
911996
935998
960000
984003
1008005
1032008
1056010
1080012
1104015
1128017
1152020
1176022
1200024
1224027
-4380
-3825
-3264
-2709
-2170
-1660
-1181
-726
-318
56
395
687
945
1162
1338
1485
1591
1676
1742
1793
1828
1858
1873
1893
1904
1909
1919
1929
1934
1939
1939
1949
1944
1939
1949
1939
1949
1939
1939
1934
1934
1929
1924
1924
1914
1914
1909
1904
1898
1898
1803
1737
1707
1676
1651
1631
1611
1591
1575
1560
1545
1520
1505
1490
1480
1454
1444
1424
1409
1394
1374
1358
1338
1313
1298
1278
1258
1232
1207
1177
1141
1096
1041
965
864
733
571
354
107
-182
-509
-878
-1287
-1726
-2210
-2704
-3249
-3809
-4390
-4990