1200024
1176022
1152020
1128017
1104015
1080012
1056010
1032008
1008005
984003
960000
935998
911996
887993
863991
839988
815986
791984
767981
743979
719976
695974
671972
647969
623967
599964
575962
551960
527957
503955
479952
455950
431948
407945
383943
359940
335938
311936
287933
263931
239928
215926
191924
167921
143919
119916
95914
71912
47909
23907
47909
71912
95914
119916
143919
167921
191924
215926
239928
263931
287933
311936
335938
359940
383943
407945
431948
455950
479952
503955
527957
551960
575962
599964
623967
647969
671972
695974
719976
743979
767981
791984
815986
839988
863991
887993
911996
935998
960000
984003
1008005
1032008
1056010
1080012
1104015
1128017
1152020
1176022
1200024
1224027
-4349
-3809
-3249
-2699
-2165
-1660
-1191
-742
-328
46
374
672
929
1147
1323
1470
1575
1666
1727
1777
1813
1848
1863
1878
1888
1898
1909
1914
1919
1924
1929
1929
1929
1934
1934
1934
1934
1934
1929
1924
1924
1919
1919
1914
1914
1898
1898
1888
1883
1883
1793
1737
1697
1666
1646
1626
1601
1586
1565
1550
1530
1510
1500
1480
1464
1444
1429
1409
1399
1379
1364
1348
1328
1308
1288
1273
1247
1222
1197
1167
1136
1091
1030
955
859
728
561
349
102
-192
-515
-878
-1281
-1731
-2195
-2699
-3229
-3784
-4354
-4955