1200024
1176022
1152020
1128017
1104015
1080012
1056010
1032008
1008005
984003
960000
935998
911996
887993
863991
839988
815986
791984
767981
743979
719976
695974
671972
647969
623967
599964
575962
551960
527957
503955
479952
455950
431948
407945
383943
359940
335938
311936
287933
263931
239928
215926
191924
167921
143919
119916
95914
71912
47909
23907
47909
71912
95914
119916
143919
167921
191924
215926
239928
263931
287933
311936
335938
359940
383943
407945
431948
455950
479952
503955
527957
551960
575962
599964
623967
647969
671972
695974
719976
743979
767981
791984
815986
839988
863991
887993
911996
935998
960000
984003
1008005
1032008
1056010
1080012
1104015
1128017
1152020
1176022
1200024
1224027
-4148
-3658
-3153
-2659
-2180
-1715
-1281
-873
-489
-151
147
425
657
874
1041
1182
1293
1379
1449
1505
1540
1570
1586
1606
1626
1636
1646
1656
1661
1671
1676
1681
1687
1687
1687
1697
1692
1697
1697
1697
1692
1687
1681
1681
1681
1676
1671
1671
1666
1661
1570
1520
1475
1449
1419
1399
1374
1358
1338
1323
1298
1288
1273
1252
1237
1222
1207
1197
1177
1162
1141
1121
1111
1091
1071
1056
1035
1015
990
960
924
874
829
748
652
521
354
157
-76
-348
-651
-984
-1357
-1761
-2195
-2649
-3133
-3643
-4168
-4718