1200024
1176022
1152020
1128017
1104015
1080012
1056010
1032008
1008005
984003
960000
935998
911996
887993
863991
839988
815986
791984
767981
743979
719976
695974
671972
647969
623967
599964
575962
551960
527957
503955
479952
455950
431948
407945
383943
359940
335938
311936
287933
263931
239928
215926
191924
167921
143919
119916
95914
71912
47909
23907
47909
71912
95914
119916
143919
167921
191924
215926
239928
263931
287933
311936
335938
359940
383943
407945
431948
455950
479952
503955
527957
551960
575962
599964
623967
647969
671972
695974
719976
743979
767981
791984
815986
839988
863991
887993
911996
935998
960000
984003
1008005
1032008
1056010
1080012
1104015
1128017
1152020
1176022
1200024
1224027
-4057
-3587
-3103
-2614
-2154
-1705
-1287
-893
-540
-202
92
349
581
778
940
1076
1187
1273
1338
1389
1419
1449
1475
1490
1505
1515
1530
1545
1550
1560
1565
1565
1570
1575
1575
1581
1581
1575
1581
1575
1570
1565
1565
1565
1560
1560
1555
1550
1545
1545
1449
1394
1364
1323
1298
1283
1258
1242
1222
1207
1192
1177
1157
1141
1126
1111
1101
1081
1066
1046
1035
1015
1000
985
970
955
929
909
889
864
829
788
738
667
571
450
294
97
-126
-383
-681
-1004
-1362
-1751
-2159
-2603
-3073
-3572
-4082
-4622