1200024
1176022
1152020
1128017
1104015
1080012
1056010
1032008
1008005
984003
960000
935998
911996
887993
863991
839988
815986
791984
767981
743979
719976
695974
671972
647969
623967
599964
575962
551960
527957
503955
479952
455950
431948
407945
383943
359940
335938
311936
287933
263931
239928
215926
191924
167921
143919
119916
95914
71912
47909
23907
47909
71912
95914
119916
143919
167921
191924
215926
239928
263931
287933
311936
335938
359940
383943
407945
431948
455950
479952
503955
527957
551960
575962
599964
623967
647969
671972
695974
719976
743979
767981
791984
815986
839988
863991
887993
911996
935998
960000
984003
1008005
1032008
1056010
1080012
1104015
1128017
1152020
1176022
1200024
1224027
-4460
-3794
-3128
-2487
-1872
-1297
-757
-262
177
576
919
1217
1464
1671
1838
1959
2060
2136
2186
2221
2257
2277
2292
2302
2312
2312
2312
2317
2307
2307
2307
2302
2297
2292
2292
2282
2272
2272
2262
2257
2242
2232
2232
2221
2216
2206
2201
2196
2186
2181
2095
2050
2025
1989
1979
1959
1939
1929
1904
1898
1878
1868
1858
1843
1828
1808
1803
1782
1772
1747
1732
1712
1697
1681
1661
1641
1616
1591
1570
1540
1505
1464
1414
1353
1263
1147
1000
803
556
263
-70
-459
-903
-1398
-1922
-2498
-3103
-3744
-4420
-5111