1200024
1176022
1152020
1128017
1104015
1080012
1056010
1032008
1008005
984003
960000
935998
911996
887993
863991
839988
815986
791984
767981
743979
719976
695974
671972
647969
623967
599964
575962
551960
527957
503955
479952
455950
431948
407945
383943
359940
335938
311936
287933
263931
239928
215926
191924
167921
143919
119916
95914
71912
47909
23907
47909
71912
95914
119916
143919
167921
191924
215926
239928
263931
287933
311936
335938
359940
383943
407945
431948
455950
479952
503955
527957
551960
575962
599964
623967
647969
671972
695974
719976
743979
767981
791984
815986
839988
863991
887993
911996
935998
960000
984003
1008005
1032008
1056010
1080012
1104015
1128017
1152020
1176022
1200024
1224027
-4304
-3577
-2871
-2200
-1564
-979
-444
51
490
879
1212
1500
1727
1914
2060
2176
2257
2317
2368
2403
2428
2449
2459
2464
2464
2469
2464
2469
2459
2459
2454
2449
2433
2433
2423
2413
2408
2398
2388
2378
2368
2363
2353
2348
2348
2338
2327
2322
2322
2307
2242
2211
2181
2161
2141
2131
2116
2105
2095
2085
2070
2060
2045
2035
2020
2010
1994
1979
1964
1954
1934
1924
1909
1883
1863
1848
1833
1808
1782
1757
1717
1676
1636
1581
1495
1394
1252
1076
844
566
233
-156
-595
-1095
-1640
-2235
-2861
-3532
-4228
-4950