1200024
1176022
1152020
1128017
1104015
1080012
1056010
1032008
1008005
984003
960000
935998
911996
887993
863991
839988
815986
791984
767981
743979
719976
695974
671972
647969
623967
599964
575962
551960
527957
503955
479952
455950
431948
407945
383943
359940
335938
311936
287933
263931
239928
215926
191924
167921
143919
119916
95914
71912
47909
23907
47909
71912
95914
119916
143919
167921
191924
215926
239928
263931
287933
311936
335938
359940
383943
407945
431948
455950
479952
503955
527957
551960
575962
599964
623967
647969
671972
695974
719976
743979
767981
791984
815986
839988
863991
887993
911996
935998
960000
984003
1008005
1032008
1056010
1080012
1104015
1128017
1152020
1176022
1200024
1224027
-4309
-3779
-3234
-2689
-2175
-1680
-1206
-767
-358
1
334
622
879
1091
1268
1414
1520
1611
1681
1732
1767
1798
1813
1833
1838
1853
1858
1868
1873
1878
1883
1883
1888
1893
1883
1893
1888
1888
1888
1888
1878
1883
1878
1873
1868
1868
1858
1858
1853
1853
1757
1707
1671
1631
1611
1586
1570
1550
1535
1515
1500
1480
1464
1454
1429
1419
1394
1384
1374
1343
1328
1313
1293
1278
1252
1237
1217
1197
1167
1136
1101
1061
1000
929
824
692
526
319
66
-212
-540
-898
-1302
-1736
-2195
-2689
-3209
-3754
-4319
-4904