1200024
1176022
1152020
1128017
1104015
1080012
1056010
1032008
1008005
984003
960000
935998
911996
887993
863991
839988
815986
791984
767981
743979
719976
695974
671972
647969
623967
599964
575962
551960
527957
503955
479952
455950
431948
407945
383943
359940
335938
311936
287933
263931
239928
215926
191924
167921
143919
119916
95914
71912
47909
23907
47909
71912
95914
119916
143919
167921
191924
215926
239928
263931
287933
311936
335938
359940
383943
407945
431948
455950
479952
503955
527957
551960
575962
599964
623967
647969
671972
695974
719976
743979
767981
791984
815986
839988
863991
887993
911996
935998
960000
984003
1008005
1032008
1056010
1080012
1104015
1128017
1152020
1176022
1200024
1224027
-4122
-3643
-3148
-2654
-2180
-1726
-1292
-883
-515
-176
117
389
632
834
1005
1147
1258
1343
1409
1464
1495
1530
1550
1565
1586
1596
1601
1616
1626
1626
1636
1636
1641
1646
1651
1656
1651
1646
1651
1646
1651
1636
1651
1641
1636
1636
1631
1626
1621
1621
1530
1475
1434
1409
1379
1358
1333
1318
1298
1288
1268
1252
1237
1217
1202
1182
1172
1152
1141
1121
1106
1096
1071
1056
1035
1025
1005
980
960
929
894
854
793
723
627
495
334
132
-101
-363
-666
-999
-1367
-1766
-2195
-2639
-3128
-3628
-4148
-4692