1200024
1176022
1152020
1128017
1104015
1080012
1056010
1032008
1008005
984003
960000
935998
911996
887993
863991
839988
815986
791984
767981
743979
719976
695974
671972
647969
623967
599964
575962
551960
527957
503955
479952
455950
431948
407945
383943
359940
335938
311936
287933
263931
239928
215926
191924
167921
143919
119916
95914
71912
47909
23907
47909
71912
95914
119916
143919
167921
191924
215926
239928
263931
287933
311936
335938
359940
383943
407945
431948
455950
479952
503955
527957
551960
575962
599964
623967
647969
671972
695974
719976
743979
767981
791984
815986
839988
863991
887993
911996
935998
960000
984003
1008005
1032008
1056010
1080012
1104015
1128017
1152020
1176022
1200024
1224027
-4092
-3618
-3123
-2644
-2175
-1720
-1297
-898
-530
-187
102
374
596
803
975
1106
1222
1308
1369
1424
1459
1495
1510
1535
1545
1560
1565
1581
1586
1596
1596
1606
1611
1611
1616
1616
1621
1621
1616
1621
1616
1616
1611
1606
1606
1606
1601
1596
1591
1586
1500
1444
1404
1369
1343
1323
1303
1283
1273
1252
1232
1212
1202
1187
1172
1157
1141
1121
1106
1086
1076
1066
1041
1025
1010
995
970
950
929
899
869
824
778
702
596
470
314
117
-106
-373
-671
-1004
-1362
-1756
-2180
-2624
-3098
-3603
-4117
-4652