1200024
1176022
1152020
1128017
1104015
1080012
1056010
1032008
1008005
984003
960000
935998
911996
887993
863991
839988
815986
791984
767981
743979
719976
695974
671972
647969
623967
599964
575962
551960
527957
503955
479952
455950
431948
407945
383943
359940
335938
311936
287933
263931
239928
215926
191924
167921
143919
119916
95914
71912
47909
23907
47909
71912
95914
119916
143919
167921
191924
215926
239928
263931
287933
311936
335938
359940
383943
407945
431948
455950
479952
503955
527957
551960
575962
599964
623967
647969
671972
695974
719976
743979
767981
791984
815986
839988
863991
887993
911996
935998
960000
984003
1008005
1032008
1056010
1080012
1104015
1128017
1152020
1176022
1200024
1224027
-4238
-3734
-3209
-2694
-2195
-1715
-1256
-837
-444
-91
223
506
758
970
1147
1288
1399
1490
1550
1601
1636
1671
1692
1707
1722
1737
1742
1752
1757
1767
1772
1777
1772
1777
1782
1782
1782
1782
1782
1782
1782
1772
1772
1767
1767
1767
1762
1757
1747
1747
1656
1611
1565
1535
1510
1490
1470
1449
1424
1419
1394
1374
1364
1348
1333
1318
1298
1283
1268
1242
1227
1212
1192
1177
1162
1136
1121
1096
1076
1041
1005
960
904
824
728
591
430
218
-20
-293
-615
-959
-1347
-1761
-2210
-2684
-3184
-3719
-4259
-4819