1200024
1176022
1152020
1128017
1104015
1080012
1056010
1032008
1008005
984003
960000
935998
911996
887993
863991
839988
815986
791984
767981
743979
719976
695974
671972
647969
623967
599964
575962
551960
527957
503955
479952
455950
431948
407945
383943
359940
335938
311936
287933
263931
239928
215926
191924
167921
143919
119916
95914
71912
47909
23907
47909
71912
95914
119916
143919
167921
191924
215926
239928
263931
287933
311936
335938
359940
383943
407945
431948
455950
479952
503955
527957
551960
575962
599964
623967
647969
671972
695974
719976
743979
767981
791984
815986
839988
863991
887993
911996
935998
960000
984003
1008005
1032008
1056010
1080012
1104015
1128017
1152020
1176022
1200024
1224027
-4284
-3764
-3224
-2704
-2195
-1700
-1246
-812
-414
-50
268
556
808
1025
1202
1343
1459
1545
1611
1661
1692
1732
1742
1767
1772
1787
1798
1808
1808
1813
1818
1823
1828
1828
1833
1838
1833
1828
1828
1828
1828
1818
1818
1818
1813
1808
1803
1803
1803
1793
1702
1646
1611
1581
1555
1535
1520
1500
1485
1459
1449
1429
1414
1399
1379
1364
1348
1328
1313
1293
1283
1268
1242
1232
1207
1187
1167
1147
1121
1091
1051
1010
950
869
773
642
465
258
16
-267
-585
-938
-1327
-1751
-2205
-2689
-3209
-3739
-4289
-4869