1200024
1176022
1152020
1128017
1104015
1080012
1056010
1032008
1008005
984003
960000
935998
911996
887993
863991
839988
815986
791984
767981
743979
719976
695974
671972
647969
623967
599964
575962
551960
527957
503955
479952
455950
431948
407945
383943
359940
335938
311936
287933
263931
239928
215926
191924
167921
143919
119916
95914
71912
47909
23907
47909
71912
95914
119916
143919
167921
191924
215926
239928
263931
287933
311936
335938
359940
383943
407945
431948
455950
479952
503955
527957
551960
575962
599964
623967
647969
671972
695974
719976
743979
767981
791984
815986
839988
863991
887993
911996
935998
960000
984003
1008005
1032008
1056010
1080012
1104015
1128017
1152020
1176022
1200024
1224027
-4425
-3860
-3275
-2704
-2149
-1625
-1125
-671
-247
132
475
778
1025
1247
1424
1565
1676
1757
1818
1868
1904
1934
1949
1959
1974
1984
1984
1994
1999
1999
2004
2010
2010
2015
2010
1999
1999
1999
1999
1989
1989
1984
1979
1979
1974
1964
1964
1954
1944
1944
1858
1798
1762
1727
1707
1676
1656
1646
1626
1611
1596
1575
1560
1545
1525
1515
1490
1475
1459
1444
1424
1409
1384
1369
1353
1328
1308
1288
1258
1227
1197
1147
1091
1020
924
798
627
425
172
-111
-444
-822
-1241
-1695
-2185
-2704
-3254
-3835
-4430
-5056