1200024
1176022
1152020
1128017
1104015
1080012
1056010
1032008
1008005
984003
960000
935998
911996
887993
863991
839988
815986
791984
767981
743979
719976
695974
671972
647969
623967
599964
575962
551960
527957
503955
479952
455950
431948
407945
383943
359940
335938
311936
287933
263931
239928
215926
191924
167921
143919
119916
95914
71912
47909
23907
47909
71912
95914
119916
143919
167921
191924
215926
239928
263931
287933
311936
335938
359940
383943
407945
431948
455950
479952
503955
527957
551960
575962
599964
623967
647969
671972
695974
719976
743979
767981
791984
815986
839988
863991
887993
911996
935998
960000
984003
1008005
1032008
1056010
1080012
1104015
1128017
1152020
1176022
1200024
1224027
-4400
-3825
-3244
-2664
-2114
-1589
-1100
-631
-207
167
511
808
1061
1278
1449
1601
1712
1787
1858
1904
1934
1959
1984
1989
2010
2015
2025
2025
2030
2030
2035
2040
2040
2035
2035
2035
2030
2025
2025
2015
2015
2010
2004
1989
1999
1989
1979
1984
1974
1964
1873
1823
1782
1747
1727
1707
1681
1671
1651
1631
1621
1601
1586
1570
1550
1535
1515
1505
1485
1470
1454
1434
1409
1399
1374
1353
1328
1308
1278
1252
1217
1177
1126
1046
945
824
662
455
203
-81
-414
-792
-1206
-1665
-2154
-2679
-3229
-3804
-4400
-5020