1200024
1176022
1152020
1128017
1104015
1080012
1056010
1032008
1008005
984003
960000
935998
911996
887993
863991
839988
815986
791984
767981
743979
719976
695974
671972
647969
623967
599964
575962
551960
527957
503955
479952
455950
431948
407945
383943
359940
335938
311936
287933
263931
239928
215926
191924
167921
143919
119916
95914
71912
47909
23907
47909
71912
95914
119916
143919
167921
191924
215926
239928
263931
287933
311936
335938
359940
383943
407945
431948
455950
479952
503955
527957
551960
575962
599964
623967
647969
671972
695974
719976
743979
767981
791984
815986
839988
863991
887993
911996
935998
960000
984003
1008005
1032008
1056010
1080012
1104015
1128017
1152020
1176022
1200024
1224027
-166
-146
-121
-96
-76
-50
-25
-8
11
21
36
46
56
56
72
66
66
72
77
82
77
77
77
87
82
82
82
87
87
92
82
92
92
92
87
92
92
87
97
92
87
92
92
87
92
97
92
92
92
97
87
92
87
82
82
77
87
77
77
82
82
77
77
77
77
72
72
72
66
72
66
66
61
61
61
56
56
51
46
51
51
46
46
41
41
41
31
36
26
11
6
-8
-20
-45
-81
-116
-161
-227
-308
-404