1200024
1176022
1152020
1128017
1104015
1080012
1056010
1032008
1008005
984003
960000
935998
911996
887993
863991
839988
815986
791984
767981
743979
719976
695974
671972
647969
623967
599964
575962
551960
527957
503955
479952
455950
431948
407945
383943
359940
335938
311936
287933
263931
239928
215926
191924
167921
143919
119916
95914
71912
47909
23907
47909
71912
95914
119916
143919
167921
191924
215926
239928
263931
287933
311936
335938
359940
383943
407945
431948
455950
479952
503955
527957
551960
575962
599964
623967
647969
671972
695974
719976
743979
767981
791984
815986
839988
863991
887993
911996
935998
960000
984003
1008005
1032008
1056010
1080012
1104015
1128017
1152020
1176022
1200024
1224027
-5631
-4945
-4178
-3365
-2558
-1801
-1115
-504
-3
410
743
985
1157
1278
1358
1419
1454
1475
1500
1515
1530
1535
1535
1540
1545
1545
1545
1550
1550
1550
1550
1555
1555
1555
1555
1555
1555
1555
1555
1555
1550
1555
1555
1555
1555
1550
1555
1555
1560
1560
1535
1525
1515
1510
1505
1500
1490
1485
1480
1475
1470
1459
1459
1454
1444
1439
1434
1424
1424
1409
1399
1389
1379
1374
1358
1343
1333
1318
1303
1288
1263
1242
1212
1182
1131
1066
985
849
657
395
31
-439
-1019
-1710
-2492
-3340
-4269
-5242
-6267
-7331