1200024
1176022
1152020
1128017
1104015
1080012
1056010
1032008
1008005
984003
960000
935998
911996
887993
863991
839988
815986
791984
767981
743979
719976
695974
671972
647969
623967
599964
575962
551960
527957
503955
479952
455950
431948
407945
383943
359940
335938
311936
287933
263931
239928
215926
191924
167921
143919
119916
95914
71912
47909
23907
47909
71912
95914
119916
143919
167921
191924
215926
239928
263931
287933
311936
335938
359940
383943
407945
431948
455950
479952
503955
527957
551960
575962
599964
623967
647969
671972
695974
719976
743979
767981
791984
815986
839988
863991
887993
911996
935998
960000
984003
1008005
1032008
1056010
1080012
1104015
1128017
1152020
1176022
1200024
1224027
-4203
-3703
-3194
-2689
-2200
-1731
-1281
-858
-479
-131
177
465
707
914
1086
1232
1343
1434
1500
1550
1586
1616
1636
1656
1666
1681
1692
1702
1707
1712
1717
1717
1727
1727
1732
1732
1732
1732
1737
1727
1727
1727
1727
1722
1717
1717
1712
1712
1702
1702
1606
1560
1520
1490
1464
1444
1424
1399
1389
1369
1348
1338
1313
1303
1288
1273
1258
1237
1222
1207
1192
1172
1157
1131
1121
1101
1076
1056
1035
1000
965
924
869
788
692
556
395
188
-45
-318
-636
-974
-1357
-1771
-2210
-2669
-3169
-3683
-4223
-4773