1200024
1176022
1152020
1128017
1104015
1080012
1056010
1032008
1008005
984003
960000
935998
911996
887993
863991
839988
815986
791984
767981
743979
719976
695974
671972
647969
623967
599964
575962
551960
527957
503955
479952
455950
431948
407945
383943
359940
335938
311936
287933
263931
239928
215926
191924
167921
143919
119916
95914
71912
47909
23907
47909
71912
95914
119916
143919
167921
191924
215926
239928
263931
287933
311936
335938
359940
383943
407945
431948
455950
479952
503955
527957
551960
575962
599964
623967
647969
671972
695974
719976
743979
767981
791984
815986
839988
863991
887993
911996
935998
960000
984003
1008005
1032008
1056010
1080012
1104015
1128017
1152020
1176022
1200024
1224027
-4264
-3749
-3209
-2684
-2175
-1680
-1221
-787
-388
-20
294
586
839
1051
1222
1369
1485
1575
1631
1687
1722
1752
1772
1787
1798
1813
1823
1828
1838
1843
1848
1843
1848
1863
1853
1858
1858
1858
1853
1853
1848
1848
1843
1843
1838
1833
1823
1823
1823
1813
1722
1671
1631
1606
1575
1555
1530
1520
1495
1485
1464
1444
1429
1414
1399
1384
1369
1353
1333
1313
1298
1278
1258
1237
1227
1197
1187
1157
1131
1101
1066
1025
965
889
793
657
490
289
41
-237
-560
-918
-1307
-1736
-2185
-2674
-3189
-3724
-4279
-4854