1200024
1176022
1152020
1128017
1104015
1080012
1056010
1032008
1008005
984003
960000
935998
911996
887993
863991
839988
815986
791984
767981
743979
719976
695974
671972
647969
623967
599964
575962
551960
527957
503955
479952
455950
431948
407945
383943
359940
335938
311936
287933
263931
239928
215926
191924
167921
143919
119916
95914
71912
47909
23907
47909
71912
95914
119916
143919
167921
191924
215926
239928
263931
287933
311936
335938
359940
383943
407945
431948
455950
479952
503955
527957
551960
575962
599964
623967
647969
671972
695974
719976
743979
767981
791984
815986
839988
863991
887993
911996
935998
960000
984003
1008005
1032008
1056010
1080012
1104015
1128017
1152020
1176022
1200024
1224027
-4072
-3592
-3108
-2629
-2170
-1726
-1302
-918
-555
-237
56
319
551
743
909
1030
1147
1227
1293
1343
1374
1409
1429
1444
1459
1475
1480
1485
1495
1505
1510
1515
1515
1520
1520
1520
1525
1515
1525
1525
1520
1515
1515
1510
1505
1505
1505
1495
1490
1490
1399
1348
1308
1283
1258
1232
1212
1202
1177
1162
1147
1136
1116
1106
1096
1071
1061
1046
1035
1015
995
985
970
955
935
924
904
879
859
829
803
758
707
637
546
425
268
82
-146
-398
-691
-1014
-1377
-1761
-2185
-2619
-3083
-3577
-4087
-4622