1200024
1176022
1152020
1128017
1104015
1080012
1056010
1032008
1008005
984003
960000
935998
911996
887993
863991
839988
815986
791984
767981
743979
719976
695974
671972
647969
623967
599964
575962
551960
527957
503955
479952
455950
431948
407945
383943
359940
335938
311936
287933
263931
239928
215926
191924
167921
143919
119916
95914
71912
47909
23907
47909
71912
95914
119916
143919
167921
191924
215926
239928
263931
287933
311936
335938
359940
383943
407945
431948
455950
479952
503955
527957
551960
575962
599964
623967
647969
671972
695974
719976
743979
767981
791984
815986
839988
863991
887993
911996
935998
960000
984003
1008005
1032008
1056010
1080012
1104015
1128017
1152020
1176022
1200024
1224027
-3986
-3522
-3053
-2583
-2134
-1700
-1281
-908
-560
-237
41
294
511
702
854
980
1081
1162
1222
1268
1308
1328
1353
1364
1384
1394
1404
1409
1424
1429
1439
1439
1444
1444
1444
1439
1454
1439
1444
1444
1444
1439
1439
1429
1434
1424
1424
1419
1414
1414
1323
1273
1237
1207
1182
1157
1141
1121
1106
1086
1076
1061
1051
1030
1010
1005
985
970
960
950
935
914
904
884
869
854
839
818
803
778
748
707
657
596
506
389
238
61
-151
-398
-686
-999
-1347
-1731
-2134
-2573
-3032
-3517
-4016
-4541