1200024
1176022
1152020
1128017
1104015
1080012
1056010
1032008
1008005
984003
960000
935998
911996
887993
863991
839988
815986
791984
767981
743979
719976
695974
671972
647969
623967
599964
575962
551960
527957
503955
479952
455950
431948
407945
383943
359940
335938
311936
287933
263931
239928
215926
191924
167921
143919
119916
95914
71912
47909
23907
47909
71912
95914
119916
143919
167921
191924
215926
239928
263931
287933
311936
335938
359940
383943
407945
431948
455950
479952
503955
527957
551960
575962
599964
623967
647969
671972
695974
719976
743979
767981
791984
815986
839988
863991
887993
911996
935998
960000
984003
1008005
1032008
1056010
1080012
1104015
1128017
1152020
1176022
1200024
1224027
-4001
-3537
-3068
-2588
-2134
-1700
-1297
-903
-555
-232
41
304
521
712
864
1010
1101
1177
1237
1288
1333
1369
1374
1394
1424
1384
1409
1439
1424
1429
1454
1434
1444
1449
1424
1480
1490
1464
1464
1464
1459
1459
1459
1449
1444
1434
1439
1434
1444
1429
1338
1293
1258
1222
1192
1177
1157
1136
1121
1106
1101
1071
1061
1051
1030
1020
1005
990
970
970
945
919
914
889
879
869
849
829
808
788
758
718
667
601
516
400
248
66
-146
-404
-681
-1004
-1347
-1736
-2144
-2578
-3042
-3527
-4031
-4556