1200024
1176022
1152020
1128017
1104015
1080012
1056010
1032008
1008005
984003
960000
935998
911996
887993
863991
839988
815986
791984
767981
743979
719976
695974
671972
647969
623967
599964
575962
551960
527957
503955
479952
455950
431948
407945
383943
359940
335938
311936
287933
263931
239928
215926
191924
167921
143919
119916
95914
71912
47909
23907
47909
71912
95914
119916
143919
167921
191924
215926
239928
263931
287933
311936
335938
359940
383943
407945
431948
455950
479952
503955
527957
551960
575962
599964
623967
647969
671972
695974
719976
743979
767981
791984
815986
839988
863991
887993
911996
935998
960000
984003
1008005
1032008
1056010
1080012
1104015
1128017
1152020
1176022
1200024
1224027
-4137
-3653
-3153
-2659
-2175
-1720
-1281
-883
-504
-156
142
420
662
864
1030
1177
1288
1374
1439
1490
1525
1555
1581
1606
1616
1626
1631
1641
1656
1661
1661
1671
1681
1681
1681
1681
1681
1687
1681
1687
1681
1681
1681
1676
1671
1661
1666
1656
1656
1656
1570
1505
1464
1439
1414
1389
1374
1353
1333
1313
1298
1283
1263
1252
1232
1212
1202
1182
1162
1152
1136
1111
1101
1081
1066
1046
1025
1005
980
950
919
869
813
743
647
516
349
152
-81
-348
-651
-984
-1357
-1761
-2190
-2649
-3128
-3638
-4163
-4708