1200024
1176022
1152020
1128017
1104015
1080012
1056010
1032008
1008005
984003
960000
935998
911996
887993
863991
839988
815986
791984
767981
743979
719976
695974
671972
647969
623967
599964
575962
551960
527957
503955
479952
455950
431948
407945
383943
359940
335938
311936
287933
263931
239928
215926
191924
167921
143919
119916
95914
71912
47909
23907
47909
71912
95914
119916
143919
167921
191924
215926
239928
263931
287933
311936
335938
359940
383943
407945
431948
455950
479952
503955
527957
551960
575962
599964
623967
647969
671972
695974
719976
743979
767981
791984
815986
839988
863991
887993
911996
935998
960000
984003
1008005
1032008
1056010
1080012
1104015
1128017
1152020
1176022
1200024
1224027
-4253
-3739
-3214
-2699
-2190
-1715
-1261
-837
-449
-86
228
511
758
970
1147
1293
1404
1495
1560
1601
1641
1671
1697
1712
1722
1732
1737
1752
1757
1762
1777
1772
1777
1777
1782
1787
1782
1787
1782
1782
1777
1777
1772
1772
1767
1767
1757
1762
1752
1747
1656
1596
1570
1535
1510
1490
1475
1449
1434
1414
1399
1384
1369
1348
1333
1323
1303
1288
1268
1252
1232
1217
1192
1177
1162
1136
1121
1096
1071
1041
1010
965
904
829
733
601
425
223
-15
-293
-610
-959
-1347
-1766
-2210
-2689
-3189
-3719
-4264
-4829