1200024
1176022
1152020
1128017
1104015
1080012
1056010
1032008
1008005
984003
960000
935998
911996
887993
863991
839988
815986
791984
767981
743979
719976
695974
671972
647969
623967
599964
575962
551960
527957
503955
479952
455950
431948
407945
383943
359940
335938
311936
287933
263931
239928
215926
191924
167921
143919
119916
95914
71912
47909
23907
47909
71912
95914
119916
143919
167921
191924
215926
239928
263931
287933
311936
335938
359940
383943
407945
431948
455950
479952
503955
527957
551960
575962
599964
623967
647969
671972
695974
719976
743979
767981
791984
815986
839988
863991
887993
911996
935998
960000
984003
1008005
1032008
1056010
1080012
1104015
1128017
1152020
1176022
1200024
1224027
-4233
-3724
-3199
-2684
-2180
-1710
-1256
-848
-449
-96
218
501
748
960
1141
1273
1394
1480
1550
1601
1636
1666
1687
1707
1717
1732
1737
1742
1757
1762
1767
1772
1772
1772
1777
1782
1777
1777
1777
1772
1767
1772
1762
1762
1762
1757
1757
1757
1752
1742
1651
1596
1565
1525
1500
1485
1459
1439
1429
1409
1389
1374
1353
1338
1328
1308
1293
1273
1263
1237
1222
1207
1197
1172
1157
1136
1116
1086
1061
1035
1000
955
889
818
712
586
420
213
-20
-303
-620
-964
-1347
-1766
-2210
-2679
-3179
-3709
-4253
-4814