1200024
1176022
1152020
1128017
1104015
1080012
1056010
1032008
1008005
984003
960000
935998
911996
887993
863991
839988
815986
791984
767981
743979
719976
695974
671972
647969
623967
599964
575962
551960
527957
503955
479952
455950
431948
407945
383943
359940
335938
311936
287933
263931
239928
215926
191924
167921
143919
119916
95914
71912
47909
23907
47909
71912
95914
119916
143919
167921
191924
215926
239928
263931
287933
311936
335938
359940
383943
407945
431948
455950
479952
503955
527957
551960
575962
599964
623967
647969
671972
695974
719976
743979
767981
791984
815986
839988
863991
887993
911996
935998
960000
984003
1008005
1032008
1056010
1080012
1104015
1128017
1152020
1176022
1200024
1224027
-4067
-3557
-3103
-2629
-2159
-1736
-1322
-918
-570
-242
41
299
531
723
874
1020
1131
1207
1258
1303
1358
1369
1399
1409
1424
1429
1449
1454
1470
1470
1470
1480
1485
1485
1485
1485
1490
1490
1485
1480
1475
1480
1480
1475
1464
1464
1459
1459
1454
1449
1364
1313
1273
1247
1227
1202
1192
1172
1152
1131
1121
1106
1091
1076
1066
1046
1035
1015
1000
990
970
960
945
924
914
899
874
869
839
813
778
738
687
617
526
410
258
72
-156
-414
-696
-1024
-1382
-1766
-2175
-2614
-3083
-3572
-4077
-4622