1200024
1176022
1152020
1128017
1104015
1080012
1056010
1032008
1008005
984003
960000
935998
911996
887993
863991
839988
815986
791984
767981
743979
719976
695974
671972
647969
623967
599964
575962
551960
527957
503955
479952
455950
431948
407945
383943
359940
335938
311936
287933
263931
239928
215926
191924
167921
143919
119916
95914
71912
47909
23907
47909
71912
95914
119916
143919
167921
191924
215926
239928
263931
287933
311936
335938
359940
383943
407945
431948
455950
479952
503955
527957
551960
575962
599964
623967
647969
671972
695974
719976
743979
767981
791984
815986
839988
863991
887993
911996
935998
960000
984003
1008005
1032008
1056010
1080012
1104015
1128017
1152020
1176022
1200024
1224027
-4481
-3865
-3249
-2639
-2059
-1509
-979
-504
-60
329
677
980
1237
1444
1626
1757
1863
1939
1999
2050
2080
2105
2126
2136
2146
2141
2156
2156
2161
2156
2166
2166
2161
2166
2156
2156
2146
2146
2141
2131
2126
2121
2116
2116
2105
2090
2085
2080
2075
2070
1984
1924
1883
1858
1833
1808
1793
1777
1762
1742
1732
1712
1697
1676
1661
1651
1636
1616
1601
1581
1560
1545
1525
1505
1485
1464
1444
1419
1394
1364
1328
1288
1237
1167
1076
950
783
586
334
41
-293
-686
-1110
-1584
-2099
-2639
-3224
-3835
-4465
-5126