1200024
1176022
1152020
1128017
1104015
1080012
1056010
1032008
1008005
984003
960000
935998
911996
887993
863991
839988
815986
791984
767981
743979
719976
695974
671972
647969
623967
599964
575962
551960
527957
503955
479952
455950
431948
407945
383943
359940
335938
311936
287933
263931
239928
215926
191924
167921
143919
119916
95914
71912
47909
23907
47909
71912
95914
119916
143919
167921
191924
215926
239928
263931
287933
311936
335938
359940
383943
407945
431948
455950
479952
503955
527957
551960
575962
599964
623967
647969
671972
695974
719976
743979
767981
791984
815986
839988
863991
887993
911996
935998
960000
984003
1008005
1032008
1056010
1080012
1104015
1128017
1152020
1176022
1200024
1224027
-4294
-3759
-3214
-2679
-2159
-1665
-1191
-752
-358
11
339
632
884
1096
1273
1414
1530
1626
1692
1737
1772
1798
1823
1838
1853
1858
1873
1878
1888
1893
1893
1898
1898
1904
1898
1904
1904
1904
1904
1898
1893
1893
1888
1883
1883
1878
1873
1868
1858
1858
1767
1707
1666
1641
1616
1591
1570
1555
1535
1515
1495
1485
1464
1449
1434
1414
1399
1384
1364
1353
1328
1313
1288
1278
1252
1232
1212
1187
1167
1131
1096
1051
995
919
818
687
521
309
66
-212
-535
-898
-1292
-1731
-2190
-2684
-3199
-3744
-4304
-4884