1200024
1176022
1152020
1128017
1104015
1080012
1056010
1032008
1008005
984003
960000
935998
911996
887993
863991
839988
815986
791984
767981
743979
719976
695974
671972
647969
623967
599964
575962
551960
527957
503955
479952
455950
431948
407945
383943
359940
335938
311936
287933
263931
239928
215926
191924
167921
143919
119916
95914
71912
47909
23907
47909
71912
95914
119916
143919
167921
191924
215926
239928
263931
287933
311936
335938
359940
383943
407945
431948
455950
479952
503955
527957
551960
575962
599964
623967
647969
671972
695974
719976
743979
767981
791984
815986
839988
863991
887993
911996
935998
960000
984003
1008005
1032008
1056010
1080012
1104015
1128017
1152020
1176022
1200024
1224027
-3986
-3527
-3048
-2588
-2139
-1700
-1292
-903
-560
-242
36
289
511
697
854
980
1081
1162
1217
1268
1308
1333
1353
1379
1384
1394
1404
1419
1424
1424
1434
1444
1444
1444
1444
1454
1449
1444
1449
1444
1444
1434
1439
1434
1434
1429
1419
1419
1419
1404
1323
1273
1237
1202
1182
1167
1141
1126
1111
1086
1076
1061
1051
1035
1025
1010
995
970
960
945
935
919
904
894
869
859
834
824
798
773
743
712
662
596
511
395
243
56
-151
-404
-681
-999
-1347
-1726
-2139
-2573
-3027
-3517
-4021
-4551