1200024
1176022
1152020
1128017
1104015
1080012
1056010
1032008
1008005
984003
960000
935998
911996
887993
863991
839988
815986
791984
767981
743979
719976
695974
671972
647969
623967
599964
575962
551960
527957
503955
479952
455950
431948
407945
383943
359940
335938
311936
287933
263931
239928
215926
191924
167921
143919
119916
95914
71912
47909
23907
47909
71912
95914
119916
143919
167921
191924
215926
239928
263931
287933
311936
335938
359940
383943
407945
431948
455950
479952
503955
527957
551960
575962
599964
623967
647969
671972
695974
719976
743979
767981
791984
815986
839988
863991
887993
911996
935998
960000
984003
1008005
1032008
1056010
1080012
1104015
1128017
1152020
1176022
1200024
1224027
-4016
-3542
-3068
-2593
-2139
-1705
-1292
-908
-560
-237
51
304
526
718
879
1000
1111
1192
1247
1293
1328
1358
1384
1399
1414
1429
1439
1439
1449
1459
1464
1470
1475
1475
1480
1480
1475
1475
1475
1475
1470
1470
1464
1464
1459
1459
1454
1449
1449
1444
1358
1303
1263
1232
1207
1192
1172
1152
1131
1116
1101
1091
1076
1056
1041
1030
1010
1000
985
975
960
945
919
909
894
874
864
844
818
793
763
728
677
612
521
400
253
66
-146
-398
-686
-1004
-1352
-1741
-2144
-2578
-3048
-3537
-4036
-4566