1200024
1176022
1152020
1128017
1104015
1080012
1056010
1032008
1008005
984003
960000
935998
911996
887993
863991
839988
815986
791984
767981
743979
719976
695974
671972
647969
623967
599964
575962
551960
527957
503955
479952
455950
431948
407945
383943
359940
335938
311936
287933
263931
239928
215926
191924
167921
143919
119916
95914
71912
47909
23907
47909
71912
95914
119916
143919
167921
191924
215926
239928
263931
287933
311936
335938
359940
383943
407945
431948
455950
479952
503955
527957
551960
575962
599964
623967
647969
671972
695974
719976
743979
767981
791984
815986
839988
863991
887993
911996
935998
960000
984003
1008005
1032008
1056010
1080012
1104015
1128017
1152020
1176022
1200024
1224027
-4223
-3719
-3199
-2689
-2195
-1720
-1276
-863
-469
-121
188
460
718
924
1101
1242
1358
1444
1515
1565
1601
1626
1646
1661
1681
1692
1702
1712
1717
1722
1732
1727
1732
1742
1737
1747
1737
1742
1742
1742
1742
1742
1737
1732
1727
1722
1722
1722
1712
1712
1621
1565
1530
1500
1475
1454
1434
1414
1399
1374
1358
1343
1328
1313
1303
1288
1268
1247
1232
1207
1202
1177
1162
1152
1131
1111
1086
1071
1046
1015
970
940
869
798
697
566
395
193
-45
-318
-631
-984
-1357
-1776
-2210
-2679
-3174
-3703
-4238
-4798