1200024
1176022
1152020
1128017
1104015
1080012
1056010
1032008
1008005
984003
960000
935998
911996
887993
863991
839988
815986
791984
767981
743979
719976
695974
671972
647969
623967
599964
575962
551960
527957
503955
479952
455950
431948
407945
383943
359940
335938
311936
287933
263931
239928
215926
191924
167921
143919
119916
95914
71912
47909
23907
47909
71912
95914
119916
143919
167921
191924
215926
239928
263931
287933
311936
335938
359940
383943
407945
431948
455950
479952
503955
527957
551960
575962
599964
623967
647969
671972
695974
719976
743979
767981
791984
815986
839988
863991
887993
911996
935998
960000
984003
1008005
1032008
1056010
1080012
1104015
1128017
1152020
1176022
1200024
1224027
-4082
-3608
-3113
-2629
-2159
-1710
-1287
-893
-525
-192
102
364
596
798
965
1106
1212
1293
1364
1414
1454
1475
1505
1525
1535
1545
1555
1565
1570
1586
1591
1596
1601
1601
1601
1606
1611
1606
1606
1606
1601
1606
1601
1601
1591
1586
1586
1581
1570
1575
1485
1424
1389
1353
1333
1313
1288
1273
1247
1237
1227
1207
1187
1177
1147
1141
1121
1111
1091
1076
1066
1046
1030
1010
995
975
955
940
914
884
849
813
758
687
581
460
304
107
-116
-378
-671
-999
-1362
-1756
-2170
-2619
-3093
-3582
-4097
-4642