1200024
1176022
1152020
1128017
1104015
1080012
1056010
1032008
1008005
984003
960000
935998
911996
887993
863991
839988
815986
791984
767981
743979
719976
695974
671972
647969
623967
599964
575962
551960
527957
503955
479952
455950
431948
407945
383943
359940
335938
311936
287933
263931
239928
215926
191924
167921
143919
119916
95914
71912
47909
23907
47909
71912
95914
119916
143919
167921
191924
215926
239928
263931
287933
311936
335938
359940
383943
407945
431948
455950
479952
503955
527957
551960
575962
599964
623967
647969
671972
695974
719976
743979
767981
791984
815986
839988
863991
887993
911996
935998
960000
984003
1008005
1032008
1056010
1080012
1104015
1128017
1152020
1176022
1200024
1224027
-4385
-3840
-3270
-2714
-2180
-1665
-1176
-726
-308
66
400
697
960
1177
1353
1500
1606
1692
1757
1803
1838
1858
1888
1904
1909
1924
1929
1939
1939
1949
1944
1949
1949
1949
1954
1949
1949
1949
1944
1939
1944
1939
1929
1929
1919
1919
1914
1904
1898
1893
1808
1747
1717
1681
1661
1641
1626
1601
1586
1570
1550
1535
1515
1505
1485
1470
1459
1439
1419
1404
1389
1364
1348
1333
1313
1288
1273
1247
1222
1192
1157
1111
1051
980
884
748
586
374
127
-161
-494
-863
-1271
-1726
-2195
-2709
-3244
-3809
-4395
-5000