1200024
1176022
1152020
1128017
1104015
1080012
1056010
1032008
1008005
984003
960000
935998
911996
887993
863991
839988
815986
791984
767981
743979
719976
695974
671972
647969
623967
599964
575962
551960
527957
503955
479952
455950
431948
407945
383943
359940
335938
311936
287933
263931
239928
215926
191924
167921
143919
119916
95914
71912
47909
23907
47909
71912
95914
119916
143919
167921
191924
215926
239928
263931
287933
311936
335938
359940
383943
407945
431948
455950
479952
503955
527957
551960
575962
599964
623967
647969
671972
695974
719976
743979
767981
791984
815986
839988
863991
887993
911996
935998
960000
984003
1008005
1032008
1056010
1080012
1104015
1128017
1152020
1176022
1200024
1224027
-4395
-3830
-3259
-2699
-2159
-1645
-1150
-706
-287
87
430
728
975
1197
1374
1515
1631
1712
1772
1828
1858
1888
1909
1919
1929
1944
1954
1954
1964
1964
1969
1969
1974
1974
1969
1974
1974
1964
1959
1959
1954
1954
1949
1944
1944
1929
1929
1924
1919
1914
1823
1772
1727
1692
1671
1656
1631
1621
1601
1581
1570
1550
1530
1515
1500
1485
1470
1454
1439
1409
1404
1379
1358
1343
1328
1303
1288
1258
1227
1202
1167
1126
1071
995
899
763
596
389
142
-146
-479
-853
-1261
-1705
-2185
-2704
-3244
-3804
-4400
-5005