1200024
1176022
1152020
1128017
1104015
1080012
1056010
1032008
1008005
984003
960000
935998
911996
887993
863991
839988
815986
791984
767981
743979
719976
695974
671972
647969
623967
599964
575962
551960
527957
503955
479952
455950
431948
407945
383943
359940
335938
311936
287933
263931
239928
215926
191924
167921
143919
119916
95914
71912
47909
23907
47909
71912
95914
119916
143919
167921
191924
215926
239928
263931
287933
311936
335938
359940
383943
407945
431948
455950
479952
503955
527957
551960
575962
599964
623967
647969
671972
695974
719976
743979
767981
791984
815986
839988
863991
887993
911996
935998
960000
984003
1008005
1032008
1056010
1080012
1104015
1128017
1152020
1176022
1200024
1224027
-4390
-3835
-3275
-2714
-2175
-1660
-1176
-726
-303
66
410
707
965
1182
1358
1505
1611
1692
1762
1813
1843
1863
1888
1909
1919
1924
1934
1949
1949
1949
1949
1954
1959
1959
1959
1964
1954
1954
1949
1944
1939
1939
1929
1929
1924
1914
1914
1909
1909
1904
1813
1762
1727
1692
1666
1651
1626
1606
1591
1575
1555
1540
1520
1505
1495
1480
1459
1439
1424
1409
1389
1369
1348
1333
1313
1293
1273
1247
1227
1192
1167
1116
1061
995
889
758
586
384
132
-156
-484
-858
-1266
-1720
-2195
-2709
-3249
-3814
-4395
-5010