1200024
1176022
1152020
1128017
1104015
1080012
1056010
1032008
1008005
984003
960000
935998
911996
887993
863991
839988
815986
791984
767981
743979
719976
695974
671972
647969
623967
599964
575962
551960
527957
503955
479952
455950
431948
407945
383943
359940
335938
311936
287933
263931
239928
215926
191924
167921
143919
119916
95914
71912
47909
23907
47909
71912
95914
119916
143919
167921
191924
215926
239928
263931
287933
311936
335938
359940
383943
407945
431948
455950
479952
503955
527957
551960
575962
599964
623967
647969
671972
695974
719976
743979
767981
791984
815986
839988
863991
887993
911996
935998
960000
984003
1008005
1032008
1056010
1080012
1104015
1128017
1152020
1176022
1200024
1224027
-4148
-3658
-3148
-2654
-2180
-1720
-1276
-878
-504
-166
142
410
652
859
1030
1172
1278
1374
1434
1485
1525
1555
1581
1596
1616
1621
1636
1646
1651
1661
1666
1671
1676
1676
1687
1681
1681
1687
1681
1681
1681
1676
1676
1676
1666
1666
1661
1661
1646
1651
1555
1495
1464
1434
1409
1379
1364
1343
1328
1303
1288
1273
1258
1242
1222
1207
1197
1177
1167
1141
1126
1106
1096
1076
1061
1051
1015
995
970
945
914
869
813
733
632
501
334
137
-91
-358
-661
-994
-1367
-1761
-2200
-2649
-3128
-3643
-4163
-4708