1200024
1176022
1152020
1128017
1104015
1080012
1056010
1032008
1008005
984003
960000
935998
911996
887993
863991
839988
815986
791984
767981
743979
719976
695974
671972
647969
623967
599964
575962
551960
527957
503955
479952
455950
431948
407945
383943
359940
335938
311936
287933
263931
239928
215926
191924
167921
143919
119916
95914
71912
47909
23907
47909
71912
95914
119916
143919
167921
191924
215926
239928
263931
287933
311936
335938
359940
383943
407945
431948
455950
479952
503955
527957
551960
575962
599964
623967
647969
671972
695974
719976
743979
767981
791984
815986
839988
863991
887993
911996
935998
960000
984003
1008005
1032008
1056010
1080012
1104015
1128017
1152020
1176022
1200024
1224027
-4284
-3754
-3204
-2674
-2159
-1665
-1206
-762
-368
-8
324
617
864
1086
1252
1399
1515
1601
1671
1722
1752
1772
1803
1818
1833
1843
1853
1863
1863
1878
1873
1878
1888
1883
1878
1888
1883
1888
1883
1883
1873
1873
1868
1868
1858
1863
1853
1853
1848
1848
1747
1697
1651
1626
1606
1581
1555
1540
1520
1500
1485
1470
1454
1434
1424
1409
1389
1374
1353
1333
1313
1298
1278
1268
1242
1222
1207
1177
1152
1116
1086
1046
990
909
813
682
511
304
56
-217
-540
-903
-1302
-1726
-2190
-2674
-3184
-3729
-4289
-4869