1200024
1176022
1152020
1128017
1104015
1080012
1056010
1032008
1008005
984003
960000
935998
911996
887993
863991
839988
815986
791984
767981
743979
719976
695974
671972
647969
623967
599964
575962
551960
527957
503955
479952
455950
431948
407945
383943
359940
335938
311936
287933
263931
239928
215926
191924
167921
143919
119916
95914
71912
47909
23907
47909
71912
95914
119916
143919
167921
191924
215926
239928
263931
287933
311936
335938
359940
383943
407945
431948
455950
479952
503955
527957
551960
575962
599964
623967
647969
671972
695974
719976
743979
767981
791984
815986
839988
863991
887993
911996
935998
960000
984003
1008005
1032008
1056010
1080012
1104015
1128017
1152020
1176022
1200024
1224027
-4481
-3880
-3259
-2664
-2084
-1539
-1024
-540
-106
273
622
919
1177
1394
1555
1692
1803
1878
1944
1984
2015
2040
2065
2070
2080
2090
2100
2100
2105
2105
2105
2105
2105
2100
2100
2095
2095
2095
2090
2085
2080
2070
2065
2060
2045
2040
2040
2035
2025
2020
1934
1873
1838
1808
1777
1762
1747
1722
1707
1697
1676
1661
1646
1626
1616
1596
1581
1565
1545
1530
1515
1495
1475
1449
1429
1409
1394
1369
1348
1318
1278
1242
1187
1121
1030
904
743
546
294
6
-328
-711
-1145
-1615
-2119
-2664
-3239
-3845
-4475
-5121