1200024
1176022
1152020
1128017
1104015
1080012
1056010
1032008
1008005
984003
960000
935998
911996
887993
863991
839988
815986
791984
767981
743979
719976
695974
671972
647969
623967
599964
575962
551960
527957
503955
479952
455950
431948
407945
383943
359940
335938
311936
287933
263931
239928
215926
191924
167921
143919
119916
95914
71912
47909
23907
47909
71912
95914
119916
143919
167921
191924
215926
239928
263931
287933
311936
335938
359940
383943
407945
431948
455950
479952
503955
527957
551960
575962
599964
623967
647969
671972
695974
719976
743979
767981
791984
815986
839988
863991
887993
911996
935998
960000
984003
1008005
1032008
1056010
1080012
1104015
1128017
1152020
1176022
1200024
1224027
-4047
-3577
-3098
-2619
-2154
-1720
-1302
-913
-555
-222
66
329
551
748
909
1041
1141
1227
1293
1343
1379
1404
1424
1449
1459
1475
1485
1490
1500
1505
1515
1515
1515
1525
1525
1525
1525
1520
1525
1525
1530
1525
1520
1510
1510
1505
1505
1495
1495
1490
1404
1353
1318
1283
1258
1242
1217
1202
1182
1172
1152
1136
1126
1106
1096
1076
1061
1051
1030
1015
1000
985
970
955
940
914
904
884
859
839
808
768
707
642
551
430
278
87
-126
-393
-681
-1004
-1362
-1746
-2159
-2603
-3078
-3562
-4072
-4612