1200024
1176022
1152020
1128017
1104015
1080012
1056010
1032008
1008005
984003
960000
935998
911996
887993
863991
839988
815986
791984
767981
743979
719976
695974
671972
647969
623967
599964
575962
551960
527957
503955
479952
455950
431948
407945
383943
359940
335938
311936
287933
263931
239928
215926
191924
167921
143919
119916
95914
71912
47909
23907
47909
71912
95914
119916
143919
167921
191924
215926
239928
263931
287933
311936
335938
359940
383943
407945
431948
455950
479952
503955
527957
551960
575962
599964
623967
647969
671972
695974
719976
743979
767981
791984
815986
839988
863991
887993
911996
935998
960000
984003
1008005
1032008
1056010
1080012
1104015
1128017
1152020
1176022
1200024
1224027
-4319
-3784
-3234
-2699
-2175
-1675
-1201
-762
-353
11
334
632
889
1101
1278
1419
1535
1621
1687
1742
1772
1798
1818
1843
1853
1863
1873
1873
1883
1888
1888
1893
1898
1898
1898
1904
1898
1893
1893
1898
1893
1888
1888
1883
1878
1868
1868
1868
1858
1848
1762
1707
1666
1646
1616
1596
1575
1560
1540
1520
1505
1485
1475
1454
1439
1419
1404
1389
1369
1353
1333
1318
1298
1278
1258
1237
1217
1197
1172
1136
1101
1066
1005
935
834
697
526
329
77
-207
-535
-898
-1297
-1731
-2200
-2689
-3209
-3764
-4329
-4909