1200024
1176022
1152020
1128017
1104015
1080012
1056010
1032008
1008005
984003
960000
935998
911996
887993
863991
839988
815986
791984
767981
743979
719976
695974
671972
647969
623967
599964
575962
551960
527957
503955
479952
455950
431948
407945
383943
359940
335938
311936
287933
263931
239928
215926
191924
167921
143919
119916
95914
71912
47909
23907
47909
71912
95914
119916
143919
167921
191924
215926
239928
263931
287933
311936
335938
359940
383943
407945
431948
455950
479952
503955
527957
551960
575962
599964
623967
647969
671972
695974
719976
743979
767981
791984
815986
839988
863991
887993
911996
935998
960000
984003
1008005
1032008
1056010
1080012
1104015
1128017
1152020
1176022
1200024
1224027
-5686
-5056
-4289
-3476
-2674
-1912
-1226
-620
-101
329
672
924
1111
1242
1333
1389
1424
1459
1480
1495
1500
1515
1520
1520
1525
1530
1530
1530
1535
1540
1535
1540
1545
1535
1540
1540
1535
1535
1540
1535
1540
1540
1535
1540
1545
1540
1540
1540
1540
1545
1520
1505
1505
1500
1485
1485
1480
1475
1470
1464
1459
1454
1449
1444
1434
1424
1424
1414
1409
1399
1394
1384
1384
1369
1353
1343
1333
1318
1308
1293
1268
1247
1217
1187
1136
1071
965
824
622
329
-45
-545
-1140
-1837
-2609
-3451
-4359
-5308
-6302
-7331