1200024
1176022
1152020
1128017
1104015
1080012
1056010
1032008
1008005
984003
960000
935998
911996
887993
863991
839988
815986
791984
767981
743979
719976
695974
671972
647969
623967
599964
575962
551960
527957
503955
479952
455950
431948
407945
383943
359940
335938
311936
287933
263931
239928
215926
191924
167921
143919
119916
95914
71912
47909
23907
47909
71912
95914
119916
143919
167921
191924
215926
239928
263931
287933
311936
335938
359940
383943
407945
431948
455950
479952
503955
527957
551960
575962
599964
623967
647969
671972
695974
719976
743979
767981
791984
815986
839988
863991
887993
911996
935998
960000
984003
1008005
1032008
1056010
1080012
1104015
1128017
1152020
1176022
1200024
1224027
-6146
-5444
-4899
-4415
-3946
-3497
-3058
-2629
-2205
-1786
-1372
-974
-580
-202
167
526
864
1187
1495
1777
2030
2257
2464
2625
2762
2883
2968
3044
3105
3155
3190
3221
3241
3261
3276
3281
3286
3291
3296
3296
3296
3296
3291
3286
3291
3286
3286
3286
3281
3281
3190
3125
3085
3054
3024
3004
2984
2958
2933
2913
2898
2878
2852
2832
2812
2787
2767
2736
2701
2671
2630
2570
2509
2439
2338
2221
2095
1929
1742
1530
1288
1015
718
405
77
-277
-646
-1029
-1433
-1842
-2260
-2674
-3103
-3537
-3966
-4410
-4849
-5288
-5732
-6166