1200024
1176022
1152020
1128017
1104015
1080012
1056010
1032008
1008005
984003
960000
935998
911996
887993
863991
839988
815986
791984
767981
743979
719976
695974
671972
647969
623967
599964
575962
551960
527957
503955
479952
455950
431948
407945
383943
359940
335938
311936
287933
263931
239928
215926
191924
167921
143919
119916
95914
71912
47909
23907
47909
71912
95914
119916
143919
167921
191924
215926
239928
263931
287933
311936
335938
359940
383943
407945
431948
455950
479952
503955
527957
551960
575962
599964
623967
647969
671972
695974
719976
743979
767981
791984
815986
839988
863991
887993
911996
935998
960000
984003
1008005
1032008
1056010
1080012
1104015
1128017
1152020
1176022
1200024
1224027
-4021
-3552
-3073
-2598
-2139
-1700
-1297
-908
-550
-227
51
314
526
718
879
1005
1106
1187
1258
1298
1333
1364
1389
1404
1419
1434
1439
1444
1454
1464
1470
1475
1480
1475
1485
1480
1485
1480
1480
1480
1475
1475
1475
1470
1464
1464
1459
1454
1449
1439
1353
1303
1268
1242
1212
1187
1172
1157
1136
1121
1111
1096
1081
1066
1051
1030
1020
1005
995
970
955
940
929
914
899
879
864
844
818
798
768
733
682
612
526
405
253
77
-151
-404
-681
-1009
-1357
-1741
-2149
-2588
-3048
-3537
-4036
-4571