1200024
1176022
1152020
1128017
1104015
1080012
1056010
1032008
1008005
984003
960000
935998
911996
887993
863991
839988
815986
791984
767981
743979
719976
695974
671972
647969
623967
599964
575962
551960
527957
503955
479952
455950
431948
407945
383943
359940
335938
311936
287933
263931
239928
215926
191924
167921
143919
119916
95914
71912
47909
23907
47909
71912
95914
119916
143919
167921
191924
215926
239928
263931
287933
311936
335938
359940
383943
407945
431948
455950
479952
503955
527957
551960
575962
599964
623967
647969
671972
695974
719976
743979
767981
791984
815986
839988
863991
887993
911996
935998
960000
984003
1008005
1032008
1056010
1080012
1104015
1128017
1152020
1176022
1200024
1224027
-4359
-3961
-3572
-3204
-2846
-2492
-2139
-1796
-1468
-1140
-822
-520
-232
36
289
536
758
955
1131
1288
1419
1525
1611
1681
1737
1777
1813
1833
3963
1803
1848
1868
1883
1893
1893
1904
1904
1904
1904
1904
1904
1909
1914
1904
1909
1904
1909
1909
1904
1909
1853
1823
1813
1793
1782
1772
1757
1747
1732
1722
1712
1697
1687
1681
1661
1651
1636
1621
1606
1581
1560
1545
1520
1485
1449
1409
1343
1283
1202
1096
975
829
657
465
238
6
-257
-535
-837
-1145
-1478
-1811
-2159
-2508
-2861
-3219
-3582
-3956
-4314
-4692