1200024
1176022
1152020
1128017
1104015
1080012
1056010
1032008
1008005
984003
960000
935998
911996
887993
863991
839988
815986
791984
767981
743979
719976
695974
671972
647969
623967
599964
575962
551960
527957
503955
479952
455950
431948
407945
383943
359940
335938
311936
287933
263931
239928
215926
191924
167921
143919
119916
95914
71912
47909
23907
47909
71912
95914
119916
143919
167921
191924
215926
239928
263931
287933
311936
335938
359940
383943
407945
431948
455950
479952
503955
527957
551960
575962
599964
623967
647969
671972
695974
719976
743979
767981
791984
815986
839988
863991
887993
911996
935998
960000
984003
1008005
1032008
1056010
1080012
1104015
1128017
1152020
1176022
1200024
1224027
-4016
-3587
-3078
-2629
-2134
-1741
-1287
-918
-575
-227
61
324
516
723
874
1025
1106
1212
1237
1323
1328
1374
1414
1394
1399
1454
1449
1454
1470
1480
1480
1475
1449
1464
1475
1475
1475
1485
1464
1470
1490
1470
1480
1444
1454
1464
1444
1470
1459
1464
1358
1308
1273
1237
1222
1192
1182
1167
1147
1131
1111
1101
1086
1071
1061
1046
1025
1010
995
990
970
955
940
924
904
889
874
854
834
808
783
733
692
617
536
405
253
61
-156
-404
-691
-1019
-1372
-1756
-2170
-2614
-3073
-3562
-4077
-4602