1200024
1176022
1152020
1128017
1104015
1080012
1056010
1032008
1008005
984003
960000
935998
911996
887993
863991
839988
815986
791984
767981
743979
719976
695974
671972
647969
623967
599964
575962
551960
527957
503955
479952
455950
431948
407945
383943
359940
335938
311936
287933
263931
239928
215926
191924
167921
143919
119916
95914
71912
47909
23907
47909
71912
95914
119916
143919
167921
191924
215926
239928
263931
287933
311936
335938
359940
383943
407945
431948
455950
479952
503955
527957
551960
575962
599964
623967
647969
671972
695974
719976
743979
767981
791984
815986
839988
863991
887993
911996
935998
960000
984003
1008005
1032008
1056010
1080012
1104015
1128017
1152020
1176022
1200024
1224027
-4405
-3739
-3068
-2417
-1806
-1236
-696
-202
238
632
980
1273
1515
1717
1878
2004
2100
2171
2232
2267
2292
2317
2327
2333
2338
2348
2343
2348
2343
2343
2338
2333
2338
2322
2322
2312
2297
2302
2292
2277
2277
2267
2257
2252
2247
2237
2232
2221
2221
2216
2126
2085
2050
2030
2010
1994
1974
1964
1949
1934
1919
1909
1893
1883
1868
1853
1838
1818
1808
1787
1772
1752
1737
1722
1697
1681
1661
1636
1606
1575
1545
1505
1454
1389
1308
1192
1041
844
612
319
-20
-404
-843
-1337
-1867
-2432
-3042
-3683
-4344
-5046