1200024
1176022
1152020
1128017
1104015
1080012
1056010
1032008
1008005
984003
960000
935998
911996
887993
863991
839988
815986
791984
767981
743979
719976
695974
671972
647969
623967
599964
575962
551960
527957
503955
479952
455950
431948
407945
383943
359940
335938
311936
287933
263931
239928
215926
191924
167921
143919
119916
95914
71912
47909
23907
47909
71912
95914
119916
143919
167921
191924
215926
239928
263931
287933
311936
335938
359940
383943
407945
431948
455950
479952
503955
527957
551960
575962
599964
623967
647969
671972
695974
719976
743979
767981
791984
815986
839988
863991
887993
911996
935998
960000
984003
1008005
1032008
1056010
1080012
1104015
1128017
1152020
1176022
1200024
1224027
-4188
-3698
-3184
-2679
-2190
-1726
-1287
-868
-489
-141
162
445
687
894
1076
1217
1323
1414
1480
1535
1570
1596
1616
1636
1656
1661
1671
1687
1681
1692
1697
1707
1712
1712
1712
1722
1722
1722
1712
1712
1712
1707
1707
1707
1702
1697
1692
1692
1692
1687
1601
1535
1505
1475
1449
1424
1404
1384
1369
1348
1333
1323
1303
1293
1273
1263
1232
1222
1207
1187
1172
1157
1141
1121
1111
1081
1071
1041
1020
990
960
904
854
778
677
541
374
172
-60
-328
-641
-989
-1357
-1771
-2205
-2669
-3159
-3673
-4208
-4758