1200024
1176022
1152020
1128017
1104015
1080012
1056010
1032008
1008005
984003
960000
935998
911996
887993
863991
839988
815986
791984
767981
743979
719976
695974
671972
647969
623967
599964
575962
551960
527957
503955
479952
455950
431948
407945
383943
359940
335938
311936
287933
263931
239928
215926
191924
167921
143919
119916
95914
71912
47909
23907
47909
71912
95914
119916
143919
167921
191924
215926
239928
263931
287933
311936
335938
359940
383943
407945
431948
455950
479952
503955
527957
551960
575962
599964
623967
647969
671972
695974
719976
743979
767981
791984
815986
839988
863991
887993
911996
935998
960000
984003
1008005
1032008
1056010
1080012
1104015
1128017
1152020
1176022
1200024
1224027
-4218
-3719
-3204
-2694
-2195
-1726
-1271
-853
-469
-116
193
475
723
929
1111
1247
1364
1454
1515
1570
1606
1636
1661
1676
1687
1702
1712
1717
1727
1732
1737
1747
1747
1752
1752
1752
1752
1747
1747
1747
1752
1747
1747
1742
1737
1727
1727
1727
1727
1717
1626
1575
1535
1505
1480
1464
1439
1419
1404
1384
1369
1353
1343
1323
1313
1288
1273
1258
1242
1222
1202
1187
1177
1152
1131
1111
1091
1076
1051
1015
985
935
889
808
702
571
405
203
-35
-308
-620
-969
-1352
-1766
-2205
-2674
-3174
-3693
-4233
-4793