1200024
1176022
1152020
1128017
1104015
1080012
1056010
1032008
1008005
984003
960000
935998
911996
887993
863991
839988
815986
791984
767981
743979
719976
695974
671972
647969
623967
599964
575962
551960
527957
503955
479952
455950
431948
407945
383943
359940
335938
311936
287933
263931
239928
215926
191924
167921
143919
119916
95914
71912
47909
23907
47909
71912
95914
119916
143919
167921
191924
215926
239928
263931
287933
311936
335938
359940
383943
407945
431948
455950
479952
503955
527957
551960
575962
599964
623967
647969
671972
695974
719976
743979
767981
791984
815986
839988
863991
887993
911996
935998
960000
984003
1008005
1032008
1056010
1080012
1104015
1128017
1152020
1176022
1200024
1224027
-4117
-3633
-3138
-2654
-2175
-1736
-1307
-908
-530
-192
107
374
606
813
980
1116
1232
1318
1384
1429
1470
1500
1520
1535
1550
1565
1581
1581
1596
1601
1611
1606
1621
1626
1621
1626
1626
1621
1626
1621
1616
1611
1616
1611
1611
1601
1601
1601
1596
1591
1500
1444
1414
1379
1343
1328
1308
1293
1268
1258
1237
1227
1217
1192
1172
1162
1147
1131
1106
1096
1076
1061
1056
1030
1010
995
980
955
935
904
874
829
773
697
596
475
309
107
-116
-378
-681
-1009
-1377
-1766
-2185
-2639
-3118
-3618
-4132
-4677