1200024
1176022
1152020
1128017
1104015
1080012
1056010
1032008
1008005
984003
960000
935998
911996
887993
863991
839988
815986
791984
767981
743979
719976
695974
671972
647969
623967
599964
575962
551960
527957
503955
479952
455950
431948
407945
383943
359940
335938
311936
287933
263931
239928
215926
191924
167921
143919
119916
95914
71912
47909
23907
47909
71912
95914
119916
143919
167921
191924
215926
239928
263931
287933
311936
335938
359940
383943
407945
431948
455950
479952
503955
527957
551960
575962
599964
623967
647969
671972
695974
719976
743979
767981
791984
815986
839988
863991
887993
911996
935998
960000
984003
1008005
1032008
1056010
1080012
1104015
1128017
1152020
1176022
1200024
1224027
-4042
-3572
-3093
-2614
-2154
-1715
-1297
-903
-545
-217
72
329
561
753
914
1046
1152
1232
1293
1348
1384
1414
1434
1454
1470
1480
1485
1505
1510
1515
1520
1530
1530
1530
1535
1530
1535
1535
1535
1530
1530
1530
1520
1520
1520
1520
1505
1510
1510
1505
1414
1358
1323
1293
1268
1242
1227
1212
1192
1177
1157
1147
1121
1116
1096
1081
1071
1051
1035
1025
1010
990
980
965
940
924
904
889
864
844
808
768
723
647
556
430
289
97
-126
-388
-676
-1004
-1352
-1746
-2165
-2593
-3068
-3557
-4072
-4602