1200024
1176022
1152020
1128017
1104015
1080012
1056010
1032008
1008005
984003
960000
935998
911996
887993
863991
839988
815986
791984
767981
743979
719976
695974
671972
647969
623967
599964
575962
551960
527957
503955
479952
455950
431948
407945
383943
359940
335938
311936
287933
263931
239928
215926
191924
167921
143919
119916
95914
71912
47909
23907
47909
71912
95914
119916
143919
167921
191924
215926
239928
263931
287933
311936
335938
359940
383943
407945
431948
455950
479952
503955
527957
551960
575962
599964
623967
647969
671972
695974
719976
743979
767981
791984
815986
839988
863991
887993
911996
935998
960000
984003
1008005
1032008
1056010
1080012
1104015
1128017
1152020
1176022
1200024
1224027
-4153
-3663
-3159
-2654
-2170
-1710
-1276
-863
-489
-141
162
435
682
884
1056
1202
1318
1404
1464
1520
1565
1586
1606
1626
1641
1651
1661
1676
1676
1687
1687
1697
1697
1702
1707
1702
1707
1712
1707
1702
1707
1707
1702
1697
1697
1692
1692
1676
1676
1671
1581
1530
1495
1459
1434
1409
1394
1369
1358
1333
1323
1303
1288
1273
1258
1237
1217
1202
1192
1167
1152
1136
1121
1101
1091
1066
1046
1030
1000
970
940
889
839
763
662
521
359
162
-65
-343
-641
-984
-1352
-1756
-2190
-2649
-3133
-3648
-4168
-4723