1200024
1176022
1152020
1128017
1104015
1080012
1056010
1032008
1008005
984003
960000
935998
911996
887993
863991
839988
815986
791984
767981
743979
719976
695974
671972
647969
623967
599964
575962
551960
527957
503955
479952
455950
431948
407945
383943
359940
335938
311936
287933
263931
239928
215926
191924
167921
143919
119916
95914
71912
47909
23907
47909
71912
95914
119916
143919
167921
191924
215926
239928
263931
287933
311936
335938
359940
383943
407945
431948
455950
479952
503955
527957
551960
575962
599964
623967
647969
671972
695974
719976
743979
767981
791984
815986
839988
863991
887993
911996
935998
960000
984003
1008005
1032008
1056010
1080012
1104015
1128017
1152020
1176022
1200024
1224027
-4067
-3592
-3113
-2634
-2175
-1731
-1322
-933
-570
-232
46
314
541
733
894
1035
1131
1212
1278
1333
1369
1389
1414
1424
1444
1459
1459
1454
1485
1495
1495
1505
1505
1495
1485
1520
1505
1515
1515
1515
1495
1500
1495
1500
1490
1480
1485
1480
1475
1475
1384
1338
1298
1263
1242
1227
1202
1187
1177
1152
1136
1126
1106
1091
1076
1066
1051
1041
1020
1005
995
980
965
950
935
909
894
879
859
829
803
763
712
632
546
415
268
77
-146
-404
-696
-1019
-1382
-1766
-2180
-2624
-3093
-3587
-4102
-4627