1200024
1176022
1152020
1128017
1104015
1080012
1056010
1032008
1008005
984003
960000
935998
911996
887993
863991
839988
815986
791984
767981
743979
719976
695974
671972
647969
623967
599964
575962
551960
527957
503955
479952
455950
431948
407945
383943
359940
335938
311936
287933
263931
239928
215926
191924
167921
143919
119916
95914
71912
47909
23907
47909
71912
95914
119916
143919
167921
191924
215926
239928
263931
287933
311936
335938
359940
383943
407945
431948
455950
479952
503955
527957
551960
575962
599964
623967
647969
671972
695974
719976
743979
767981
791984
815986
839988
863991
887993
911996
935998
960000
984003
1008005
1032008
1056010
1080012
1104015
1128017
1152020
1176022
1200024
1224027
-4127
-3648
-3148
-2654
-2180
-1726
-1297
-898
-525
-187
117
379
622
829
995
1136
1252
1333
1404
1449
1490
1520
1540
1555
1575
1586
1591
1606
1616
1621
1626
1631
1641
1641
1646
1646
1646
1641
1646
1641
1641
1641
1636
1636
1626
1626
1621
1621
1621
1616
1520
1464
1434
1399
1379
1343
1323
1313
1293
1278
1263
1242
1227
1212
1192
1177
1162
1152
1126
1116
1101
1086
1066
1051
1035
1015
985
975
950
914
879
844
783
718
612
485
324
122
-106
-378
-671
-1004
-1372
-1771
-2195
-2649
-3123
-3623
-4153
-4687