1200024
1176022
1152020
1128017
1104015
1080012
1056010
1032008
1008005
984003
960000
935998
911996
887993
863991
839988
815986
791984
767981
743979
719976
695974
671972
647969
623967
599964
575962
551960
527957
503955
479952
455950
431948
407945
383943
359940
335938
311936
287933
263931
239928
215926
191924
167921
143919
119916
95914
71912
47909
23907
47909
71912
95914
119916
143919
167921
191924
215926
239928
263931
287933
311936
335938
359940
383943
407945
431948
455950
479952
503955
527957
551960
575962
599964
623967
647969
671972
695974
719976
743979
767981
791984
815986
839988
863991
887993
911996
935998
960000
984003
1008005
1032008
1056010
1080012
1104015
1128017
1152020
1176022
1200024
1224027
-4390
-3809
-3209
-2624
-2059
-1529
-1019
-550
-126
248
606
894
1157
1369
1540
1676
1782
1863
1924
1964
2004
2035
2045
2060
2075
2080
2085
2095
2095
2090
2095
2100
2095
2095
2095
2095
2090
2090
2075
2080
2070
2060
2055
2050
2050
2035
2040
2030
2025
2015
1919
1868
1833
1808
1777
1757
1737
1717
1702
1681
1671
1656
1636
1616
1606
1581
1570
1550
1535
1520
1495
1485
1464
1444
1419
1404
1379
1358
1333
1298
1263
1227
1172
1106
1015
889
728
526
278
-8
-338
-716
-1135
-1599
-2099
-2624
-3189
-3784
-4390
-5031