1200024
1176022
1152020
1128017
1104015
1080012
1056010
1032008
1008005
984003
960000
935998
911996
887993
863991
839988
815986
791984
767981
743979
719976
695974
671972
647969
623967
599964
575962
551960
527957
503955
479952
455950
431948
407945
383943
359940
335938
311936
287933
263931
239928
215926
191924
167921
143919
119916
95914
71912
47909
23907
47909
71912
95914
119916
143919
167921
191924
215926
239928
263931
287933
311936
335938
359940
383943
407945
431948
455950
479952
503955
527957
551960
575962
599964
623967
647969
671972
695974
719976
743979
767981
791984
815986
839988
863991
887993
911996
935998
960000
984003
1008005
1032008
1056010
1080012
1104015
1128017
1152020
1176022
1200024
1224027
-4385
-3835
-3270
-2714
-2170
-1670
-1176
-726
-313
61
405
697
955
1167
1343
1490
1601
1687
1747
1803
1833
1858
1888
1893
1909
1924
1924
1934
1934
1939
1939
1944
1949
1954
1954
1949
1949
1944
1934
1939
1939
1929
1924
1929
1919
1919
1909
1909
1898
1898
1803
1747
1712
1681
1656
1636
1621
1601
1581
1565
1545
1530
1520
1500
1485
1464
1449
1434
1409
1394
1374
1358
1343
1323
1303
1278
1263
1242
1212
1187
1152
1106
1046
970
874
743
571
364
112
-171
-499
-873
-1287
-1720
-2205
-2714
-3249
-3814
-4395
-5000