1200024
1176022
1152020
1128017
1104015
1080012
1056010
1032008
1008005
984003
960000
935998
911996
887993
863991
839988
815986
791984
767981
743979
719976
695974
671972
647969
623967
599964
575962
551960
527957
503955
479952
455950
431948
407945
383943
359940
335938
311936
287933
263931
239928
215926
191924
167921
143919
119916
95914
71912
47909
23907
47909
71912
95914
119916
143919
167921
191924
215926
239928
263931
287933
311936
335938
359940
383943
407945
431948
455950
479952
503955
527957
551960
575962
599964
623967
647969
671972
695974
719976
743979
767981
791984
815986
839988
863991
887993
911996
935998
960000
984003
1008005
1032008
1056010
1080012
1104015
1128017
1152020
1176022
1200024
1224027
-4344
-3804
-3254
-2709
-2185
-1685
-1216
-767
-358
6
344
642
899
1111
1288
1434
1545
1631
1697
1747
1782
1808
1828
1848
1858
1863
1873
1878
1888
1898
1898
1898
1898
1904
1904
1904
1909
1904
1904
1898
1888
1888
1888
1878
1878
1873
1873
1873
1863
1858
1767
1717
1676
1651
1626
1601
1581
1565
1545
1530
1515
1495
1480
1464
1444
1434
1414
1394
1379
1364
1343
1328
1308
1298
1273
1252
1232
1207
1182
1152
1116
1071
1015
935
839
707
536
324
82
-207
-530
-898
-1302
-1736
-2205
-2704
-3229
-3779
-4349
-4945