1200024
1176022
1152020
1128017
1104015
1080012
1056010
1032008
1008005
984003
960000
935998
911996
887993
863991
839988
815986
791984
767981
743979
719976
695974
671972
647969
623967
599964
575962
551960
527957
503955
479952
455950
431948
407945
383943
359940
335938
311936
287933
263931
239928
215926
191924
167921
143919
119916
95914
71912
47909
23907
47909
71912
95914
119916
143919
167921
191924
215926
239928
263931
287933
311936
335938
359940
383943
407945
431948
455950
479952
503955
527957
551960
575962
599964
623967
647969
671972
695974
719976
743979
767981
791984
815986
839988
863991
887993
911996
935998
960000
984003
1008005
1032008
1056010
1080012
1104015
1128017
1152020
1176022
1200024
1224027
-4506
-3890
-3270
-2659
-2074
-1524
-1004
-525
-86
304
642
945
1202
1414
1586
1727
1828
1909
1964
2010
2035
2055
2080
2090
2105
2110
2116
2121
2121
2126
2126
2121
2121
2126
2121
2116
2116
2105
2105
2095
2090
2085
2080
2070
2065
2055
2050
2045
2040
2035
1939
1883
1848
1818
1793
1777
1757
1737
1722
1707
1692
1676
1651
1641
1626
1616
1596
1575
1555
1540
1520
1505
1485
1475
1454
1424
1409
1384
1353
1328
1288
1252
1202
1131
1041
914
758
551
309
16
-318
-706
-1135
-1609
-2124
-2669
-3254
-3865
-4501
-5157