1200024
1176022
1152020
1128017
1104015
1080012
1056010
1032008
1008005
984003
960000
935998
911996
887993
863991
839988
815986
791984
767981
743979
719976
695974
671972
647969
623967
599964
575962
551960
527957
503955
479952
455950
431948
407945
383943
359940
335938
311936
287933
263931
239928
215926
191924
167921
143919
119916
95914
71912
47909
23907
47909
71912
95914
119916
143919
167921
191924
215926
239928
263931
287933
311936
335938
359940
383943
407945
431948
455950
479952
503955
527957
551960
575962
599964
623967
647969
671972
695974
719976
743979
767981
791984
815986
839988
863991
887993
911996
935998
960000
984003
1008005
1032008
1056010
1080012
1104015
1128017
1152020
1176022
1200024
1224027
-4137
-3653
-3159
-2654
-2180
-1715
-1281
-878
-504
-156
142
420
657
864
1030
1172
1293
1374
1444
1495
1530
1565
1586
1606
1616
1626
1641
1646
1661
1666
1671
1671
1676
1676
1681
1681
1692
1687
1692
1681
1681
1676
1681
1671
1666
1666
1666
1661
1656
1656
1555
1510
1470
1434
1414
1389
1374
1353
1328
1313
1288
1273
1268
1247
1232
1217
1197
1182
1172
1152
1131
1111
1096
1081
1061
1046
1030
1005
980
955
919
874
808
738
642
511
344
142
-86
-353
-656
-994
-1362
-1761
-2190
-2649
-3133
-3638
-4163
-4708