1200024
1176022
1152020
1128017
1104015
1080012
1056010
1032008
1008005
984003
960000
935998
911996
887993
863991
839988
815986
791984
767981
743979
719976
695974
671972
647969
623967
599964
575962
551960
527957
503955
479952
455950
431948
407945
383943
359940
335938
311936
287933
263931
239928
215926
191924
167921
143919
119916
95914
71912
47909
23907
47909
71912
95914
119916
143919
167921
191924
215926
239928
263931
287933
311936
335938
359940
383943
407945
431948
455950
479952
503955
527957
551960
575962
599964
623967
647969
671972
695974
719976
743979
767981
791984
815986
839988
863991
887993
911996
935998
960000
984003
1008005
1032008
1056010
1080012
1104015
1128017
1152020
1176022
1200024
1224027
-4077
-3598
-3108
-2624
-2159
-1710
-1287
-888
-525
-192
102
364
596
803
970
1106
1217
1293
1369
1414
1459
1480
1510
1525
1540
1550
1570
1570
1581
1586
1591
1601
1606
1601
1611
1611
1616
1611
1611
1606
1606
1601
1601
1601
1601
1596
1591
1591
1575
1581
1485
1434
1389
1364
1328
1323
1293
1273
1252
1242
1222
1212
1192
1177
1157
1147
1131
1111
1096
1081
1066
1051
1035
1015
1000
980
965
945
919
889
859
813
763
687
596
470
314
117
-111
-373
-666
-999
-1357
-1751
-2170
-2614
-3088
-3577
-4097
-4637