1200024
1176022
1152020
1128017
1104015
1080012
1056010
1032008
1008005
984003
960000
935998
911996
887993
863991
839988
815986
791984
767981
743979
719976
695974
671972
647969
623967
599964
575962
551960
527957
503955
479952
455950
431948
407945
383943
359940
335938
311936
287933
263931
239928
215926
191924
167921
143919
119916
95914
71912
47909
23907
47909
71912
95914
119916
143919
167921
191924
215926
239928
263931
287933
311936
335938
359940
383943
407945
431948
455950
479952
503955
527957
551960
575962
599964
623967
647969
671972
695974
719976
743979
767981
791984
815986
839988
863991
887993
911996
935998
960000
984003
1008005
1032008
1056010
1080012
1104015
1128017
1152020
1176022
1200024
1224027
-4052
-3582
-3093
-2614
-2154
-1710
-1292
-903
-535
-207
82
339
571
763
935
1066
1172
1252
1323
1364
1409
1439
1459
1475
1495
1500
1515
1520
1535
1545
1545
1545
1550
1555
1550
1560
1555
1560
1560
1555
1555
1555
1550
1550
1545
1540
1535
1535
1530
1525
1434
1384
1338
1313
1293
1263
1247
1227
1212
1197
1172
1157
1141
1131
1116
1101
1081
1066
1056
1041
1025
1005
990
975
955
945
919
899
879
854
824
783
733
657
561
445
289
97
-126
-383
-676
-1004
-1357
-1741
-2159
-2603
-3073
-3567
-4077
-4612