1200024
1176022
1152020
1128017
1104015
1080012
1056010
1032008
1008005
984003
960000
935998
911996
887993
863991
839988
815986
791984
767981
743979
719976
695974
671972
647969
623967
599964
575962
551960
527957
503955
479952
455950
431948
407945
383943
359940
335938
311936
287933
263931
239928
215926
191924
167921
143919
119916
95914
71912
47909
23907
47909
71912
95914
119916
143919
167921
191924
215926
239928
263931
287933
311936
335938
359940
383943
407945
431948
455950
479952
503955
527957
551960
575962
599964
623967
647969
671972
695974
719976
743979
767981
791984
815986
839988
863991
887993
911996
935998
960000
984003
1008005
1032008
1056010
1080012
1104015
1128017
1152020
1176022
1200024
1224027
-4223
-3724
-3199
-2684
-2190
-1715
-1271
-843
-459
-111
203
490
733
940
1116
1258
1369
1454
1525
1570
1616
1641
1666
1681
1697
1702
1712
1722
1732
1742
1742
1752
1752
1757
1752
1752
1757
1752
1757
1747
1752
1757
1747
1742
1742
1732
1737
1727
1727
1727
1636
1581
1540
1510
1485
1459
1444
1424
1404
1394
1374
1353
1338
1318
1303
1283
1273
1252
1237
1222
1207
1187
1167
1152
1136
1116
1096
1071
1051
1020
980
940
884
808
702
571
410
198
-35
-313
-620
-974
-1352
-1761
-2200
-2674
-3174
-3698
-4238
-4798