1200024
1176022
1152020
1128017
1104015
1080012
1056010
1032008
1008005
984003
960000
935998
911996
887993
863991
839988
815986
791984
767981
743979
719976
695974
671972
647969
623967
599964
575962
551960
527957
503955
479952
455950
431948
407945
383943
359940
335938
311936
287933
263931
239928
215926
191924
167921
143919
119916
95914
71912
47909
23907
47909
71912
95914
119916
143919
167921
191924
215926
239928
263931
287933
311936
335938
359940
383943
407945
431948
455950
479952
503955
527957
551960
575962
599964
623967
647969
671972
695974
719976
743979
767981
791984
815986
839988
863991
887993
911996
935998
960000
984003
1008005
1032008
1056010
1080012
1104015
1128017
1152020
1176022
1200024
1224027
-4102
-3623
-3128
-2639
-2175
-1715
-1287
-893
-520
-192
107
379
612
813
980
1121
1232
1313
1384
1439
1475
1505
1525
1540
1560
1570
1575
1591
1596
1606
1616
1616
1626
1621
1626
1626
1631
1631
1626
1626
1621
1626
1621
1616
1611
1611
1611
1596
1606
1596
1505
1449
1409
1384
1358
1333
1313
1298
1278
1258
1247
1227
1212
1197
1177
1157
1152
1136
1116
1101
1086
1071
1051
1030
1015
1000
980
960
935
909
879
829
773
702
606
475
314
127
-106
-368
-666
-999
-1367
-1756
-2185
-2629
-3108
-3608
-4127
-4662