1200024
1176022
1152020
1128017
1104015
1080012
1056010
1032008
1008005
984003
960000
935998
911996
887993
863991
839988
815986
791984
767981
743979
719976
695974
671972
647969
623967
599964
575962
551960
527957
503955
479952
455950
431948
407945
383943
359940
335938
311936
287933
263931
239928
215926
191924
167921
143919
119916
95914
71912
47909
23907
47909
71912
95914
119916
143919
167921
191924
215926
239928
263931
287933
311936
335938
359940
383943
407945
431948
455950
479952
503955
527957
551960
575962
599964
623967
647969
671972
695974
719976
743979
767981
791984
815986
839988
863991
887993
911996
935998
960000
984003
1008005
1032008
1056010
1080012
1104015
1128017
1152020
1176022
1200024
1224027
-4148
-3658
-3153
-2659
-2180
-1731
-1297
-898
-520
-176
122
400
637
834
1010
1152
1263
1343
1414
1470
1505
1535
1560
1575
1591
1601
1616
1621
1631
1636
1641
1646
1651
1656
1656
1656
1656
1661
1661
1651
1656
1656
1646
1651
1641
1636
1636
1636
1631
1631
1535
1480
1439
1414
1389
1364
1348
1323
1308
1288
1273
1252
1237
1222
1207
1192
1177
1162
1147
1126
1111
1096
1081
1061
1046
1020
1000
985
955
935
899
849
798
718
622
495
329
132
-101
-368
-676
-1009
-1372
-1771
-2195
-2649
-3133
-3638
-4163
-4708