1200024
1176022
1152020
1128017
1104015
1080012
1056010
1032008
1008005
984003
960000
935998
911996
887993
863991
839988
815986
791984
767981
743979
719976
695974
671972
647969
623967
599964
575962
551960
527957
503955
479952
455950
431948
407945
383943
359940
335938
311936
287933
263931
239928
215926
191924
167921
143919
119916
95914
71912
47909
23907
47909
71912
95914
119916
143919
167921
191924
215926
239928
263931
287933
311936
335938
359940
383943
407945
431948
455950
479952
503955
527957
551960
575962
599964
623967
647969
671972
695974
719976
743979
767981
791984
815986
839988
863991
887993
911996
935998
960000
984003
1008005
1032008
1056010
1080012
1104015
1128017
1152020
1176022
1200024
1224027
-7897
-6953
-6252
-5636
-5076
-4546
-4026
-3522
-3032
-2538
-2059
-1589
-1125
-671
-232
193
612
1010
1399
1762
2100
2418
2706
2963
3185
3367
3529
3665
3776
3867
3953
4018
4069
4119
4165
4200
4230
4250
4265
4281
4286
4291
4296
4296
4301
4301
4296
4291
4296
4291
4190
4124
4074
4033
3998
3968
3942
3917
3882
3862
3837
3796
3771
3741
3700
3660
3609
3559
3493
3413
3317
3201
3079
2923
2746
2550
2322
2070
1782
1475
1141
783
400
11
-393
-822
-1261
-1715
-2180
-2644
-3128
-3608
-4092
-4581
-5081
-5575
-6080
-6585
-7089
-7589