1200024
1176022
1152020
1128017
1104015
1080012
1056010
1032008
1008005
984003
960000
935998
911996
887993
863991
839988
815986
791984
767981
743979
719976
695974
671972
647969
623967
599964
575962
551960
527957
503955
479952
455950
431948
407945
383943
359940
335938
311936
287933
263931
239928
215926
191924
167921
143919
119916
95914
71912
47909
23907
47909
71912
95914
119916
143919
167921
191924
215926
239928
263931
287933
311936
335938
359940
383943
407945
431948
455950
479952
503955
527957
551960
575962
599964
623967
647969
671972
695974
719976
743979
767981
791984
815986
839988
863991
887993
911996
935998
960000
984003
1008005
1032008
1056010
1080012
1104015
1128017
1152020
1176022
1200024
1224027
-4097
-3628
-3133
-2644
-2159
-1720
-1297
-898
-530
-192
107
374
606
803
975
1111
1227
1313
1379
1429
1475
1500
1515
1540
1550
1565
1575
1586
1591
1606
1606
1616
1616
1616
1616
1621
1616
1621
1621
1621
1621
1616
1611
1616
1601
1606
1601
1596
1596
1591
1500
1444
1404
1379
1348
1323
1313
1288
1278
1258
1237
1217
1202
1192
1177
1157
1141
1126
1111
1096
1076
1056
1051
1025
1015
995
975
955
929
904
869
829
768
697
596
475
314
122
-111
-378
-671
-1004
-1367
-1756
-2185
-2629
-3103
-3608
-4122
-4662