1200024
1176022
1152020
1128017
1104015
1080012
1056010
1032008
1008005
984003
960000
935998
911996
887993
863991
839988
815986
791984
767981
743979
719976
695974
671972
647969
623967
599964
575962
551960
527957
503955
479952
455950
431948
407945
383943
359940
335938
311936
287933
263931
239928
215926
191924
167921
143919
119916
95914
71912
47909
23907
47909
71912
95914
119916
143919
167921
191924
215926
239928
263931
287933
311936
335938
359940
383943
407945
431948
455950
479952
503955
527957
551960
575962
599964
623967
647969
671972
695974
719976
743979
767981
791984
815986
839988
863991
887993
911996
935998
960000
984003
1008005
1032008
1056010
1080012
1104015
1128017
1152020
1176022
1200024
1224027
-4259
-3749
-3214
-2689
-2185
-1705
-1246
-817
-424
-65
253
536
788
1000
1182
1318
1434
1520
1586
1636
1671
1702
1727
1742
1757
1767
1777
1782
1787
1793
1813
1803
1808
1813
1808
1808
1813
1813
1808
1808
1808
1803
1798
1798
1798
1782
1787
1782
1777
1777
1681
1631
1591
1560
1535
1515
1490
1480
1459
1444
1419
1409
1389
1369
1358
1343
1328
1308
1293
1278
1263
1242
1222
1207
1187
1167
1152
1121
1096
1071
1025
985
929
854
753
622
450
248
6
-272
-590
-943
-1332
-1751
-2205
-2679
-3194
-3729
-4269
-4839