1200024
1176022
1152020
1128017
1104015
1080012
1056010
1032008
1008005
984003
960000
935998
911996
887993
863991
839988
815986
791984
767981
743979
719976
695974
671972
647969
623967
599964
575962
551960
527957
503955
479952
455950
431948
407945
383943
359940
335938
311936
287933
263931
239928
215926
191924
167921
143919
119916
95914
71912
47909
23907
47909
71912
95914
119916
143919
167921
191924
215926
239928
263931
287933
311936
335938
359940
383943
407945
431948
455950
479952
503955
527957
551960
575962
599964
623967
647969
671972
695974
719976
743979
767981
791984
815986
839988
863991
887993
911996
935998
960000
984003
1008005
1032008
1056010
1080012
1104015
1128017
1152020
1176022
1200024
1224027
-5470
-4849
-4339
-3890
-3456
-3032
-2619
-2215
-1816
-1423
-1044
-666
-308
41
379
697
1000
1288
1565
1793
1999
2186
2327
2449
2555
2635
2691
2741
2772
2807
2822
2832
2847
2852
2857
2862
2867
2867
2867
2867
2862
2862
2857
2857
2857
2862
2857
2852
2847
2852
2762
2716
2681
2650
2630
2615
2595
2575
2555
2539
2519
2504
2489
2469
2454
2439
2418
2393
2373
2343
2312
2277
2242
2191
2131
2060
1964
1848
1712
1535
1348
1121
869
596
294
-20
-358
-716
-1085
-1458
-1857
-2245
-2649
-3063
-3476
-3895
-4309
-4733
-5152
-5565