1200024
1176022
1152020
1128017
1104015
1080012
1056010
1032008
1008005
984003
960000
935998
911996
887993
863991
839988
815986
791984
767981
743979
719976
695974
671972
647969
623967
599964
575962
551960
527957
503955
479952
455950
431948
407945
383943
359940
335938
311936
287933
263931
239928
215926
191924
167921
143919
119916
95914
71912
47909
23907
47909
71912
95914
119916
143919
167921
191924
215926
239928
263931
287933
311936
335938
359940
383943
407945
431948
455950
479952
503955
527957
551960
575962
599964
623967
647969
671972
695974
719976
743979
767981
791984
815986
839988
863991
887993
911996
935998
960000
984003
1008005
1032008
1056010
1080012
1104015
1128017
1152020
1176022
1200024
1224027
-4067
-3592
-3108
-2624
-2159
-1715
-1292
-898
-540
-212
82
349
576
778
945
1071
1187
1268
1333
1384
1414
1449
1470
1490
1505
1520
1525
1530
1545
1550
1555
1565
1565
1570
1575
1565
1570
1575
1570
1570
1565
1560
1565
1555
1560
1550
1550
1550
1545
1545
1449
1394
1358
1323
1303
1278
1258
1242
1227
1207
1192
1172
1162
1147
1131
1116
1096
1081
1071
1051
1035
1025
1005
990
970
955
935
924
894
869
834
793
743
672
571
455
294
107
-121
-373
-671
-999
-1357
-1741
-2159
-2609
-3073
-3577
-4087
-4622