1200024
1176022
1152020
1128017
1104015
1080012
1056010
1032008
1008005
984003
960000
935998
911996
887993
863991
839988
815986
791984
767981
743979
719976
695974
671972
647969
623967
599964
575962
551960
527957
503955
479952
455950
431948
407945
383943
359940
335938
311936
287933
263931
239928
215926
191924
167921
143919
119916
95914
71912
47909
23907
47909
71912
95914
119916
143919
167921
191924
215926
239928
263931
287933
311936
335938
359940
383943
407945
431948
455950
479952
503955
527957
551960
575962
599964
623967
647969
671972
695974
719976
743979
767981
791984
815986
839988
863991
887993
911996
935998
960000
984003
1008005
1032008
1056010
1080012
1104015
1128017
1152020
1176022
1200024
1224027
-4400
-3825
-3234
-2654
-2094
-1559
-1059
-595
-171
213
556
854
1111
1318
1495
1631
1747
1823
1883
1934
1964
1994
2015
2030
2040
2045
2050
2055
2055
2060
2060
2065
2070
2060
2065
2060
2060
2055
2050
2045
2045
2035
2030
2020
2015
2010
2004
1999
2004
1989
1898
1848
1808
1777
1742
1732
1707
1687
1671
1656
1646
1626
1611
1591
1575
1560
1545
1520
1510
1485
1480
1454
1434
1414
1404
1379
1348
1333
1303
1278
1242
1197
1147
1081
985
864
697
495
243
-35
-368
-742
-1160
-1620
-2114
-2644
-3209
-3784
-4395
-5025