1200024
1176022
1152020
1128017
1104015
1080012
1056010
1032008
1008005
984003
960000
935998
911996
887993
863991
839988
815986
791984
767981
743979
719976
695974
671972
647969
623967
599964
575962
551960
527957
503955
479952
455950
431948
407945
383943
359940
335938
311936
287933
263931
239928
215926
191924
167921
143919
119916
95914
71912
47909
23907
47909
71912
95914
119916
143919
167921
191924
215926
239928
263931
287933
311936
335938
359940
383943
407945
431948
455950
479952
503955
527957
551960
575962
599964
623967
647969
671972
695974
719976
743979
767981
791984
815986
839988
863991
887993
911996
935998
960000
984003
1008005
1032008
1056010
1080012
1104015
1128017
1152020
1176022
1200024
1224027
-4450
-3794
-3148
-2513
-1907
-1342
-802
-313
127
526
864
1177
1419
1626
1793
1919
2020
2095
2146
2196
2221
2242
2262
2272
2277
2277
2282
2282
2282
2282
2282
2277
2272
2267
2272
2257
2247
2247
2237
2232
2227
2216
2211
2201
2196
2186
2181
2171
2161
2156
2075
2030
1994
1964
1954
1929
1909
1898
1878
1868
1848
1838
1828
1803
1793
1777
1762
1747
1732
1717
1702
1681
1661
1646
1626
1601
1581
1560
1530
1505
1464
1429
1379
1313
1222
1106
955
758
516
223
-111
-504
-943
-1428
-1953
-2518
-3113
-3749
-4410
-5091