1200024
1176022
1152020
1128017
1104015
1080012
1056010
1032008
1008005
984003
960000
935998
911996
887993
863991
839988
815986
791984
767981
743979
719976
695974
671972
647969
623967
599964
575962
551960
527957
503955
479952
455950
431948
407945
383943
359940
335938
311936
287933
263931
239928
215926
191924
167921
143919
119916
95914
71912
47909
23907
47909
71912
95914
119916
143919
167921
191924
215926
239928
263931
287933
311936
335938
359940
383943
407945
431948
455950
479952
503955
527957
551960
575962
599964
623967
647969
671972
695974
719976
743979
767981
791984
815986
839988
863991
887993
911996
935998
960000
984003
1008005
1032008
1056010
1080012
1104015
1128017
1152020
1176022
1200024
1224027
-4395
-3820
-3239
-2659
-2104
-1579
-1080
-620
-197
177
526
824
1081
1298
1470
1606
1722
1803
1858
1909
1944
1974
1994
2004
2015
2020
2030
2035
2035
2045
2045
2050
2050
2045
2045
2045
2040
2035
2030
2025
2025
2025
2010
2004
2004
1999
1989
1984
1979
1979
1888
1828
1787
1767
1737
1722
1692
1681
1661
1646
1631
1616
1596
1575
1565
1545
1530
1510
1495
1475
1459
1439
1424
1404
1384
1358
1338
1313
1293
1258
1227
1182
1131
1056
965
834
672
470
218
-65
-404
-782
-1196
-1650
-2139
-2664
-3214
-3799
-4405
-5015