1200024
1176022
1152020
1128017
1104015
1080012
1056010
1032008
1008005
984003
960000
935998
911996
887993
863991
839988
815986
791984
767981
743979
719976
695974
671972
647969
623967
599964
575962
551960
527957
503955
479952
455950
431948
407945
383943
359940
335938
311936
287933
263931
239928
215926
191924
167921
143919
119916
95914
71912
47909
23907
47909
71912
95914
119916
143919
167921
191924
215926
239928
263931
287933
311936
335938
359940
383943
407945
431948
455950
479952
503955
527957
551960
575962
599964
623967
647969
671972
695974
719976
743979
767981
791984
815986
839988
863991
887993
911996
935998
960000
984003
1008005
1032008
1056010
1080012
1104015
1128017
1152020
1176022
1200024
1224027
-4253
-3739
-3204
-2684
-2180
-1700
-1241
-817
-414
-55
263
551
793
1010
1182
1333
1439
1525
1591
1646
1676
1707
1732
1747
1757
1772
1787
1793
1798
1803
1808
1808
1818
1818
1818
1823
1818
1823
1818
1818
1808
1808
1803
1808
1803
1803
1793
1787
1787
1782
1687
1636
1601
1570
1545
1525
1505
1480
1470
1454
1434
1414
1399
1389
1369
1353
1333
1313
1303
1283
1273
1252
1232
1207
1187
1177
1157
1131
1106
1076
1046
995
935
864
758
632
465
253
21
-262
-580
-933
-1327
-1741
-2190
-2674
-3189
-3719
-4264
-4834