1200024
1176022
1152020
1128017
1104015
1080012
1056010
1032008
1008005
984003
960000
935998
911996
887993
863991
839988
815986
791984
767981
743979
719976
695974
671972
647969
623967
599964
575962
551960
527957
503955
479952
455950
431948
407945
383943
359940
335938
311936
287933
263931
239928
215926
191924
167921
143919
119916
95914
71912
47909
23907
47909
71912
95914
119916
143919
167921
191924
215926
239928
263931
287933
311936
335938
359940
383943
407945
431948
455950
479952
503955
527957
551960
575962
599964
623967
647969
671972
695974
719976
743979
767981
791984
815986
839988
863991
887993
911996
935998
960000
984003
1008005
1032008
1056010
1080012
1104015
1128017
1152020
1176022
1200024
1224027
-4233
-3724
-3204
-2694
-2195
-1720
-1271
-843
-459
-106
203
490
738
945
1121
1268
1379
1470
1530
1586
1621
1641
1666
1687
1702
1707
1722
1732
1737
1747
1742
1752
1752
1752
1757
1762
1757
1767
1762
1762
1757
1757
1762
1752
1747
1742
1737
1732
1732
1727
1636
1581
1545
1515
1495
1470
1444
1429
1419
1394
1379
1358
1348
1328
1313
1298
1278
1268
1252
1232
1217
1197
1182
1162
1152
1126
1106
1086
1056
1025
995
950
894
818
718
581
415
213
-25
-308
-615
-969
-1352
-1761
-2210
-2679
-3179
-3703
-4248
-4814