1200024
1176022
1152020
1128017
1104015
1080012
1056010
1032008
1008005
984003
960000
935998
911996
887993
863991
839988
815986
791984
767981
743979
719976
695974
671972
647969
623967
599964
575962
551960
527957
503955
479952
455950
431948
407945
383943
359940
335938
311936
287933
263931
239928
215926
191924
167921
143919
119916
95914
71912
47909
23907
47909
71912
95914
119916
143919
167921
191924
215926
239928
263931
287933
311936
335938
359940
383943
407945
431948
455950
479952
503955
527957
551960
575962
599964
623967
647969
671972
695974
719976
743979
767981
791984
815986
839988
863991
887993
911996
935998
960000
984003
1008005
1032008
1056010
1080012
1104015
1128017
1152020
1176022
1200024
1224027
-4264
-3749
-3214
-2679
-2175
-1685
-1226
-792
-393
-35
289
566
824
1041
1212
1358
1475
1560
1626
1676
1717
1747
1767
1777
1787
1808
1813
1823
1828
1833
1843
1848
1848
1848
1853
1853
1853
1848
1848
1848
1843
1838
1838
1833
1828
1823
1818
1818
1808
1808
1722
1666
1626
1596
1560
1550
1525
1505
1485
1475
1454
1439
1424
1404
1389
1369
1353
1333
1318
1303
1288
1273
1252
1232
1212
1187
1172
1147
1126
1096
1056
1015
955
879
773
642
475
268
21
-252
-570
-928
-1322
-1746
-2195
-2684
-3189
-3724
-4274
-4854