1200024
1176022
1152020
1128017
1104015
1080012
1056010
1032008
1008005
984003
960000
935998
911996
887993
863991
839988
815986
791984
767981
743979
719976
695974
671972
647969
623967
599964
575962
551960
527957
503955
479952
455950
431948
407945
383943
359940
335938
311936
287933
263931
239928
215926
191924
167921
143919
119916
95914
71912
47909
23907
47909
71912
95914
119916
143919
167921
191924
215926
239928
263931
287933
311936
335938
359940
383943
407945
431948
455950
479952
503955
527957
551960
575962
599964
623967
647969
671972
695974
719976
743979
767981
791984
815986
839988
863991
887993
911996
935998
960000
984003
1008005
1032008
1056010
1080012
1104015
1128017
1152020
1176022
1200024
1224027
-4006
-3224
-2487
-1796
-1165
-585
-45
430
859
1227
1540
1798
1999
2161
2282
2378
2444
2499
2534
2565
2585
2595
2610
2615
2615
2620
2615
2615
2605
2605
2595
2590
2580
2575
2565
2555
2550
2539
2529
2529
2514
2509
2504
2499
2494
2489
2479
2474
2469
2464
2413
2383
2368
2353
2333
2333
2317
2302
2297
2282
2272
2267
2257
2237
2232
2216
2206
2196
2186
2171
2151
2141
2126
2105
2090
2075
2050
2030
2004
1979
1949
1909
1868
1813
1747
1646
1525
1369
1167
904
586
208
-212
-711
-1261
-1867
-2528
-3214
-3946
-4697