1200024
1176022
1152020
1128017
1104015
1080012
1056010
1032008
1008005
984003
960000
935998
911996
887993
863991
839988
815986
791984
767981
743979
719976
695974
671972
647969
623967
599964
575962
551960
527957
503955
479952
455950
431948
407945
383943
359940
335938
311936
287933
263931
239928
215926
191924
167921
143919
119916
95914
71912
47909
23907
47909
71912
95914
119916
143919
167921
191924
215926
239928
263931
287933
311936
335938
359940
383943
407945
431948
455950
479952
503955
527957
551960
575962
599964
623967
647969
671972
695974
719976
743979
767981
791984
815986
839988
863991
887993
911996
935998
960000
984003
1008005
1032008
1056010
1080012
1104015
1128017
1152020
1176022
1200024
1224027
-4269
-3749
-3214
-2684
-2175
-1685
-1226
-792
-388
-25
294
576
829
1046
1222
1369
1480
1565
1631
1681
1717
1742
1767
1782
1798
1813
1813
1823
1823
1838
1838
1843
1848
1853
1848
1848
1853
1853
1848
1848
1848
1843
1843
1833
1833
1828
1823
1818
1818
1813
1722
1666
1621
1601
1575
1550
1530
1515
1490
1480
1459
1439
1429
1409
1394
1379
1364
1343
1333
1313
1293
1278
1252
1242
1222
1202
1177
1157
1131
1101
1066
1020
970
889
788
652
485
283
41
-237
-560
-913
-1307
-1731
-2190
-2674
-3189
-3719
-4274
-4854