1200024
1176022
1152020
1128017
1104015
1080012
1056010
1032008
1008005
984003
960000
935998
911996
887993
863991
839988
815986
791984
767981
743979
719976
695974
671972
647969
623967
599964
575962
551960
527957
503955
479952
455950
431948
407945
383943
359940
335938
311936
287933
263931
239928
215926
191924
167921
143919
119916
95914
71912
47909
23907
47909
71912
95914
119916
143919
167921
191924
215926
239928
263931
287933
311936
335938
359940
383943
407945
431948
455950
479952
503955
527957
551960
575962
599964
623967
647969
671972
695974
719976
743979
767981
791984
815986
839988
863991
887993
911996
935998
960000
984003
1008005
1032008
1056010
1080012
1104015
1128017
1152020
1176022
1200024
1224027
-4259
-3739
-3214
-2684
-2170
-1695
-1241
-812
-419
-60
253
541
783
1005
1177
1323
1434
1525
1586
1631
1676
1707
1727
1747
1762
1767
1777
1787
1787
1793
1803
1803
1808
1808
1813
1813
1818
1818
1813
1808
1813
1803
1803
1798
1798
1793
1782
1787
1777
1772
1692
1626
1601
1560
1535
1515
1495
1475
1454
1439
1429
1409
1394
1374
1364
1338
1323
1303
1293
1273
1252
1237
1222
1207
1182
1167
1141
1116
1091
1071
1025
980
929
854
753
617
450
248
-3
-277
-595
-943
-1332
-1751
-2205
-2684
-3189
-3719
-4269
-4839