1200024
1176022
1152020
1128017
1104015
1080012
1056010
1032008
1008005
984003
960000
935998
911996
887993
863991
839988
815986
791984
767981
743979
719976
695974
671972
647969
623967
599964
575962
551960
527957
503955
479952
455950
431948
407945
383943
359940
335938
311936
287933
263931
239928
215926
191924
167921
143919
119916
95914
71912
47909
23907
47909
71912
95914
119916
143919
167921
191924
215926
239928
263931
287933
311936
335938
359940
383943
407945
431948
455950
479952
503955
527957
551960
575962
599964
623967
647969
671972
695974
719976
743979
767981
791984
815986
839988
863991
887993
911996
935998
960000
984003
1008005
1032008
1056010
1080012
1104015
1128017
1152020
1176022
1200024
1224027
-4006
-3542
-3073
-2593
-2139
-1705
-1292
-908
-555
-237
51
304
526
712
874
1000
1101
1187
1242
1293
1323
1348
1369
1394
1404
1424
1429
1434
1449
1454
1454
1464
1464
1464
1475
1470
1475
1470
1470
1464
1464
1459
1459
1454
1449
1454
1444
1444
1439
1434
1343
1298
1258
1227
1207
1182
1162
1147
1126
1106
1101
1081
1066
1051
1041
1020
1010
995
985
965
955
935
924
904
889
874
854
844
818
793
758
728
677
612
521
395
248
66
-146
-398
-686
-1009
-1357
-1736
-2144
-2578
-3042
-3537
-4042
-4566