1200024
1176022
1152020
1128017
1104015
1080012
1056010
1032008
1008005
984003
960000
935998
911996
887993
863991
839988
815986
791984
767981
743979
719976
695974
671972
647969
623967
599964
575962
551960
527957
503955
479952
455950
431948
407945
383943
359940
335938
311936
287933
263931
239928
215926
191924
167921
143919
119916
95914
71912
47909
23907
47909
71912
95914
119916
143919
167921
191924
215926
239928
263931
287933
311936
335938
359940
383943
407945
431948
455950
479952
503955
527957
551960
575962
599964
623967
647969
671972
695974
719976
743979
767981
791984
815986
839988
863991
887993
911996
935998
960000
984003
1008005
1032008
1056010
1080012
1104015
1128017
1152020
1176022
1200024
1224027
-5389
-4793
-4092
-3340
-2598
-1897
-1246
-671
-161
253
596
869
1056
1197
1288
1358
1404
1439
1459
1475
1485
1495
1500
1505
1510
1520
1520
1515
1520
1525
1520
1520
1530
1525
1520
1520
1525
1520
1525
1525
1525
1530
1530
1530
1525
1525
1525
1530
1530
1530
1510
1500
1495
1490
1480
1475
1470
1464
1454
1454
1444
1439
1439
1429
1419
1424
1414
1399
1394
1389
1379
1374
1369
1364
1348
1333
1318
1308
1293
1278
1252
1232
1197
1157
1111
1030
919
768
556
253
-121
-600
-1170
-1821
-2538
-3315
-4137
-5000
-5898
-6832