1200024
1176022
1152020
1128017
1104015
1080012
1056010
1032008
1008005
984003
960000
935998
911996
887993
863991
839988
815986
791984
767981
743979
719976
695974
671972
647969
623967
599964
575962
551960
527957
503955
479952
455950
431948
407945
383943
359940
335938
311936
287933
263931
239928
215926
191924
167921
143919
119916
95914
71912
47909
23907
47909
71912
95914
119916
143919
167921
191924
215926
239928
263931
287933
311936
335938
359940
383943
407945
431948
455950
479952
503955
527957
551960
575962
599964
623967
647969
671972
695974
719976
743979
767981
791984
815986
839988
863991
887993
911996
935998
960000
984003
1008005
1032008
1056010
1080012
1104015
1128017
1152020
1176022
1200024
1224027
-4072
-3603
-3118
-2634
-2165
-1715
-1297
-898
-535
-197
87
359
591
783
955
1091
1202
1283
1348
1399
1439
1470
1500
1505
1520
1535
1545
1560
1565
1570
1581
1575
1586
1591
1591
1596
1596
1596
1596
1596
1586
1591
1586
1586
1581
1570
1575
1575
1570
1565
1475
1419
1379
1348
1323
1308
1283
1263
1242
1227
1212
1197
1182
1172
1152
1131
1116
1106
1091
1071
1056
1035
1020
1005
990
975
955
935
909
889
854
808
753
687
586
465
304
112
-111
-373
-666
-994
-1357
-1746
-2175
-2614
-3088
-3587
-4102
-4637