1200024
1176022
1152020
1128017
1104015
1080012
1056010
1032008
1008005
984003
960000
935998
911996
887993
863991
839988
815986
791984
767981
743979
719976
695974
671972
647969
623967
599964
575962
551960
527957
503955
479952
455950
431948
407945
383943
359940
335938
311936
287933
263931
239928
215926
191924
167921
143919
119916
95914
71912
47909
23907
47909
71912
95914
119916
143919
167921
191924
215926
239928
263931
287933
311936
335938
359940
383943
407945
431948
455950
479952
503955
527957
551960
575962
599964
623967
647969
671972
695974
719976
743979
767981
791984
815986
839988
863991
887993
911996
935998
960000
984003
1008005
1032008
1056010
1080012
1104015
1128017
1152020
1176022
1200024
1224027
-3966
-3507
-3032
-2568
-2114
-1690
-1287
-903
-555
-247
36
283
506
687
839
965
1061
1136
1197
1247
1283
1308
1328
1348
1358
1374
1384
1394
1399
1404
1409
1414
1419
1429
1429
1424
1424
1419
1424
1414
1414
1419
1409
1409
1404
1404
1404
1399
1389
1389
1298
1242
1207
1182
1157
1131
1121
1106
1086
1071
1051
1046
1020
1010
995
985
965
960
935
924
914
894
884
869
854
839
818
798
783
758
733
687
642
581
495
374
233
56
-151
-404
-691
-999
-1347
-1715
-2119
-2553
-3012
-3497
-3991
-4521