1200024
1176022
1152020
1128017
1104015
1080012
1056010
1032008
1008005
984003
960000
935998
911996
887993
863991
839988
815986
791984
767981
743979
719976
695974
671972
647969
623967
599964
575962
551960
527957
503955
479952
455950
431948
407945
383943
359940
335938
311936
287933
263931
239928
215926
191924
167921
143919
119916
95914
71912
47909
23907
47909
71912
95914
119916
143919
167921
191924
215926
239928
263931
287933
311936
335938
359940
383943
407945
431948
455950
479952
503955
527957
551960
575962
599964
623967
647969
671972
695974
719976
743979
767981
791984
815986
839988
863991
887993
911996
935998
960000
984003
1008005
1032008
1056010
1080012
1104015
1128017
1152020
1176022
1200024
1224027
-3991
-3527
-3048
-2578
-2129
-1700
-1287
-908
-560
-247
31
289
506
687
849
975
1076
1152
1217
1258
1288
1323
1338
1364
1374
1384
1394
1399
1409
1414
1424
1424
1434
1429
1434
1439
1439
1439
1439
1434
1429
1429
1424
1424
1424
1419
1414
1409
1409
1399
1308
1263
1227
1197
1172
1157
1136
1116
1106
1086
1071
1051
1035
1025
1005
995
985
965
955
945
924
909
899
879
869
849
834
808
798
768
743
702
652
596
506
395
238
61
-151
-398
-686
-999
-1352
-1726
-2139
-2568
-3027
-3517
-4016
-4541