1200024
1176022
1152020
1128017
1104015
1080012
1056010
1032008
1008005
984003
960000
935998
911996
887993
863991
839988
815986
791984
767981
743979
719976
695974
671972
647969
623967
599964
575962
551960
527957
503955
479952
455950
431948
407945
383943
359940
335938
311936
287933
263931
239928
215926
191924
167921
143919
119916
95914
71912
47909
23907
47909
71912
95914
119916
143919
167921
191924
215926
239928
263931
287933
311936
335938
359940
383943
407945
431948
455950
479952
503955
527957
551960
575962
599964
623967
647969
671972
695974
719976
743979
767981
791984
815986
839988
863991
887993
911996
935998
960000
984003
1008005
1032008
1056010
1080012
1104015
1128017
1152020
1176022
1200024
1224027
-4208
-3719
-3204
-2694
-2205
-1731
-1287
-863
-479
-131
177
465
712
914
1086
1232
1343
1429
1500
1545
1586
1616
1631
1651
1666
1676
1687
1702
1707
1712
1722
1722
1727
1727
1727
1732
1727
1732
1727
1737
1727
1727
1722
1722
1722
1712
1712
1707
1707
1702
1611
1555
1520
1490
1470
1439
1419
1409
1384
1369
1353
1338
1328
1303
1293
1273
1263
1242
1232
1212
1192
1172
1157
1136
1121
1106
1081
1066
1035
1015
975
924
869
793
697
566
389
193
-45
-323
-636
-969
-1352
-1771
-2205
-2679
-3179
-3693
-4228
-4788