1200024
1176022
1152020
1128017
1104015
1080012
1056010
1032008
1008005
984003
960000
935998
911996
887993
863991
839988
815986
791984
767981
743979
719976
695974
671972
647969
623967
599964
575962
551960
527957
503955
479952
455950
431948
407945
383943
359940
335938
311936
287933
263931
239928
215926
191924
167921
143919
119916
95914
71912
47909
23907
47909
71912
95914
119916
143919
167921
191924
215926
239928
263931
287933
311936
335938
359940
383943
407945
431948
455950
479952
503955
527957
551960
575962
599964
623967
647969
671972
695974
719976
743979
767981
791984
815986
839988
863991
887993
911996
935998
960000
984003
1008005
1032008
1056010
1080012
1104015
1128017
1152020
1176022
1200024
1224027
-4370
-3663
-2962
-2296
-1675
-1085
-540
-40
389
783
1126
1414
1651
1843
1999
2116
2201
2267
2317
2358
2383
2403
2418
2413
2423
2418
2423
2418
2423
2418
2408
2408
2403
2393
2383
2378
2368
2363
2353
2348
2333
2327
2317
2307
2302
2297
2292
2282
2277
2272
2196
2161
2131
2105
2085
2080
2060
2045
2035
2025
2004
1999
1989
1969
1959
1949
1939
1919
1898
1888
1873
1858
1838
1818
1798
1782
1762
1737
1707
1687
1651
1611
1565
1505
1419
1318
1172
985
753
470
132
-257
-706
-1201
-1751
-2336
-2962
-3623
-4309
-5031