1200024
1176022
1152020
1128017
1104015
1080012
1056010
1032008
1008005
984003
960000
935998
911996
887993
863991
839988
815986
791984
767981
743979
719976
695974
671972
647969
623967
599964
575962
551960
527957
503955
479952
455950
431948
407945
383943
359940
335938
311936
287933
263931
239928
215926
191924
167921
143919
119916
95914
71912
47909
23907
47909
71912
95914
119916
143919
167921
191924
215926
239928
263931
287933
311936
335938
359940
383943
407945
431948
455950
479952
503955
527957
551960
575962
599964
623967
647969
671972
695974
719976
743979
767981
791984
815986
839988
863991
887993
911996
935998
960000
984003
1008005
1032008
1056010
1080012
1104015
1128017
1152020
1176022
1200024
1224027
-4112
-3633
-3128
-2644
-2175
-1726
-1292
-893
-525
-192
112
384
617
818
990
1121
1242
1323
1389
1444
1485
1515
1535
1550
1560
1575
1586
1601
1606
1611
1626
1626
1631
1636
1631
1631
1641
1636
1641
1631
1631
1631
1621
1626
1616
1621
1616
1611
1611
1606
1515
1459
1414
1389
1364
1338
1323
1298
1283
1268
1252
1227
1217
1202
1182
1167
1157
1141
1121
1111
1086
1071
1061
1041
1020
1005
985
965
940
914
879
839
778
707
606
480
314
122
-111
-368
-676
-1004
-1362
-1756
-2190
-2634
-3108
-3613
-4132
-4672