1200024
1176022
1152020
1128017
1104015
1080012
1056010
1032008
1008005
984003
960000
935998
911996
887993
863991
839988
815986
791984
767981
743979
719976
695974
671972
647969
623967
599964
575962
551960
527957
503955
479952
455950
431948
407945
383943
359940
335938
311936
287933
263931
239928
215926
191924
167921
143919
119916
95914
71912
47909
23907
47909
71912
95914
119916
143919
167921
191924
215926
239928
263931
287933
311936
335938
359940
383943
407945
431948
455950
479952
503955
527957
551960
575962
599964
623967
647969
671972
695974
719976
743979
767981
791984
815986
839988
863991
887993
911996
935998
960000
984003
1008005
1032008
1056010
1080012
1104015
1128017
1152020
1176022
1200024
1224027
-4047
-3587
-3103
-2629
-2170
-1736
-1312
-928
-570
-252
41
299
526
723
879
1015
1121
1202
1263
1308
1343
1374
1394
1409
1419
1434
1444
1454
1464
1459
1475
1480
1480
1490
1485
1490
1485
1485
1485
1485
1480
1480
1475
1475
1470
1470
1464
1459
1454
1454
1369
1318
1278
1247
1232
1207
1187
1172
1157
1141
1126
1111
1101
1081
1071
1056
1046
1025
1010
995
980
965
960
935
914
899
889
874
844
818
788
748
697
632
536
420
263
77
-141
-404
-686
-1014
-1372
-1756
-2170
-2614
-3078
-3577
-4082
-4617