1200024
1176022
1152020
1128017
1104015
1080012
1056010
1032008
1008005
984003
960000
935998
911996
887993
863991
839988
815986
791984
767981
743979
719976
695974
671972
647969
623967
599964
575962
551960
527957
503955
479952
455950
431948
407945
383943
359940
335938
311936
287933
263931
239928
215926
191924
167921
143919
119916
95914
71912
47909
23907
47909
71912
95914
119916
143919
167921
191924
215926
239928
263931
287933
311936
335938
359940
383943
407945
431948
455950
479952
503955
527957
551960
575962
599964
623967
647969
671972
695974
719976
743979
767981
791984
815986
839988
863991
887993
911996
935998
960000
984003
1008005
1032008
1056010
1080012
1104015
1128017
1152020
1176022
1200024
1224027
-4279
-3754
-3209
-2674
-2159
-1675
-1206
-767
-373
-8
319
606
859
1071
1258
1394
1515
1596
1661
1707
1752
1777
1793
1813
1828
1843
1848
1853
1853
1868
1868
1873
1873
1878
1878
1883
1878
1878
1878
1873
1873
1873
1868
1863
1858
1858
1853
1838
1848
1838
1747
1692
1656
1621
1601
1575
1555
1530
1520
1500
1480
1464
1449
1434
1414
1399
1379
1364
1348
1328
1318
1298
1278
1258
1242
1217
1202
1172
1147
1111
1081
1041
980
909
803
667
506
294
56
-227
-545
-908
-1302
-1736
-2190
-2679
-3194
-3729
-4294
-4864