1200024
1176022
1152020
1128017
1104015
1080012
1056010
1032008
1008005
984003
960000
935998
911996
887993
863991
839988
815986
791984
767981
743979
719976
695974
671972
647969
623967
599964
575962
551960
527957
503955
479952
455950
431948
407945
383943
359940
335938
311936
287933
263931
239928
215926
191924
167921
143919
119916
95914
71912
47909
23907
47909
71912
95914
119916
143919
167921
191924
215926
239928
263931
287933
311936
335938
359940
383943
407945
431948
455950
479952
503955
527957
551960
575962
599964
623967
647969
671972
695974
719976
743979
767981
791984
815986
839988
863991
887993
911996
935998
960000
984003
1008005
1032008
1056010
1080012
1104015
1128017
1152020
1176022
1200024
1224027
-4218
-3471
-2740
-2059
-1428
-837
-293
198
627
1020
1343
1621
1838
2015
2146
2252
2338
2388
2433
2469
2484
2504
2514
2519
2524
2524
2524
2519
2519
2509
2499
2494
2489
2479
2474
2464
2454
2449
2433
2428
2428
2413
2403
2398
2388
2383
2383
2378
2373
2368
2302
2267
2242
2227
2216
2206
2186
2176
2171
2156
2146
2131
2121
2116
2100
2090
2075
2060
2045
2030
2015
2010
1984
1974
1954
1934
1909
1888
1868
1838
1808
1767
1727
1666
1591
1490
1358
1192
970
697
369
-10
-444
-948
-1493
-2089
-2725
-3391
-4102
-4834