1200024
1176022
1152020
1128017
1104015
1080012
1056010
1032008
1008005
984003
960000
935998
911996
887993
863991
839988
815986
791984
767981
743979
719976
695974
671972
647969
623967
599964
575962
551960
527957
503955
479952
455950
431948
407945
383943
359940
335938
311936
287933
263931
239928
215926
191924
167921
143919
119916
95914
71912
47909
23907
47909
71912
95914
119916
143919
167921
191924
215926
239928
263931
287933
311936
335938
359940
383943
407945
431948
455950
479952
503955
527957
551960
575962
599964
623967
647969
671972
695974
719976
743979
767981
791984
815986
839988
863991
887993
911996
935998
960000
984003
1008005
1032008
1056010
1080012
1104015
1128017
1152020
1176022
1200024
1224027
-4117
-3633
-3138
-2649
-2175
-1726
-1297
-893
-525
-187
107
384
617
824
985
1136
1242
1328
1394
1444
1480
1515
1540
1555
1570
1575
1591
1596
1611
1621
1621
1621
1636
1631
1641
1636
1636
1641
1636
1636
1636
1631
1631
1631
1626
1621
1616
1621
1616
1601
1515
1464
1419
1389
1369
1343
1323
1303
1288
1273
1247
1242
1222
1202
1192
1172
1157
1141
1126
1116
1096
1081
1061
1041
1030
1005
990
960
945
914
879
839
778
702
606
480
314
122
-106
-373
-676
-1004
-1367
-1761
-2185
-2639
-3118
-3618
-4142
-4682