1200024
1176022
1152020
1128017
1104015
1080012
1056010
1032008
1008005
984003
960000
935998
911996
887993
863991
839988
815986
791984
767981
743979
719976
695974
671972
647969
623967
599964
575962
551960
527957
503955
479952
455950
431948
407945
383943
359940
335938
311936
287933
263931
239928
215926
191924
167921
143919
119916
95914
71912
47909
23907
47909
71912
95914
119916
143919
167921
191924
215926
239928
263931
287933
311936
335938
359940
383943
407945
431948
455950
479952
503955
527957
551960
575962
599964
623967
647969
671972
695974
719976
743979
767981
791984
815986
839988
863991
887993
911996
935998
960000
984003
1008005
1032008
1056010
1080012
1104015
1128017
1152020
1176022
1200024
1224027
-4475
-3845
-3219
-2614
-2028
-1478
-954
-474
-35
354
702
1005
1263
1475
1651
1782
1888
1964
2025
2070
2100
2126
2146
2161
2166
2176
2181
2186
2186
2181
2181
2191
2176
2176
2176
2171
2166
2166
2156
2151
2146
2136
2131
2126
2121
2110
2105
2100
2090
2080
1994
1939
1898
1873
1853
1833
1813
1803
1782
1757
1742
1732
1712
1697
1681
1671
1651
1636
1616
1601
1581
1560
1545
1525
1510
1485
1459
1444
1409
1384
1343
1308
1247
1182
1096
965
803
612
349
66
-272
-666
-1095
-1564
-2079
-2634
-3214
-3820
-4455
-5111