1200024
1176022
1152020
1128017
1104015
1080012
1056010
1032008
1008005
984003
960000
935998
911996
887993
863991
839988
815986
791984
767981
743979
719976
695974
671972
647969
623967
599964
575962
551960
527957
503955
479952
455950
431948
407945
383943
359940
335938
311936
287933
263931
239928
215926
191924
167921
143919
119916
95914
71912
47909
23907
47909
71912
95914
119916
143919
167921
191924
215926
239928
263931
287933
311936
335938
359940
383943
407945
431948
455950
479952
503955
527957
551960
575962
599964
623967
647969
671972
695974
719976
743979
767981
791984
815986
839988
863991
887993
911996
935998
960000
984003
1008005
1032008
1056010
1080012
1104015
1128017
1152020
1176022
1200024
1224027
-4127
-3648
-3148
-2644
-2175
-1715
-1281
-883
-504
-166
142
410
647
849
1025
1167
1278
1358
1429
1480
1520
1550
1570
1591
1601
1616
1626
1631
1641
1651
1656
1661
1666
1671
1671
1671
1671
1676
1671
1666
1671
1671
1661
1661
1656
1661
1656
1651
1651
1646
1550
1500
1454
1424
1399
1379
1358
1338
1318
1298
1288
1273
1252
1237
1222
1207
1192
1167
1157
1141
1126
1106
1091
1076
1056
1041
1015
995
970
945
904
869
803
733
637
506
349
147
-86
-348
-656
-989
-1357
-1751
-2180
-2639
-3123
-3623
-4153
-4692