1200024
1176022
1152020
1128017
1104015
1080012
1056010
1032008
1008005
984003
960000
935998
911996
887993
863991
839988
815986
791984
767981
743979
719976
695974
671972
647969
623967
599964
575962
551960
527957
503955
479952
455950
431948
407945
383943
359940
335938
311936
287933
263931
239928
215926
191924
167921
143919
119916
95914
71912
47909
23907
47909
71912
95914
119916
143919
167921
191924
215926
239928
263931
287933
311936
335938
359940
383943
407945
431948
455950
479952
503955
527957
551960
575962
599964
623967
647969
671972
695974
719976
743979
767981
791984
815986
839988
863991
887993
911996
935998
960000
984003
1008005
1032008
1056010
1080012
1104015
1128017
1152020
1176022
1200024
1224027
-4243
-3744
-3219
-2704
-2200
-1720
-1266
-837
-449
-96
228
511
758
965
1136
1288
1399
1485
1550
1601
1641
1671
1692
1707
1717
1727
1737
1747
1757
1767
1767
1777
1777
1772
1777
1777
1782
1777
1777
1782
1777
1772
1772
1767
1762
1762
1757
1757
1747
1742
1656
1601
1565
1535
1515
1485
1464
1449
1434
1414
1399
1384
1369
1348
1328
1313
1303
1288
1273
1252
1237
1217
1197
1187
1162
1147
1121
1101
1076
1046
1015
965
914
834
733
591
425
223
-10
-293
-605
-964
-1342
-1766
-2210
-2689
-3199
-3719
-4269
-4834