1200024
1176022
1152020
1128017
1104015
1080012
1056010
1032008
1008005
984003
960000
935998
911996
887993
863991
839988
815986
791984
767981
743979
719976
695974
671972
647969
623967
599964
575962
551960
527957
503955
479952
455950
431948
407945
383943
359940
335938
311936
287933
263931
239928
215926
191924
167921
143919
119916
95914
71912
47909
23907
47909
71912
95914
119916
143919
167921
191924
215926
239928
263931
287933
311936
335938
359940
383943
407945
431948
455950
479952
503955
527957
551960
575962
599964
623967
647969
671972
695974
719976
743979
767981
791984
815986
839988
863991
887993
911996
935998
960000
984003
1008005
1032008
1056010
1080012
1104015
1128017
1152020
1176022
1200024
1224027
-4072
-3603
-3113
-2629
-2165
-1715
-1297
-903
-535
-207
87
354
586
788
955
1096
1197
1283
1343
1399
1429
1464
1480
1505
1520
1525
1540
1550
1560
1560
1570
1575
1575
1591
1586
1586
1596
1591
1586
1586
1581
1586
1586
1586
1575
1570
1570
1565
1560
1555
1464
1409
1374
1348
1313
1293
1278
1263
1242
1222
1202
1187
1177
1162
1147
1126
1116
1096
1081
1066
1051
1035
1020
1005
990
965
950
929
904
879
849
808
758
677
586
460
299
107
-116
-373
-676
-999
-1357
-1751
-2165
-2609
-3083
-3582
-4097
-4632