1200024
1176022
1152020
1128017
1104015
1080012
1056010
1032008
1008005
984003
960000
935998
911996
887993
863991
839988
815986
791984
767981
743979
719976
695974
671972
647969
623967
599964
575962
551960
527957
503955
479952
455950
431948
407945
383943
359940
335938
311936
287933
263931
239928
215926
191924
167921
143919
119916
95914
71912
47909
23907
47909
71912
95914
119916
143919
167921
191924
215926
239928
263931
287933
311936
335938
359940
383943
407945
431948
455950
479952
503955
527957
551960
575962
599964
623967
647969
671972
695974
719976
743979
767981
791984
815986
839988
863991
887993
911996
935998
960000
984003
1008005
1032008
1056010
1080012
1104015
1128017
1152020
1176022
1200024
1224027
-4299
-3764
-3219
-2679
-2159
-1670
-1206
-767
-358
1
329
622
869
1081
1268
1409
1525
1606
1676
1727
1757
1793
1808
1828
1838
1853
1858
1868
1873
1878
1888
1883
1893
1893
1893
1888
1888
1888
1888
1883
1883
1873
1873
1873
1873
1868
1863
1858
1853
1843
1752
1702
1666
1631
1611
1586
1565
1545
1530
1505
1490
1470
1454
1439
1424
1409
1394
1374
1353
1343
1323
1313
1283
1263
1252
1227
1207
1182
1162
1126
1091
1046
990
914
813
682
511
304
56
-222
-545
-898
-1297
-1726
-2190
-2674
-3199
-3739
-4299
-4879