1200024
1176022
1152020
1128017
1104015
1080012
1056010
1032008
1008005
984003
960000
935998
911996
887993
863991
839988
815986
791984
767981
743979
719976
695974
671972
647969
623967
599964
575962
551960
527957
503955
479952
455950
431948
407945
383943
359940
335938
311936
287933
263931
239928
215926
191924
167921
143919
119916
95914
71912
47909
23907
47909
71912
95914
119916
143919
167921
191924
215926
239928
263931
287933
311936
335938
359940
383943
407945
431948
455950
479952
503955
527957
551960
575962
599964
623967
647969
671972
695974
719976
743979
767981
791984
815986
839988
863991
887993
911996
935998
960000
984003
1008005
1032008
1056010
1080012
1104015
1128017
1152020
1176022
1200024
1224027
-4269
-3744
-3219
-2694
-2190
-1705
-1251
-822
-434
-65
248
536
778
990
1172
1313
1424
1520
1581
1631
1671
1697
1717
1732
1752
1757
1772
1777
1782
1793
1793
1803
1803
1803
1803
1813
1803
1803
1803
1808
1803
1798
1793
1798
1787
1782
1782
1777
1762
1767
1676
1626
1586
1550
1525
1510
1495
1464
1449
1434
1419
1399
1384
1369
1348
1333
1323
1303
1288
1273
1252
1232
1217
1197
1177
1157
1136
1121
1091
1061
1025
985
924
849
748
612
440
233
-8
-287
-600
-954
-1337
-1761
-2210
-2689
-3194
-3729
-4279
-4849