1200024
1176022
1152020
1128017
1104015
1080012
1056010
1032008
1008005
984003
960000
935998
911996
887993
863991
839988
815986
791984
767981
743979
719976
695974
671972
647969
623967
599964
575962
551960
527957
503955
479952
455950
431948
407945
383943
359940
335938
311936
287933
263931
239928
215926
191924
167921
143919
119916
95914
71912
47909
23907
47909
71912
95914
119916
143919
167921
191924
215926
239928
263931
287933
311936
335938
359940
383943
407945
431948
455950
479952
503955
527957
551960
575962
599964
623967
647969
671972
695974
719976
743979
767981
791984
815986
839988
863991
887993
911996
935998
960000
984003
1008005
1032008
1056010
1080012
1104015
1128017
1152020
1176022
1200024
1224027
-4445
-3880
-3305
-2735
-2190
-1660
-1165
-711
-282
92
435
733
990
1202
1374
1530
1636
1717
1782
1828
1863
1888
1914
1924
1934
1944
1949
1959
1959
1964
1964
1969
1969
1969
1969
1974
1969
1964
1964
1954
1954
1954
1949
1944
1934
1934
1929
1924
1919
1914
1823
1762
1732
1707
1681
1656
1636
1621
1601
1591
1565
1550
1535
1525
1510
1495
1475
1459
1444
1419
1404
1389
1369
1348
1333
1313
1288
1263
1237
1207
1177
1126
1076
1000
909
778
612
400
157
-136
-469
-843
-1261
-1720
-2205
-2730
-3270
-3850
-4450
-5071