1200024
1176022
1152020
1128017
1104015
1080012
1056010
1032008
1008005
984003
960000
935998
911996
887993
863991
839988
815986
791984
767981
743979
719976
695974
671972
647969
623967
599964
575962
551960
527957
503955
479952
455950
431948
407945
383943
359940
335938
311936
287933
263931
239928
215926
191924
167921
143919
119916
95914
71912
47909
23907
47909
71912
95914
119916
143919
167921
191924
215926
239928
263931
287933
311936
335938
359940
383943
407945
431948
455950
479952
503955
527957
551960
575962
599964
623967
647969
671972
695974
719976
743979
767981
791984
815986
839988
863991
887993
911996
935998
960000
984003
1008005
1032008
1056010
1080012
1104015
1128017
1152020
1176022
1200024
1224027
-4163
-3668
-3164
-2664
-2180
-1710
-1271
-863
-489
-136
167
440
687
889
1066
1207
1318
1409
1475
1525
1565
1591
1611
1631
1646
1651
1671
1676
1687
1692
1697
1692
1707
1707
1707
1712
1712
1717
1712
1707
1712
1707
1707
1702
1702
1692
1692
1681
1681
1681
1586
1535
1500
1464
1439
1414
1399
1379
1358
1338
1323
1308
1293
1278
1263
1242
1227
1207
1197
1177
1157
1141
1131
1106
1091
1071
1056
1030
1000
975
940
894
839
763
662
531
369
167
-60
-333
-641
-979
-1357
-1761
-2190
-2654
-3138
-3643
-4178
-4728