1200024
1176022
1152020
1128017
1104015
1080012
1056010
1032008
1008005
984003
960000
935998
911996
887993
863991
839988
815986
791984
767981
743979
719976
695974
671972
647969
623967
599964
575962
551960
527957
503955
479952
455950
431948
407945
383943
359940
335938
311936
287933
263931
239928
215926
191924
167921
143919
119916
95914
71912
47909
23907
47909
71912
95914
119916
143919
167921
191924
215926
239928
263931
287933
311936
335938
359940
383943
407945
431948
455950
479952
503955
527957
551960
575962
599964
623967
647969
671972
695974
719976
743979
767981
791984
815986
839988
863991
887993
911996
935998
960000
984003
1008005
1032008
1056010
1080012
1104015
1128017
1152020
1176022
1200024
1224027
-7644
-6776
-6105
-5530
-4995
-4491
-3996
-3522
-3042
-2568
-2104
-1650
-1206
-772
-338
72
480
874
1247
1606
1949
2257
2539
2797
3019
3211
3382
3524
3635
3725
3801
3872
3927
3978
4018
4054
4084
4104
4114
4124
4139
4139
4139
4144
4139
4149
4144
4144
4144
4134
4043
3973
3922
3882
3852
3826
3801
3776
3746
3720
3690
3660
3630
3604
3564
3524
3473
3428
3362
3281
3190
3079
2948
2812
2635
2444
2211
1964
1697
1384
1066
707
339
-40
-439
-863
-1292
-1731
-2190
-2639
-3108
-3567
-4047
-4521
-5005
-5485
-5969
-6453
-6943
-7427