1200024
1176022
1152020
1128017
1104015
1080012
1056010
1032008
1008005
984003
960000
935998
911996
887993
863991
839988
815986
791984
767981
743979
719976
695974
671972
647969
623967
599964
575962
551960
527957
503955
479952
455950
431948
407945
383943
359940
335938
311936
287933
263931
239928
215926
191924
167921
143919
119916
95914
71912
47909
23907
47909
71912
95914
119916
143919
167921
191924
215926
239928
263931
287933
311936
335938
359940
383943
407945
431948
455950
479952
503955
527957
551960
575962
599964
623967
647969
671972
695974
719976
743979
767981
791984
815986
839988
863991
887993
911996
935998
960000
984003
1008005
1032008
1056010
1080012
1104015
1128017
1152020
1176022
1200024
1224027
-4400
-3814
-3224
-2644
-2084
-1559
-1059
-595
-166
203
551
854
1106
1318
1500
1631
1742
1823
1883
1934
1964
1994
2010
2030
2035
2045
2050
2060
2060
2070
2070
2065
2070
2070
2060
2060
2060
2050
2050
2045
2040
2035
2025
2020
2015
2010
2010
2004
1999
1989
1898
1843
1803
1777
1747
1727
1707
1692
1671
1656
1636
1616
1606
1586
1570
1550
1540
1525
1500
1480
1464
1449
1429
1409
1389
1374
1348
1328
1303
1273
1237
1192
1141
1066
975
844
687
485
233
-45
-383
-762
-1181
-1635
-2124
-2654
-3209
-3789
-4395
-5020