1200024
1176022
1152020
1128017
1104015
1080012
1056010
1032008
1008005
984003
960000
935998
911996
887993
863991
839988
815986
791984
767981
743979
719976
695974
671972
647969
623967
599964
575962
551960
527957
503955
479952
455950
431948
407945
383943
359940
335938
311936
287933
263931
239928
215926
191924
167921
143919
119916
95914
71912
47909
23907
47909
71912
95914
119916
143919
167921
191924
215926
239928
263931
287933
311936
335938
359940
383943
407945
431948
455950
479952
503955
527957
551960
575962
599964
623967
647969
671972
695974
719976
743979
767981
791984
815986
839988
863991
887993
911996
935998
960000
984003
1008005
1032008
1056010
1080012
1104015
1128017
1152020
1176022
1200024
1224027
-4153
-3668
-3159
-2659
-2175
-1715
-1276
-873
-494
-156
147
430
667
874
1041
1187
1298
1384
1454
1505
1540
1570
1591
1611
1626
1641
1651
1656
1666
1671
1676
1681
1692
1687
1687
1692
1697
1692
1692
1692
1687
1692
1687
1687
1676
1681
1676
1671
1666
1661
1570
1515
1475
1449
1419
1404
1379
1369
1338
1323
1308
1293
1273
1258
1242
1217
1207
1192
1177
1162
1141
1126
1111
1096
1076
1056
1035
1015
990
965
929
879
824
748
647
516
354
152
-76
-343
-656
-994
-1362
-1766
-2195
-2654
-3133
-3638
-4168
-4718