1200024
1176022
1152020
1128017
1104015
1080012
1056010
1032008
1008005
984003
960000
935998
911996
887993
863991
839988
815986
791984
767981
743979
719976
695974
671972
647969
623967
599964
575962
551960
527957
503955
479952
455950
431948
407945
383943
359940
335938
311936
287933
263931
239928
215926
191924
167921
143919
119916
95914
71912
47909
23907
47909
71912
95914
119916
143919
167921
191924
215926
239928
263931
287933
311936
335938
359940
383943
407945
431948
455950
479952
503955
527957
551960
575962
599964
623967
647969
671972
695974
719976
743979
767981
791984
815986
839988
863991
887993
911996
935998
960000
984003
1008005
1032008
1056010
1080012
1104015
1128017
1152020
1176022
1200024
1224027
-4253
-3734
-3209
-2679
-2180
-1695
-1236
-807
-414
-55
268
556
803
1010
1197
1333
1444
1540
1601
1651
1687
1712
1732
1757
1767
1777
1793
1793
1803
1808
1813
1823
1823
1823
1828
1818
1828
1823
1823
1823
1823
1818
1813
1808
1808
1798
1798
1798
1793
1782
1697
1641
1601
1570
1550
1530
1510
1485
1470
1454
1434
1424
1404
1379
1369
1348
1338
1323
1308
1288
1273
1263
1237
1222
1197
1182
1157
1136
1111
1086
1046
1000
950
869
768
637
470
263
26
-257
-575
-928
-1317
-1741
-2190
-2669
-3184
-3714
-4264
-4834