1200024
1176022
1152020
1128017
1104015
1080012
1056010
1032008
1008005
984003
960000
935998
911996
887993
863991
839988
815986
791984
767981
743979
719976
695974
671972
647969
623967
599964
575962
551960
527957
503955
479952
455950
431948
407945
383943
359940
335938
311936
287933
263931
239928
215926
191924
167921
143919
119916
95914
71912
47909
23907
47909
71912
95914
119916
143919
167921
191924
215926
239928
263931
287933
311936
335938
359940
383943
407945
431948
455950
479952
503955
527957
551960
575962
599964
623967
647969
671972
695974
719976
743979
767981
791984
815986
839988
863991
887993
911996
935998
960000
984003
1008005
1032008
1056010
1080012
1104015
1128017
1152020
1176022
1200024
1224027
-4279
-3754
-3214
-2684
-2170
-1680
-1216
-782
-378
-10
304
601
849
1066
1242
1384
1495
1581
1646
1697
1737
1767
1787
1798
1813
1828
1833
1843
1848
1858
1863
1863
1863
1868
1873
1873
1873
1873
1868
1863
1863
1858
1858
1853
1848
1843
1838
1838
1833
1828
1742
1681
1646
1616
1591
1570
1550
1530
1505
1495
1480
1459
1444
1424
1404
1389
1374
1353
1343
1328
1308
1288
1268
1252
1232
1212
1187
1162
1141
1116
1076
1030
975
904
798
672
501
294
41
-227
-555
-913
-1302
-1736
-2190
-2674
-3189
-3729
-4289
-4864