1200024
1176022
1152020
1128017
1104015
1080012
1056010
1032008
1008005
984003
960000
935998
911996
887993
863991
839988
815986
791984
767981
743979
719976
695974
671972
647969
623967
599964
575962
551960
527957
503955
479952
455950
431948
407945
383943
359940
335938
311936
287933
263931
239928
215926
191924
167921
143919
119916
95914
71912
47909
23907
47909
71912
95914
119916
143919
167921
191924
215926
239928
263931
287933
311936
335938
359940
383943
407945
431948
455950
479952
503955
527957
551960
575962
599964
623967
647969
671972
695974
719976
743979
767981
791984
815986
839988
863991
887993
911996
935998
960000
984003
1008005
1032008
1056010
1080012
1104015
1128017
1152020
1176022
1200024
1224027
-4370
-3814
-3259
-2704
-2180
-1670
-1186
-737
-328
41
379
672
935
1147
1323
1464
1575
1671
1732
1777
1818
1843
1858
1878
1888
1893
1909
1914
1919
1924
1934
1934
1929
1934
1934
1934
1934
1929
1929
1924
1924
1919
1909
1914
1909
1898
1898
1893
1893
1888
1798
1737
1702
1671
1646
1626
1601
1586
1565
1555
1535
1520
1500
1485
1459
1449
1439
1414
1399
1384
1364
1343
1328
1308
1288
1263
1247
1227
1197
1167
1131
1091
1041
955
854
723
561
354
102
-182
-509
-883
-1287
-1726
-2200
-2704
-3239
-3794
-4375
-4975