1200024
1176022
1152020
1128017
1104015
1080012
1056010
1032008
1008005
984003
960000
935998
911996
887993
863991
839988
815986
791984
767981
743979
719976
695974
671972
647969
623967
599964
575962
551960
527957
503955
479952
455950
431948
407945
383943
359940
335938
311936
287933
263931
239928
215926
191924
167921
143919
119916
95914
71912
47909
23907
47909
71912
95914
119916
143919
167921
191924
215926
239928
263931
287933
311936
335938
359940
383943
407945
431948
455950
479952
503955
527957
551960
575962
599964
623967
647969
671972
695974
719976
743979
767981
791984
815986
839988
863991
887993
911996
935998
960000
984003
1008005
1032008
1056010
1080012
1104015
1128017
1152020
1176022
1200024
1224027
-4410
-3845
-3264
-2694
-2144
-1620
-1120
-656
-232
142
480
783
1041
1252
1429
1570
1687
1767
1833
1878
1904
1929
1954
1969
1979
1989
1994
1999
2004
2010
2015
2015
2015
2015
2015
2015
2015
2004
2004
1999
1994
1989
1984
1979
1974
1969
1969
1959
1959
1954
1853
1803
1767
1737
1712
1692
1671
1651
1641
1621
1606
1591
1575
1555
1545
1525
1505
1495
1480
1459
1439
1424
1399
1379
1369
1353
1328
1298
1278
1247
1207
1167
1111
1041
940
824
652
445
193
-91
-424
-802
-1221
-1675
-2165
-2684
-3239
-3820
-4415
-5036