1200024
1176022
1152020
1128017
1104015
1080012
1056010
1032008
1008005
984003
960000
935998
911996
887993
863991
839988
815986
791984
767981
743979
719976
695974
671972
647969
623967
599964
575962
551960
527957
503955
479952
455950
431948
407945
383943
359940
335938
311936
287933
263931
239928
215926
191924
167921
143919
119916
95914
71912
47909
23907
47909
71912
95914
119916
143919
167921
191924
215926
239928
263931
287933
311936
335938
359940
383943
407945
431948
455950
479952
503955
527957
551960
575962
599964
623967
647969
671972
695974
719976
743979
767981
791984
815986
839988
863991
887993
911996
935998
960000
984003
1008005
1032008
1056010
1080012
1104015
1128017
1152020
1176022
1200024
1224027
-4193
-3698
-3184
-2674
-2190
-1720
-1281
-873
-489
-141
167
445
687
899
1071
1217
1328
1424
1480
1535
1575
1601
1626
1646
1661
1666
1676
1687
1697
1702
1707
1712
1717
1722
1722
1722
1727
1722
1722
1722
1722
1717
1712
1712
1707
1702
1702
1697
1692
1692
1596
1545
1505
1480
1449
1434
1404
1389
1369
1353
1338
1318
1298
1288
1273
1252
1237
1222
1207
1192
1177
1157
1136
1121
1101
1086
1066
1041
1015
990
950
904
849
768
667
536
369
167
-70
-348
-651
-994
-1367
-1771
-2205
-2669
-3164
-3678
-4203
-4763