1200024
1176022
1152020
1128017
1104015
1080012
1056010
1032008
1008005
984003
960000
935998
911996
887993
863991
839988
815986
791984
767981
743979
719976
695974
671972
647969
623967
599964
575962
551960
527957
503955
479952
455950
431948
407945
383943
359940
335938
311936
287933
263931
239928
215926
191924
167921
143919
119916
95914
71912
47909
23907
47909
71912
95914
119916
143919
167921
191924
215926
239928
263931
287933
311936
335938
359940
383943
407945
431948
455950
479952
503955
527957
551960
575962
599964
623967
647969
671972
695974
719976
743979
767981
791984
815986
839988
863991
887993
911996
935998
960000
984003
1008005
1032008
1056010
1080012
1104015
1128017
1152020
1176022
1200024
1224027
-5056
-4511
-4057
-3628
-3214
-2810
-2412
-2023
-1645
-1276
-913
-560
-212
107
425
718
995
1252
1500
1702
1878
2035
2156
2257
2338
2398
2444
2479
2504
2519
2534
2550
2560
2560
2565
2570
2570
2565
2570
2570
2565
2565
2565
2565
2565
2560
2560
2555
2550
2550
2474
2428
2403
2383
2363
2333
2317
2302
2287
2277
2257
2242
2232
2216
2201
2176
2161
2151
2121
2095
2080
2050
2020
1979
1934
1878
1803
1712
1601
1459
1293
1091
869
617
344
51
-257
-590
-938
-1302
-1675
-2059
-2442
-2836
-3239
-3638
-4042
-4445
-4854
-5263