1200024
1176022
1152020
1128017
1104015
1080012
1056010
1032008
1008005
984003
960000
935998
911996
887993
863991
839988
815986
791984
767981
743979
719976
695974
671972
647969
623967
599964
575962
551960
527957
503955
479952
455950
431948
407945
383943
359940
335938
311936
287933
263931
239928
215926
191924
167921
143919
119916
95914
71912
47909
23907
47909
71912
95914
119916
143919
167921
191924
215926
239928
263931
287933
311936
335938
359940
383943
407945
431948
455950
479952
503955
527957
551960
575962
599964
623967
647969
671972
695974
719976
743979
767981
791984
815986
839988
863991
887993
911996
935998
960000
984003
1008005
1032008
1056010
1080012
1104015
1128017
1152020
1176022
1200024
1224027
-4112
-3633
-3143
-2649
-2175
-1720
-1297
-893
-520
-187
112
389
622
824
995
1136
1247
1338
1404
1454
1490
1525
1545
1560
1575
1586
1596
1606
1616
1626
1621
1631
1636
1646
1646
1651
1651
1646
1641
1646
1646
1636
1636
1636
1631
1631
1621
1621
1626
1616
1525
1470
1429
1399
1374
1343
1328
1313
1293
1278
1258
1242
1222
1207
1197
1182
1162
1152
1126
1121
1096
1086
1066
1051
1030
1015
990
970
950
919
884
844
783
718
617
480
319
122
-101
-368
-671
-999
-1367
-1761
-2190
-2639
-3113
-3618
-4142
-4677