1200024
1176022
1152020
1128017
1104015
1080012
1056010
1032008
1008005
984003
960000
935998
911996
887993
863991
839988
815986
791984
767981
743979
719976
695974
671972
647969
623967
599964
575962
551960
527957
503955
479952
455950
431948
407945
383943
359940
335938
311936
287933
263931
239928
215926
191924
167921
143919
119916
95914
71912
47909
23907
47909
71912
95914
119916
143919
167921
191924
215926
239928
263931
287933
311936
335938
359940
383943
407945
431948
455950
479952
503955
527957
551960
575962
599964
623967
647969
671972
695974
719976
743979
767981
791984
815986
839988
863991
887993
911996
935998
960000
984003
1008005
1032008
1056010
1080012
1104015
1128017
1152020
1176022
1200024
1224027
-4259
-3739
-3209
-2694
-2175
-1695
-1236
-802
-414
-55
258
546
793
1010
1187
1333
1444
1530
1601
1651
1681
1712
1737
1752
1757
1777
1787
1793
1798
1803
1808
1813
1818
1818
1823
1823
1823
1823
1823
1813
1823
1813
1808
1808
1803
1798
1793
1793
1787
1787
1692
1641
1596
1570
1545
1525
1505
1490
1470
1449
1429
1414
1399
1384
1369
1348
1333
1313
1298
1283
1263
1247
1232
1212
1197
1177
1152
1131
1106
1076
1035
995
935
859
753
622
455
253
11
-267
-585
-938
-1327
-1756
-2205
-2679
-3189
-3719
-4274
-4834