1200024
1176022
1152020
1128017
1104015
1080012
1056010
1032008
1008005
984003
960000
935998
911996
887993
863991
839988
815986
791984
767981
743979
719976
695974
671972
647969
623967
599964
575962
551960
527957
503955
479952
455950
431948
407945
383943
359940
335938
311936
287933
263931
239928
215926
191924
167921
143919
119916
95914
71912
47909
23907
47909
71912
95914
119916
143919
167921
191924
215926
239928
263931
287933
311936
335938
359940
383943
407945
431948
455950
479952
503955
527957
551960
575962
599964
623967
647969
671972
695974
719976
743979
767981
791984
815986
839988
863991
887993
911996
935998
960000
984003
1008005
1032008
1056010
1080012
1104015
1128017
1152020
1176022
1200024
1224027
-4354
-3809
-3259
-2709
-2190
-1680
-1201
-757
-343
26
354
652
909
1131
1308
1449
1565
1641
1717
1757
1798
1823
1838
1853
1868
1883
1888
1893
1898
1914
1914
1919
1919
1919
1924
1914
1914
1914
1919
1909
1909
1904
1898
1898
1888
1888
1888
1878
1873
1868
1777
1727
1692
1661
1636
1611
1596
1575
1555
1545
1525
1500
1490
1480
1459
1444
1424
1404
1384
1364
1348
1338
1318
1303
1278
1263
1237
1217
1187
1162
1126
1086
1030
950
849
718
551
339
87
-192
-520
-888
-1292
-1736
-2200
-2704
-3234
-3779
-4359
-4955