1200024
1176022
1152020
1128017
1104015
1080012
1056010
1032008
1008005
984003
960000
935998
911996
887993
863991
839988
815986
791984
767981
743979
719976
695974
671972
647969
623967
599964
575962
551960
527957
503955
479952
455950
431948
407945
383943
359940
335938
311936
287933
263931
239928
215926
191924
167921
143919
119916
95914
71912
47909
23907
47909
71912
95914
119916
143919
167921
191924
215926
239928
263931
287933
311936
335938
359940
383943
407945
431948
455950
479952
503955
527957
551960
575962
599964
623967
647969
671972
695974
719976
743979
767981
791984
815986
839988
863991
887993
911996
935998
960000
984003
1008005
1032008
1056010
1080012
1104015
1128017
1152020
1176022
1200024
1224027
-4112
-3633
-3138
-2649
-2170
-1720
-1297
-893
-525
-187
112
379
617
813
985
1126
1237
1323
1389
1439
1485
1510
1530
1550
1560
1581
1586
1596
1601
1611
1616
1621
1626
1631
1636
1636
1631
1636
1641
1631
1631
1631
1626
1626
1621
1621
1616
1611
1606
1601
1515
1454
1414
1389
1358
1338
1318
1298
1283
1268
1247
1227
1217
1197
1187
1167
1152
1136
1121
1106
1091
1071
1056
1035
1025
1005
985
965
940
914
874
829
778
707
601
475
319
122
-111
-378
-671
-1004
-1372
-1771
-2185
-2639
-3113
-3618
-4132
-4677