1200024
1176022
1152020
1128017
1104015
1080012
1056010
1032008
1008005
984003
960000
935998
911996
887993
863991
839988
815986
791984
767981
743979
719976
695974
671972
647969
623967
599964
575962
551960
527957
503955
479952
455950
431948
407945
383943
359940
335938
311936
287933
263931
239928
215926
191924
167921
143919
119916
95914
71912
47909
23907
47909
71912
95914
119916
143919
167921
191924
215926
239928
263931
287933
311936
335938
359940
383943
407945
431948
455950
479952
503955
527957
551960
575962
599964
623967
647969
671972
695974
719976
743979
767981
791984
815986
839988
863991
887993
911996
935998
960000
984003
1008005
1032008
1056010
1080012
1104015
1128017
1152020
1176022
1200024
1224027
-4203
-3703
-3199
-2684
-2200
-1736
-1287
-873
-489
-146
172
440
692
899
1076
1212
1333
1414
1480
1535
1570
1601
1626
1646
1651
1666
1676
1681
1687
1702
1702
1707
1712
1717
1717
1717
1722
1717
1717
1722
1717
1717
1712
1712
1712
1702
1697
1692
1692
1692
1596
1545
1505
1475
1449
1429
1414
1389
1374
1353
1343
1318
1308
1293
1273
1263
1242
1227
1207
1197
1177
1157
1147
1121
1111
1086
1066
1046
1020
990
960
909
854
778
672
546
374
167
-60
-333
-651
-984
-1367
-1776
-2215
-2674
-3174
-3683
-4223
-4773