1200024
1176022
1152020
1128017
1104015
1080012
1056010
1032008
1008005
984003
960000
935998
911996
887993
863991
839988
815986
791984
767981
743979
719976
695974
671972
647969
623967
599964
575962
551960
527957
503955
479952
455950
431948
407945
383943
359940
335938
311936
287933
263931
239928
215926
191924
167921
143919
119916
95914
71912
47909
23907
47909
71912
95914
119916
143919
167921
191924
215926
239928
263931
287933
311936
335938
359940
383943
407945
431948
455950
479952
503955
527957
551960
575962
599964
623967
647969
671972
695974
719976
743979
767981
791984
815986
839988
863991
887993
911996
935998
960000
984003
1008005
1032008
1056010
1080012
1104015
1128017
1152020
1176022
1200024
1224027
-5772
-5111
-4592
-4112
-3663
-3229
-2800
-2381
-1968
-1569
-1170
-777
-398
-35
314
652
970
1288
1565
1818
2050
2262
2428
2570
2686
2782
2857
2913
2963
2999
3024
3039
3059
3074
3074
3085
3090
3090
3085
3090
3095
3079
3090
3085
3079
3079
3079
3079
3074
3074
2979
2923
2888
2852
2832
2807
2792
2772
2746
2726
2706
2691
2676
2656
2630
2610
2585
2565
2534
2504
2474
2433
2383
2327
2252
2151
2045
1909
1742
1555
1338
1096
824
526
213
-121
-474
-843
-1221
-1615
-2018
-2427
-2841
-3264
-3693
-4122
-4541
-4985
-5419
-5848