1200024
1176022
1152020
1128017
1104015
1080012
1056010
1032008
1008005
984003
960000
935998
911996
887993
863991
839988
815986
791984
767981
743979
719976
695974
671972
647969
623967
599964
575962
551960
527957
503955
479952
455950
431948
407945
383943
359940
335938
311936
287933
263931
239928
215926
191924
167921
143919
119916
95914
71912
47909
23907
47909
71912
95914
119916
143919
167921
191924
215926
239928
263931
287933
311936
335938
359940
383943
407945
431948
455950
479952
503955
527957
551960
575962
599964
623967
647969
671972
695974
719976
743979
767981
791984
815986
839988
863991
887993
911996
935998
960000
984003
1008005
1032008
1056010
1080012
1104015
1128017
1152020
1176022
1200024
1224027
-3976
-3512
-3042
-2573
-2129
-1695
-1287
-913
-560
-247
41
273
506
692
844
970
1066
1141
1202
1247
1283
1303
1328
1353
1358
1384
1384
1389
1409
1419
1404
1419
1414
1429
1424
1419
1424
1424
1429
1414
1414
1419
1404
1409
1414
1399
1394
1394
1384
1384
1298
1252
1217
1177
1167
1131
1121
1106
1086
1071
1056
1046
1025
1020
995
990
970
945
940
924
914
899
884
879
854
834
818
808
783
753
738
697
652
586
495
384
238
61
-151
-404
-686
-1009
-1347
-1726
-2129
-2598
-3007
-3512
-3981
-4526