1200024
1176022
1152020
1128017
1104015
1080012
1056010
1032008
1008005
984003
960000
935998
911996
887993
863991
839988
815986
791984
767981
743979
719976
695974
671972
647969
623967
599964
575962
551960
527957
503955
479952
455950
431948
407945
383943
359940
335938
311936
287933
263931
239928
215926
191924
167921
143919
119916
95914
71912
47909
23907
47909
71912
95914
119916
143919
167921
191924
215926
239928
263931
287933
311936
335938
359940
383943
407945
431948
455950
479952
503955
527957
551960
575962
599964
623967
647969
671972
695974
719976
743979
767981
791984
815986
839988
863991
887993
911996
935998
960000
984003
1008005
1032008
1056010
1080012
1104015
1128017
1152020
1176022
1200024
1224027
-4253
-3739
-3214
-2689
-2185
-1705
-1251
-822
-434
-76
238
526
773
980
1162
1303
1414
1505
1575
1626
1656
1681
1712
1722
1737
1757
1762
1767
1777
1782
1787
1793
1793
1803
1798
1798
1808
1803
1803
1793
1793
1787
1782
1782
1782
1772
1772
1772
1767
1757
1671
1616
1575
1550
1525
1495
1485
1464
1444
1424
1409
1399
1379
1358
1343
1323
1313
1293
1278
1263
1247
1227
1212
1192
1167
1152
1131
1116
1081
1056
1015
970
914
839
738
606
435
233
-8
-293
-605
-948
-1342
-1751
-2210
-2684
-3194
-3719
-4264
-4829