1200024
1176022
1152020
1128017
1104015
1080012
1056010
1032008
1008005
984003
960000
935998
911996
887993
863991
839988
815986
791984
767981
743979
719976
695974
671972
647969
623967
599964
575962
551960
527957
503955
479952
455950
431948
407945
383943
359940
335938
311936
287933
263931
239928
215926
191924
167921
143919
119916
95914
71912
47909
23907
47909
71912
95914
119916
143919
167921
191924
215926
239928
263931
287933
311936
335938
359940
383943
407945
431948
455950
479952
503955
527957
551960
575962
599964
623967
647969
671972
695974
719976
743979
767981
791984
815986
839988
863991
887993
911996
935998
960000
984003
1008005
1032008
1056010
1080012
1104015
1128017
1152020
1176022
1200024
1224027
-4420
-3845
-3264
-2689
-2134
-1615
-1120
-656
-227
142
490
793
1046
1252
1434
1581
1687
1767
1828
1883
1914
1939
1954
1979
1984
1994
1999
2004
2010
2015
2020
2015
2025
2015
2015
2010
2015
2010
2004
2004
1999
1994
1989
1979
1984
1979
1974
1969
1959
1959
1863
1808
1767
1737
1722
1692
1676
1661
1641
1616
1601
1581
1565
1555
1535
1515
1505
1490
1470
1454
1439
1414
1399
1374
1358
1338
1313
1298
1268
1237
1202
1157
1106
1030
935
808
642
440
183
-101
-434
-817
-1226
-1685
-2170
-2689
-3244
-3820
-4430
-5046