1200024
1176022
1152020
1128017
1104015
1080012
1056010
1032008
1008005
984003
960000
935998
911996
887993
863991
839988
815986
791984
767981
743979
719976
695974
671972
647969
623967
599964
575962
551960
527957
503955
479952
455950
431948
407945
383943
359940
335938
311936
287933
263931
239928
215926
191924
167921
143919
119916
95914
71912
47909
23907
47909
71912
95914
119916
143919
167921
191924
215926
239928
263931
287933
311936
335938
359940
383943
407945
431948
455950
479952
503955
527957
551960
575962
599964
623967
647969
671972
695974
719976
743979
767981
791984
815986
839988
863991
887993
911996
935998
960000
984003
1008005
1032008
1056010
1080012
1104015
1128017
1152020
1176022
1200024
1224027
-4158
-3668
-3169
-2669
-2180
-1720
-1287
-878
-499
-156
152
425
667
874
1046
1187
1298
1384
1454
1500
1545
1570
1596
1616
1621
1641
1651
1656
1661
1666
1676
1681
1687
1692
1697
1692
1692
1697
1692
1697
1692
1687
1687
1681
1676
1676
1671
1671
1661
1666
1570
1515
1480
1449
1429
1404
1379
1369
1343
1328
1308
1298
1278
1263
1247
1232
1212
1192
1182
1162
1147
1131
1116
1091
1081
1061
1046
1020
1000
970
929
884
829
758
652
526
364
157
-76
-343
-651
-989
-1362
-1761
-2190
-2649
-3138
-3648
-4183
-4728