1200024
1176022
1152020
1128017
1104015
1080012
1056010
1032008
1008005
984003
960000
935998
911996
887993
863991
839988
815986
791984
767981
743979
719976
695974
671972
647969
623967
599964
575962
551960
527957
503955
479952
455950
431948
407945
383943
359940
335938
311936
287933
263931
239928
215926
191924
167921
143919
119916
95914
71912
47909
23907
47909
71912
95914
119916
143919
167921
191924
215926
239928
263931
287933
311936
335938
359940
383943
407945
431948
455950
479952
503955
527957
551960
575962
599964
623967
647969
671972
695974
719976
743979
767981
791984
815986
839988
863991
887993
911996
935998
960000
984003
1008005
1032008
1056010
1080012
1104015
1128017
1152020
1176022
1200024
1224027
-4238
-3729
-3209
-2689
-2195
-1720
-1266
-843
-454
-106
213
495
743
955
1126
1268
1384
1470
1540
1591
1626
1661
1676
1697
1712
1717
1727
1737
1747
1747
1757
1762
1767
1772
1772
1772
1772
1767
1767
1767
1767
1767
1762
1757
1757
1747
1747
1747
1742
1737
1646
1596
1555
1520
1495
1480
1454
1434
1424
1399
1384
1369
1353
1338
1318
1308
1283
1268
1247
1242
1222
1207
1187
1167
1152
1121
1106
1086
1056
1035
1000
945
899
818
712
576
410
208
-25
-303
-615
-974
-1352
-1766
-2210
-2689
-3184
-3698
-4248
-4814