1200024
1176022
1152020
1128017
1104015
1080012
1056010
1032008
1008005
984003
960000
935998
911996
887993
863991
839988
815986
791984
767981
743979
719976
695974
671972
647969
623967
599964
575962
551960
527957
503955
479952
455950
431948
407945
383943
359940
335938
311936
287933
263931
239928
215926
191924
167921
143919
119916
95914
71912
47909
23907
47909
71912
95914
119916
143919
167921
191924
215926
239928
263931
287933
311936
335938
359940
383943
407945
431948
455950
479952
503955
527957
551960
575962
599964
623967
647969
671972
695974
719976
743979
767981
791984
815986
839988
863991
887993
911996
935998
960000
984003
1008005
1032008
1056010
1080012
1104015
1128017
1152020
1176022
1200024
1224027
-3991
-3527
-3058
-2588
-2129
-1705
-1292
-913
-555
-242
36
294
516
702
864
980
1081
1167
1227
1273
1308
1338
1358
1374
1389
1399
1404
1419
1424
1429
1444
1444
1449
1439
1444
1454
1454
1454
1449
1444
1449
1444
1434
1434
1434
1424
1424
1429
1429
1414
1328
1273
1242
1207
1197
1167
1152
1131
1111
1101
1086
1071
1051
1041
1025
1015
1000
985
965
955
940
924
909
894
879
864
844
829
813
783
753
718
667
601
516
400
253
66
-146
-398
-686
-994
-1347
-1731
-2134
-2568
-3037
-3517
-4021
-4546