1200024
1176022
1152020
1128017
1104015
1080012
1056010
1032008
1008005
984003
960000
935998
911996
887993
863991
839988
815986
791984
767981
743979
719976
695974
671972
647969
623967
599964
575962
551960
527957
503955
479952
455950
431948
407945
383943
359940
335938
311936
287933
263931
239928
215926
191924
167921
143919
119916
95914
71912
47909
23907
47909
71912
95914
119916
143919
167921
191924
215926
239928
263931
287933
311936
335938
359940
383943
407945
431948
455950
479952
503955
527957
551960
575962
599964
623967
647969
671972
695974
719976
743979
767981
791984
815986
839988
863991
887993
911996
935998
960000
984003
1008005
1032008
1056010
1080012
1104015
1128017
1152020
1176022
1200024
1224027
-4117
-3638
-3143
-2649
-2175
-1720
-1297
-893
-520
-187
112
389
617
824
990
1136
1242
1328
1394
1449
1480
1520
1540
1560
1565
1581
1591
1601
1611
1621
1626
1631
1631
1631
1636
1641
1646
1641
1636
1641
1636
1631
1631
1631
1631
1626
1621
1616
1616
1616
1520
1464
1429
1399
1364
1348
1323
1308
1288
1273
1252
1237
1227
1212
1187
1172
1162
1141
1126
1116
1096
1076
1066
1046
1035
1005
990
965
950
919
879
834
788
712
612
480
319
122
-101
-373
-671
-1004
-1367
-1761
-2180
-2639
-3118
-3613
-4142
-4682