1200024
1176022
1152020
1128017
1104015
1080012
1056010
1032008
1008005
984003
960000
935998
911996
887993
863991
839988
815986
791984
767981
743979
719976
695974
671972
647969
623967
599964
575962
551960
527957
503955
479952
455950
431948
407945
383943
359940
335938
311936
287933
263931
239928
215926
191924
167921
143919
119916
95914
71912
47909
23907
47909
71912
95914
119916
143919
167921
191924
215926
239928
263931
287933
311936
335938
359940
383943
407945
431948
455950
479952
503955
527957
551960
575962
599964
623967
647969
671972
695974
719976
743979
767981
791984
815986
839988
863991
887993
911996
935998
960000
984003
1008005
1032008
1056010
1080012
1104015
1128017
1152020
1176022
1200024
1224027
-4329
-3784
-3234
-2694
-2175
-1670
-1196
-752
-348
21
349
642
899
1116
1288
1434
1545
1631
1707
1747
1787
1813
1833
1853
1858
1873
1878
1883
1893
1898
1909
1909
1904
1909
1909
1914
1914
1909
1909
1909
1904
1898
1898
1893
1888
1883
1878
1873
1873
1868
1777
1717
1676
1651
1626
1601
1581
1570
1550
1530
1515
1495
1480
1464
1444
1429
1419
1394
1384
1358
1338
1328
1308
1293
1268
1252
1227
1202
1177
1147
1116
1061
1005
935
834
702
526
324
72
-207
-535
-893
-1297
-1736
-2200
-2699
-3219
-3764
-4334
-4925