1200024
1176022
1152020
1128017
1104015
1080012
1056010
1032008
1008005
984003
960000
935998
911996
887993
863991
839988
815986
791984
767981
743979
719976
695974
671972
647969
623967
599964
575962
551960
527957
503955
479952
455950
431948
407945
383943
359940
335938
311936
287933
263931
239928
215926
191924
167921
143919
119916
95914
71912
47909
23907
47909
71912
95914
119916
143919
167921
191924
215926
239928
263931
287933
311936
335938
359940
383943
407945
431948
455950
479952
503955
527957
551960
575962
599964
623967
647969
671972
695974
719976
743979
767981
791984
815986
839988
863991
887993
911996
935998
960000
984003
1008005
1032008
1056010
1080012
1104015
1128017
1152020
1176022
1200024
1224027
-4501
-3880
-3239
-2619
-2028
-1463
-938
-444
-15
389
733
1041
1288
1505
1671
1808
1914
1994
2060
2095
2131
2151
2176
2176
2191
2196
2206
2201
2206
2206
2206
2201
2201
2191
2191
2191
2191
2186
2176
2181
2161
2156
2146
2146
2141
2131
2126
2116
2116
2100
2010
1959
1924
1898
1873
1848
1833
1813
1803
1782
1767
1757
1737
1722
1707
1687
1671
1656
1646
1626
1601
1586
1575
1545
1525
1510
1485
1464
1434
1404
1369
1328
1283
1212
1121
995
839
637
395
97
-247
-631
-1065
-1554
-2069
-2624
-3214
-3835
-4486
-5157