1200024
1176022
1152020
1128017
1104015
1080012
1056010
1032008
1008005
984003
960000
935998
911996
887993
863991
839988
815986
791984
767981
743979
719976
695974
671972
647969
623967
599964
575962
551960
527957
503955
479952
455950
431948
407945
383943
359940
335938
311936
287933
263931
239928
215926
191924
167921
143919
119916
95914
71912
47909
23907
47909
71912
95914
119916
143919
167921
191924
215926
239928
263931
287933
311936
335938
359940
383943
407945
431948
455950
479952
503955
527957
551960
575962
599964
623967
647969
671972
695974
719976
743979
767981
791984
815986
839988
863991
887993
911996
935998
960000
984003
1008005
1032008
1056010
1080012
1104015
1128017
1152020
1176022
1200024
1224027
-4142
-3663
-3153
-2659
-2180
-1720
-1281
-883
-504
-166
137
415
652
854
1030
1167
1288
1369
1439
1490
1525
1550
1575
1596
1611
1621
1636
1646
1651
1661
1666
1666
1671
1671
1676
1676
1676
1681
1676
1676
1676
1676
1671
1666
1666
1656
1661
1656
1656
1646
1560
1505
1464
1434
1409
1384
1364
1343
1328
1313
1293
1273
1258
1242
1227
1212
1192
1187
1167
1147
1131
1106
1096
1081
1061
1046
1020
1005
975
950
919
874
813
743
642
511
349
147
-81
-348
-661
-994
-1357
-1761
-2190
-2644
-3128
-3633
-4163
-4703