1200024
1176022
1152020
1128017
1104015
1080012
1056010
1032008
1008005
984003
960000
935998
911996
887993
863991
839988
815986
791984
767981
743979
719976
695974
671972
647969
623967
599964
575962
551960
527957
503955
479952
455950
431948
407945
383943
359940
335938
311936
287933
263931
239928
215926
191924
167921
143919
119916
95914
71912
47909
23907
47909
71912
95914
119916
143919
167921
191924
215926
239928
263931
287933
311936
335938
359940
383943
407945
431948
455950
479952
503955
527957
551960
575962
599964
623967
647969
671972
695974
719976
743979
767981
791984
815986
839988
863991
887993
911996
935998
960000
984003
1008005
1032008
1056010
1080012
1104015
1128017
1152020
1176022
1200024
1224027
-4137
-3648
-3143
-2654
-2170
-1715
-1281
-878
-494
-156
142
415
657
859
1035
1177
1288
1374
1444
1495
1535
1560
1581
1601
1621
1626
1636
1646
1656
1661
1666
1676
1676
1681
1681
1687
1692
1687
1681
1681
1681
1681
1681
1671
1676
1671
1661
1656
1661
1651
1560
1505
1470
1434
1409
1389
1364
1348
1328
1313
1293
1278
1263
1242
1227
1212
1197
1177
1157
1147
1131
1111
1096
1081
1061
1041
1020
1000
975
945
909
869
803
728
637
506
339
147
-86
-353
-656
-994
-1357
-1756
-2185
-2639
-3123
-3628
-4153
-4703