1200024
1176022
1152020
1128017
1104015
1080012
1056010
1032008
1008005
984003
960000
935998
911996
887993
863991
839988
815986
791984
767981
743979
719976
695974
671972
647969
623967
599964
575962
551960
527957
503955
479952
455950
431948
407945
383943
359940
335938
311936
287933
263931
239928
215926
191924
167921
143919
119916
95914
71912
47909
23907
47909
71912
95914
119916
143919
167921
191924
215926
239928
263931
287933
311936
335938
359940
383943
407945
431948
455950
479952
503955
527957
551960
575962
599964
623967
647969
671972
695974
719976
743979
767981
791984
815986
839988
863991
887993
911996
935998
960000
984003
1008005
1032008
1056010
1080012
1104015
1128017
1152020
1176022
1200024
1224027
-4183
-3688
-3179
-2674
-2190
-1731
-1281
-878
-494
-151
157
430
677
879
1056
1202
1313
1399
1470
1520
1555
1586
1611
1626
1641
1651
1661
1671
1681
1681
1692
1697
1702
1702
1702
1702
1707
1702
1702
1707
1697
1692
1697
1697
1687
1687
1687
1681
1676
1671
1586
1530
1490
1464
1444
1409
1394
1374
1353
1338
1323
1313
1288
1273
1263
1242
1227
1207
1192
1182
1162
1147
1121
1106
1091
1076
1051
1030
1005
975
940
899
844
768
662
531
364
162
-70
-338
-651
-989
-1362
-1771
-2205
-2669
-3159
-3663
-4198
-4753