Voltage	Current	Power1449079504082	0.392547	0.00152	0.005975
1449079504183	0.367747	0.00152	0.000559
1449079504284	0.362787	0.00152	0.000551
1449079504385	0.357827	0.00152	0.000544
1449079504487	0.352868	0.00152	0.000536
1449079504587	0.347908	0.00152	0.000529
1449079504688	0.342948	0.00152	0.000521
1449079504789	0.337988	0.00154	0.000521
1449079504891	0.342948	0.00154	0.000528
1449079504991	0.347908	0.00152	0.000529
1449079505092	0.352868	0.00152	0.000536
1449079505193	0.357827	0.00152	0.000544
1449079505304	0.362787	0.00152	0.000551
1449079505395	0.367747	0.00152	0.000559
1449079505496	0.372707	0.0015	0.000559
1449079505600	0.377667	0.0015	0.000567
1449079505700	0.382627	0.0015	0.000574
1449079505799	0.387587	0.0015	0.000581
1449079505901	0.392547	0.0015	0.000589
1449079506003	0.397507	0.0015	0.000596
1449079506102	0.402467	0.0015	0.000604
1449079506203	0.407426	0.0015	0.000611
1449079506305	0.412386	0.0015	0.000619
1449079506406	0.417346	0.0015	0.000626
1449079506506	0.422306	0.0015	0.000634
1449079506608	0.427266	0.0015	0.000641
1449079506708	0.432226	0.00148	0.00064
1449079506810	0.427266	0.0015	0.000641
1449079506911	0.422306	0.0015	0.000634
1449079507013	0.417346	0.0015	0.000626
1449079507112	0.412386	0.0015	0.000619
1449079507213	0.407426	0.0015	0.000611
1449079507314	0.402467	0.0015	0.000604
1449079507415	0.397507	0.00152	0.000604
1449079507518	0.392547	0.00152	0.000597
1449079507617	0.387587	0.00152	0.000589
1449079507719	0.382627	0.00152	0.000582
1449079507821	0.377667	0.00152	0.000574
1449079507922	0.372707	0.00152	0.000567
1449079508021	0.367747	0.00152	0.000559
1449079508122	0.362787	0.00154	0.000559
1449079508225	0.367747	0.00152	0.000559
1449079508324	0.372707	0.00152	0.000567
1449079508426	0.377667	0.0015	0.000567
1449079508526	0.382627	0.0015	0.000574
1449079508628	0.387587	0.0015	0.000581
1449079508729	0.392547	0.0015	0.000589
1449079508829	0.397507	0.0015	0.000596
1449079508933	0.402467	0.0015	0.000604
1449079509032	0.407426	0.0015	0.000611
1449079509133	0.412386	0.0015	0.000619
1449079509233	0.417346	0.0015	0.000626
1449079509334	0.422306	0.0015	0.000634
1449079509436	0.427266	0.00148	0.000633
1449079509536	0.422306	0.00148	0.000625
1449079509638	0.417346	0.0015	0.000626
1449079509742	0.412386	0.0015	0.000619
1449079509842	0.407426	0.00152	0.000619
1449079509940	0.402467	0.0015	0.000604
1449079510045	0.397507	0.0015	0.000596
1449079510142	0.392547	0.00152	0.000597
1449079510243	0.387587	0.00152	0.000589
1449079510344	0.382627	0.00152	0.000582
1449079510445	0.377667	0.00152	0.000574
1449079510550	0.372707	0.00152	0.000567
1449079510647	0.367747	0.00152	0.000559
1449079510752	0.362787	0.00152	0.000551
1449079510849	0.357827	0.00152	0.000544
1449079510950	0.352868	0.00152	0.000536
1449079511052	0.347908	0.00152	0.000529
1449079511153	0.342948	0.00152	0.000521
1449079511253	0.337988	0.00152	0.000514
1449079511354	0.333028	0.00152	0.000506
1449079511455	0.328068	0.00154	0.000505
1449079511557	0.333028	0.00152	0.000506
1449079511658	0.337988	0.00152	0.000514
1449079511760	0.342948	0.00152	0.000521
1449079511861	0.347908	0.00152	0.000529
1449079511964	0.352868	0.00152	0.000536
1449079512061	0.357827	0.00152	0.000544
1449079512163	0.362787	0.0015	0.000544
1449079512263	0.367747	0.00152	0.000559
1449079512364	0.372707	0.0015	0.000559
1449079512465	0.377667	0.0015	0.000567
1449079512566	0.382627	0.0015	0.000574
1449079512667	0.387587	0.0015	0.000581
1449079512768	0.392547	0.0015	0.000589
1449079512869	0.397507	0.0015	0.000596
1449079512971	0.402467	0.0015	0.000604
1449079513071	0.407426	0.0015	0.000611
1449079513177	0.412386	0.00148	0.00061
1449079513273	0.407426	0.00148	0.000603
1449079513374	0.402467	0.0015	0.000604
1449079513475	0.397507	0.0015	0.000596
1449079513577	0.392547	0.0015	0.000589
