Voltage	Current	Power1449080794845	0.275989	0.001321	0.003655
1449080795047	0.25119	0.001341	0.000337
1449080795247	0.24623	0.001341	0.00033
1449080795448	0.24127	0.001341	0.000324
1449080795649	0.23631	0.001341	0.000317
1449080795850	0.23135	0.001341	0.00031
1449080796051	0.22639	0.001341	0.000304
1449080796252	0.22143	0.001341	0.000297
1449080796453	0.21647	0.001341	0.00029
1449080796673	0.21151	0.001341	0.000284
1449080796855	0.20655	0.001341	0.000277
1449080797057	0.201591	0.001341	0.00027
1449080797258	0.196631	0.001341	0.000264
1449080797458	0.191671	0.001341	0.000257
1449080797660	0.186711	0.001341	0.00025
1449080797860	0.181751	0.001341	0.000244
1449080798061	0.176791	0.001341	0.000237
1449080798262	0.171831	0.001341	0.00023
1449080798463	0.166871	0.001341	0.000224
1449080798664	0.161911	0.001341	0.000217
1449080798866	0.156952	0.001341	0.00021
1449080799068	0.151992	0.001341	0.000204
1449080799269	0.147032	0.001341	0.000197
1449080799471	0.142072	0.001361	0.000193
1449080799669	0.147032	0.001361	0.0002
1449080799871	0.151992	0.001341	0.000204
1449080800073	0.156952	0.001341	0.00021
1449080800274	0.161911	0.001341	0.000217
1449080800473	0.166871	0.001341	0.000224
1449080800674	0.171831	0.001341	0.00023
1449080800877	0.176791	0.001341	0.000237
1449080801076	0.181751	0.001341	0.000244
1449080801277	0.186711	0.001341	0.00025
1449080801479	0.191671	0.001341	0.000257
1449080801680	0.196631	0.001341	0.000264
1449080801882	0.201591	0.001341	0.00027
1449080802082	0.20655	0.001321	0.000273
1449080802283	0.21151	0.001341	0.000284
1449080802483	0.21647	0.001321	0.000286
1449080802684	0.22143	0.001321	0.000293
1449080802886	0.22639	0.001321	0.000299
1449080803087	0.23135	0.001321	0.000306
1449080803287	0.23631	0.001321	0.000312
1449080803488	0.24127	0.001321	0.000319
1449080803690	0.24623	0.001321	0.000325
1449080803891	0.25119	0.001321	0.000332
1449080804092	0.256149	0.001321	0.000338
1449080804292	0.261109	0.001321	0.000345
1449080804496	0.266069	0.001321	0.000352
1449080804696	0.271029	0.001321	0.000358
1449080804896	0.275989	0.001321	0.000365
1449080805099	0.280949	0.001321	0.000371
1449080805298	0.285909	0.001321	0.000378
1449080805498	0.290869	0.001321	0.000384
1449080805699	0.295829	0.001321	0.000391
1449080805900	0.300789	0.001321	0.000397
1449080806102	0.305749	0.001321	0.000404
1449080806302	0.310708	0.001321	0.000411
1449080806504	0.315668	0.001301	0.000411
1449080806705	0.320628	0.001301	0.000417
1449080806906	0.325588	0.001301	0.000424
1449080807106	0.330548	0.001321	0.000437
1449080807307	0.335508	0.001301	0.000437
1449080807509	0.330548	0.001301	0.00043
1449080807710	0.325588	0.001321	0.00043
1449080807910	0.320628	0.001321	0.000424
1449080808113	0.315668	0.001321	0.000417
1449080808312	0.310708	0.001321	0.000411
1449080808513	0.305749	0.001321	0.000404
1449080808714	0.300789	0.001321	0.000397
1449080808916	0.295829	0.001321	0.000391
1449080809118	0.290869	0.001321	0.000384
1449080809318	0.285909	0.001321	0.000378
1449080809519	0.280949	0.001321	0.000371
1449080809720	0.275989	0.001321	0.000365
1449080809922	0.271029	0.001321	0.000358
1449080810121	0.266069	0.001341	0.000357
1449080810326	0.261109	0.001341	0.00035
1449080810524	0.256149	0.001321	0.000338
1449080810724	0.25119	0.001341	0.000337
1449080810925	0.24623	0.001341	0.00033
1449080811126	0.24127	0.001341	0.000324
1449080811328	0.23631	0.001341	0.000317
1449080811528	0.23135	0.001341	0.00031
1449080811735	0.22639	0.001341	0.000304
1449080811932	0.22143	0.001341	0.000297
1449080812131	0.21647	0.001341	0.00029
1449080812332	0.21151	0.001341	0.000284
1449080812534	0.20655	0.001341	0.000277
1449080812735	0.201591	0.001341	0.00027
1449080812936	0.196631	0.001341	0.000264
1449080813137	0.191671	0.001341	0.000257
1449080813337	0.186711	0.001341	0.00025
1449080813540	0.181751	0.001341	0.000244
1449080813740	0.176791	0.001341	0.000237
1449080813941	0.171831	0.001341	0.00023
1449080814141	0.166871	0.001341	0.000224
1449080814343	0.161911	0.001361	0.00022
1449080814544	0.166871	0.001341	0.000224
1449080814745	0.171831	0.001341	0.00023
1449080814945	0.176791	0.001341	0.000237
1449080815147	0.181751	0.001341	0.000244
1449080815347	0.186711	0.001341	0.00025
1449080815549	0.191671	0.001341	0.000257
1449080815749	0.196631	0.001341	0.000264
1449080815951	0.201591	0.001321	0.000266
1449080816151	0.20655	0.001341	0.000277
1449080816353	0.21151	0.001341	0.000284
1449080816554	0.21647	0.001341	0.00029
1449080816754	0.22143	0.001341	0.000297
1449080816955	0.22639	0.001321	0.000299
1449080817157	0.23135	0.001321	0.000306
1449080817359	0.23631	0.001321	0.000312
1449080817558	0.24127	0.001321	0.000319
1449080817760	0.24623	0.001321	0.000325
1449080817961	0.25119	0.001321	0.000332
1449080818164	0.256149	0.001321	0.000338
1449080818362	0.261109	0.001321	0.000345
1449080818564	0.266069	0.001321	0.000352
1449080818765	0.271029	0.001321	0.000358
1449080818966	0.275989	0.001321	0.000365
1449080819166	0.280949	0.001321	0.000371
1449080819368	0.285909	0.001321	0.000378
1449080819569	0.290869	0.001301	0.000379
1449080819769	0.295829	0.001301	0.000385
1449080819970	0.300789	0.001301	0.000391
1449080820172	0.305749	0.001321	0.000404
1449080820374	0.310708	0.001321	0.000411
1449080820574	0.315668	0.001321	0.000417
1449080820774	0.320628	0.001321	0.000424
1449080820976	0.325588	0.001321	0.00043
1449080821177	0.330548	0.001301	0.00043
1449080821378	0.325588	0.001301	0.000424
1449080821578	0.320628	0.001321	0.000424
1449080821779	0.315668	0.001301	0.000411
1449080821982	0.310708	0.001321	0.000411
1449080822181	0.305749	0.001321	0.000404
1449080822384	0.300789	0.001321	0.000397
1449080822584	0.295829	0.001321	0.000391
1449080822784	0.290869	0.001321	0.000384
1449080822986	0.285909	0.001321	0.000378
1449080823187	0.280949	0.001321	0.000371
1449080823388	0.275989	0.001321	0.000365
1449080823589	0.271029	0.001321	0.000358
1449080823790	0.266069	0.001321	0.000352
1449080823991	0.261109	0.001321	0.000345
1449080824192	0.256149	0.001321	0.000338
1449080824393	0.25119	0.001341	0.000337
1449080824594	0.24623	0.001341	0.00033
1449080824796	0.24127	0.001341	0.000324
1449080824996	0.23631	0.001341	0.000317
1449080825199	0.23135	0.001341	0.00031
1449080825398	0.22639	0.001341	0.000304
1449080825599	0.22143	0.001341	0.000297
1449080825800	0.21647	0.001341	0.00029
1449080826001	0.21151	0.001341	0.000284
1449080826202	0.20655	0.001341	0.000277
1449080826403	0.201591	0.001341	0.00027
1449080826604	0.196631	0.001341	0.000264
1449080826805	0.191671	0.001341	0.000257
1449080827006	0.186711	0.001341	0.00025
1449080827207	0.181751	0.001341	0.000244
1449080827408	0.176791	0.001341	0.000237
1449080827609	0.171831	0.001341	0.00023
1449080827810	0.166871	0.001341	0.000224
1449080828011	0.161911	0.001361	0.00022
1449080828214	0.166871	0.001341	0.000224
1449080828413	0.171831	0.001341	0.00023
1449080828614	0.176791	0.001341	0.000237
1449080828815	0.181751	0.001341	0.000244
1449080829016	0.186711	0.001321	0.000247
1449080829217	0.191671	0.001341	0.000257
1449080829418	0.196631	0.001341	0.000264
1449080829619	0.201591	0.001341	0.00027
1449080829820	0.20655	0.001321	0.000273
1449080830022	0.21151	0.001321	0.000279
1449080830222	0.21647	0.001321	0.000286
1449080830423	0.22143	0.001321	0.000293
1449080830624	0.22639	0.001321	0.000299
1449080830825	0.23135	0.001321	0.000306
1449080831026	0.23631	0.001321	0.000312
1449080831229	0.24127	0.001321	0.000319
1449080831428	0.24623	0.001321	0.000325
1449080831629	0.25119	0.001321	0.000332
1449080831830	0.256149	0.001321	0.000338
1449080832031	0.261109	0.001321	0.000345
1449080832232	0.266069	0.001321	0.000352
1449080832433	0.271029	0.001321	0.000358
1449080832634	0.275989	0.001321	0.000365
1449080832835	0.280949	0.001321	0.000371
1449080833036	0.285909	0.001321	0.000378
1449080833237	0.290869	0.001301	0.000379
1449080833438	0.295829	0.001321	0.000391
1449080833639	0.300789	0.001321	0.000397
1449080833840	0.305749	0.001321	0.000404
1449080834041	0.310708	0.001301	0.000404
1449080834242	0.315668	0.001301	0.000411
1449080834443	0.320628	0.001321	0.000424
1449080834644	0.325588	0.001301	0.000424
1449080834845	0.330548	0.001301	0.00043
1449080835046	0.335508	0.001301	0.000437
1449080835247	0.340468	0.001301	0.000443
1449080835448	0.345428	0.001301	0.00045
1449080835649	0.350388	0.001301	0.000456
1449080835850	0.355348	0.001301	0.000462
1449080836051	0.360307	0.001301	0.000469
1449080836252	0.365267	0.001301	0.000475
1449080836453	0.370227	0.001301	0.000482
1449080836654	0.375187	0.001301	0.000488
1449080836855	0.380147	0.001301	0.000495
1449080837056	0.385107	0.001301	0.000501
1449080837257	0.390067	0.001301	0.000508
1449080837459	0.395027	0.001301	0.000514
1449080837659	0.399987	0.001301	0.000521
1449080837860	0.404947	0.001301	0.000527
1449080838061	0.409906	0.001301	0.000533
1449080838262	0.414866	0.001301	0.00054
1449080838465	0.419826	0.001301	0.000546
1449080838664	0.424786	0.001281	0.000544
1449080838865	0.419826	0.001281	0.000538
1449080839066	0.414866	0.001301	0.00054
1449080839267	0.409906	0.001301	0.000533
1449080839468	0.404947	0.001301	0.000527
1449080839669	0.399987	0.001301	0.000521
1449080839870	0.395027	0.001321	0.000522
1449080840071	0.390067	0.001321	0.000515
1449080840272	0.385107	0.001301	0.000501
1449080840473	0.380147	0.001321	0.000502
1449080840675	0.375187	0.001301	0.000488
1449080840875	0.370227	0.001321	0.000489
1449080841076	0.365267	0.001321	0.000483
1449080841277	0.360307	0.001321	0.000476
1449080841479	0.355348	0.001321	0.00047
1449080841679	0.350388	0.001321	0.000463
1449080841880	0.345428	0.001321	0.000456
1449080842081	0.340468	0.001321	0.00045
1449080842282	0.335508	0.001321	0.000443
1449080842483	0.330548	0.001321	0.000437
1449080842684	0.325588	0.001321	0.00043
1449080842885	0.320628	0.001341	0.00043
1449080843086	0.325588	0.001341	0.000437
1449080843288	0.330548	0.001321	0.000437
1449080843488	0.335508	0.001321	0.000443
1449080843689	0.340468	0.001321	0.00045
1449080843890	0.345428	0.001321	0.000456
1449080844091	0.350388	0.001321	0.000463
1449080844292	0.355348	0.001321	0.00047
1449080844493	0.360307	0.001301	0.000469
1449080844694	0.365267	0.001301	0.000475
1449080844895	0.370227	0.001301	0.000482
1449080845096	0.375187	0.001301	0.000488
1449080845297	0.380147	0.001321	0.000502
1449080845498	0.385107	0.001301	0.000501
1449080845699	0.390067	0.001301	0.000508
1449080845900	0.395027	0.001301	0.000514
1449080846101	0.399987	0.001301	0.000521
1449080846302	0.404947	0.001301	0.000527
1449080846503	0.409906	0.001301	0.000533
1449080846704	0.414866	0.001301	0.00054
1449080846905	0.419826	0.001301	0.000546
1449080847108	0.424786	0.001301	0.000553
1449080847307	0.429746	0.001301	0.000559
1449080847508	0.434706	0.001301	0.000566
1449080847709	0.439666	0.001301	0.000572
1449080847910	0.444626	0.001281	0.00057
1449080848111	0.439666	0.001281	0.000563
1449080848313	0.434706	0.001301	0.000566
1449080848513	0.429746	0.001301	0.000559
1449080848714	0.424786	0.001301	0.000553
1449080848915	0.419826	0.001301	0.000546
1449080849116	0.414866	0.001301	0.00054
1449080849317	0.409906	0.001321	0.000542
1449080849518	0.404947	0.001301	0.000527
1449080849719	0.399987	0.001321	0.000528
1449080849921	0.395027	0.001321	0.000522
1449080850122	0.390067	0.001321	0.000515
1449080850323	0.385107	0.001321	0.000509
1449080850523	0.380147	0.001321	0.000502
1449080850724	0.375187	0.001321	0.000496
1449080850925	0.370227	0.001321	0.000489
1449080851126	0.365267	0.001321	0.000483
1449080851327	0.360307	0.001321	0.000476
1449080851528	0.355348	0.001321	0.00047
1449080851729	0.350388	0.001321	0.000463
1449080851930	0.345428	0.001321	0.000456
1449080852131	0.340468	0.001321	0.00045
1449080852332	0.335508	0.001321	0.000443
1449080852533	0.330548	0.001321	0.000437
1449080852735	0.325588	0.001321	0.00043
1449080852935	0.320628	0.001321	0.000424
1449080853136	0.315668	0.001321	0.000417
1449080853337	0.310708	0.001341	0.000417
1449080853538	0.315668	0.001321	0.000417
1449080853741	0.320628	0.001341	0.00043
1449080853941	0.325588	0.001321	0.00043
1449080854141	0.330548	0.001321	0.000437
1449080854342	0.335508	0.001321	0.000443
1449080854543	0.340468	0.001321	0.00045
1449080854744	0.345428	0.001321	0.000456
1449080854945	0.350388	0.001321	0.000463
1449080855146	0.355348	0.001321	0.00047
1449080855349	0.360307	0.001321	0.000476
1449080855548	0.365267	0.001301	0.000475
1449080855749	0.370227	0.001301	0.000482
1449080855950	0.375187	0.001321	0.000496
1449080856151	0.380147	0.001301	0.000495
1449080856352	0.385107	0.001301	0.000501
1449080856553	0.390067	0.001301	0.000508
1449080856754	0.395027	0.001301	0.000514
1449080856955	0.399987	0.001301	0.000521
1449080857156	0.404947	0.001301	0.000527
1449080857359	0.409906	0.001301	0.000533
1449080857558	0.414866	0.001301	0.00054
1449080857759	0.419826	0.001301	0.000546
1449080857960	0.424786	0.001301	0.000553
1449080858161	0.429746	0.001301	0.000559
1449080858362	0.434706	0.001301	0.000566
1449080858563	0.439666	0.001301	0.000572
1449080858764	0.444626	0.001301	0.000579
1449080858965	0.449586	0.001301	0.000585
1449080859166	0.454546	0.001301	0.000592
1449080859367	0.459505	0.001281	0.000589
1449080859568	0.454546	0.001301	0.000592
1449080859769	0.449586	0.001301	0.000585
1449080859970	0.444626	0.001301	0.000579
1449080860171	0.439666	0.001301	0.000572
1449080860372	0.434706	0.001301	0.000566
1449080860573	0.429746	0.001301	0.000559
1449080860774	0.424786	0.001301	0.000553
1449080860975	0.419826	0.001301	0.000546
1449080861176	0.414866	0.001301	0.00054
1449080861378	0.409906	0.001301	0.000533
1449080861578	0.404947	0.001321	0.000535
1449080861779	0.399987	0.001321	0.000528
1449080861980	0.395027	0.001321	0.000522
1449080862181	0.390067	0.001321	0.000515
1449080862383	0.385107	0.001321	0.000509
1449080862583	0.380147	0.001321	0.000502
1449080862784	0.375187	0.001321	0.000496
1449080862985	0.370227	0.001321	0.000489
1449080863186	0.365267	0.001321	0.000483
1449080863387	0.360307	0.001321	0.000476
1449080863589	0.355348	0.001321	0.00047
1449080863789	0.350388	0.001321	0.000463
1449080863990	0.345428	0.001321	0.000456
1449080864191	0.340468	0.001321	0.00045
1449080864392	0.335508	0.001321	0.000443
1449080864593	0.330548	0.001321	0.000437
1449080864794	0.325588	0.001321	0.00043
1449080864995	0.320628	0.001321	0.000424
1449080865199	0.315668	0.001321	0.000417
1449080865399	0.310708	0.001321	0.000411
1449080865598	0.305749	0.001321	0.000404
1449080865800	0.300789	0.001341	0.000403
1449080866001	0.305749	0.001321	0.000404
1449080866201	0.310708	0.001321	0.000411
1449080866402	0.315668	0.001321	0.000417
1449080866603	0.320628	0.001321	0.000424
1449080866804	0.325588	0.001321	0.00043
1449080867007	0.330548	0.001321	0.000437
1449080867206	0.335508	0.001321	0.000443
1449080867407	0.340468	0.001321	0.00045
1449080867608	0.345428	0.001321	0.000456
1449080867809	0.350388	0.001321	0.000463
1449080868011	0.355348	0.001301	0.000462
1449080868211	0.360307	0.001321	0.000476
1449080868412	0.365267	0.001321	0.000483
1449080868614	0.370227	0.001321	0.000489
1449080868815	0.375187	0.001301	0.000488
1449080869015	0.380147	0.001301	0.000495
1449080869218	0.385107	0.001301	0.000501
1449080869417	0.390067	0.001301	0.000508
1449080869618	0.395027	0.001301	0.000514
1449080869819	0.399987	0.001301	0.000521
1449080870020	0.404947	0.001301	0.000527
1449080870222	0.409906	0.001301	0.000533
1449080870422	0.414866	0.001301	0.00054
1449080870623	0.419826	0.001301	0.000546
1449080870824	0.424786	0.001301	0.000553
1449080871025	0.429746	0.001301	0.000559
1449080871226	0.434706	0.001301	0.000566
1449080871427	0.439666	0.001281	0.000563
1449080871628	0.434706	0.001301	0.000566
1449080871830	0.429746	0.001301	0.000559
1449080872030	0.424786	0.001301	0.000553
1449080872232	0.419826	0.001301	0.000546
1449080872432	0.414866	0.001301	0.00054
1449080872634	0.409906	0.001301	0.000533
1449080872834	0.404947	0.001301	0.000527
1449080873036	0.399987	0.001301	0.000521
1449080873236	0.395027	0.001301	0.000514
1449080873443	0.390067	0.001321	0.000515
1449080873638	0.385107	0.001321	0.000509
1449080873839	0.380147	0.001321	0.000502
1449080874040	0.375187	0.001321	0.000496
1449080874241	0.370227	0.001321	0.000489
1449080874442	0.365267	0.001321	0.000483
1449080874643	0.360307	0.001321	0.000476
1449080874844	0.355348	0.001321	0.00047
1449080875045	0.350388	0.001321	0.000463
1449080875246	0.345428	0.001321	0.000456
1449080875447	0.340468	0.001321	0.00045
1449080875648	0.335508	0.001321	0.000443
1449080875849	0.330548	0.001321	0.000437
1449080876051	0.325588	0.001321	0.00043
1449080876251	0.320628	0.001321	0.000424
1449080876452	0.315668	0.001321	0.000417
1449080876654	0.310708	0.001341	0.000417
1449080876854	0.315668	0.001341	0.000423
1449080877055	0.320628	0.001321	0.000424
1449080877256	0.325588	0.001321	0.00043
1449080877457	0.330548	0.001321	0.000437
1449080877658	0.335508	0.001321	0.000443
1449080877862	0.340468	0.001321	0.00045
1449080878060	0.345428	0.001301	0.00045
1449080878261	0.350388	0.001321	0.000463
1449080878462	0.355348	0.001301	0.000462
1449080878663	0.360307	0.001321	0.000476
1449080878864	0.365267	0.001301	0.000475
1449080879065	0.370227	0.001321	0.000489
1449080879266	0.375187	0.001301	0.000488
1449080879468	0.380147	0.001301	0.000495
1449080879668	0.385107	0.001301	0.000501
1449080879869	0.390067	0.001301	0.000508
1449080880070	0.395027	0.001301	0.000514
1449080880271	0.399987	0.001301	0.000521
1449080880473	0.404947	0.001301	0.000527
1449080880673	0.409906	0.001301	0.000533
1449080880874	0.414866	0.001301	0.00054
1449080881075	0.419826	0.001301	0.000546
1449080881276	0.424786	0.001301	0.000553
1449080881478	0.429746	0.001301	0.000559
1449080881678	0.434706	0.001301	0.000566
1449080881880	0.439666	0.001301	0.000572
1449080882080	0.444626	0.001301	0.000579
1449080882281	0.449586	0.001301	0.000585
1449080882482	0.454546	0.001281	0.000582
1449080882683	0.449586	0.001281	0.000576
1449080882884	0.444626	0.001301	0.000579
1449080883086	0.439666	0.001301	0.000572
1449080883286	0.434706	0.001301	0.000566
1449080883487	0.429746	0.001301	0.000559
1449080883689	0.424786	0.001301	0.000553
1449080883889	0.419826	0.001301	0.000546
1449080884092	0.414866	0.001301	0.00054
1449080884292	0.409906	0.001301	0.000533
1449080884492	0.404947	0.001321	0.000535
1449080884696	0.399987	0.001321	0.000528
1449080884894	0.395027	0.001321	0.000522
1449080885095	0.390067	0.001321	0.000515
1449080885296	0.385107	0.001321	0.000509
1449080885497	0.380147	0.001321	0.000502
1449080885698	0.375187	0.001321	0.000496
1449080885901	0.370227	0.001321	0.000489
1449080886100	0.365267	0.001321	0.000483
1449080886301	0.360307	0.001321	0.000476
1449080886502	0.355348	0.001321	0.00047
1449080886703	0.350388	0.001321	0.000463
1449080886905	0.345428	0.001321	0.000456
1449080887105	0.340468	0.001321	0.00045
1449080887306	0.335508	-0.000031	-0.00001
1449080887508	0.340468	-0.000031	-0.000011
1449080887708	0.345428	-0.000031	-0.000011
1449080887909	0.350388	-0.000031	-0.000011
1449080888111	0.355348	-0.000011	-0.000004
1449080888311	0.360307	-0.000031	-0.000011
1449080888512	0.365267	-0.000031	-0.000011
1449080888713	0.370227	-0.000031	-0.000011
1449080888914	0.375187	-0.000031	-0.000012
1449080889116	0.380147	-0.000011	-0.000004
1449080889316	0.385107	-0.000031	-0.000012
1449080889517	0.390067	-0.000031	-0.000012
1449080889719	0.395027	-0.000031	-0.000012
1449080889919	0.399987	-0.000031	-0.000012
1449080890120	0.404947	-0.000031	-0.000013
1449080890321	0.409906	-0.000031	-0.000013
1449080890522	0.414866	-0.000031	-0.000013
1449080890724	0.419826	-0.000031	-0.000013
1449080890924	0.424786	-0.000031	-0.000013
1449080891126	0.429746	-0.000031	-0.000013
1449080891358	0.434706	-0.000031	-0.000014
1449080891527	0.439666	-0.000031	-0.000014
1449080891728	0.444626	-0.000031	-0.000014
1449080891929	0.449586	-0.000031	-0.000014
1449080892130	0.454546	-0.000031	-0.000014
1449080892331	0.459505	-0.000031	-0.000014
1449080892532	0.464465	-0.000031	-0.000014
1449080892733	0.469425	-0.000031	-0.000015
1449080892936	0.474385	-0.000031	-0.000015
1449080893135	0.479345	-0.000031	-0.000015
1449080893336	0.484305	-0.000031	-0.000015
1449080893537	0.489265	-0.000031	-0.000015
