Time	Voltage	Current	Power
1450459123997	0	0.000027	0
1450459125195	-1.977806	0.000031	-0.000062
1450459126200	-1.92781	0.000036	-0.000069
1450459127205	-1.877814	0.000031	-0.000059
1450459128217	-1.827818	0.000031	-0.000057
1450459129216	-1.777822	0.000031	-0.000056
1450459130220	-1.727826	0.000027	-0.000046
1450459131226	-1.67783	0.000036	-0.00006
1450459132230	-1.627834	0.00005	-0.000081
1450459133235	-1.577838	0.00011	-0.000173
1450459134240	-1.607835	0.000419	-0.000673
1450459135246	-1.557839	0.00046	-0.000717
1450459136250	-1.507843	0.00046	-0.000694
1450459137255	-1.457847	0.00046	-0.000671
1450459138260	-1.407851	0.00046	-0.000648
1450459139266	-1.357855	0.000451	-0.000612
1450459140270	-1.307859	0.000446	-0.000584
1450459141280	-1.257863	0.000442	-0.000556
1450459142281	-1.207867	0.000414	-0.0005
1450459143285	-1.157871	0.000303	-0.000351
1450459144290	-1.107875	0.000631	-0.000699
1450459145296	-1.137873	0.000658	-0.000749
1450459146301	-1.087877	0.000585	-0.000636
1450459147307	-1.037881	0.000575	-0.000597
1450459148310	-0.987885	0.000396	-0.000391
1450459149316	-0.937889	0.001617	-0.001517
1450459150323	-0.887893	0.001751	-0.001555
1450459151325	-0.837897	0.001834	-0.001537
1450459152330	-0.787901	0.001954	-0.001539
1450459153336	-0.737905	0.002194	-0.001619
1450459154342	-0.687909	0.002221	-0.001528
1450459155345	-0.637913	0.002175	-0.001388
1450459156351	-0.587917	0.002143	-0.00126
1450459157358	-0.537921	0.002106	-0.001133
1450459158361	-0.487925	0.002074	-0.001012
1450459159365	-0.437929	0.002028	-0.000888
1450459160371	-0.387933	0.002009	-0.000779
1450459161376	-0.337937	0.002097	-0.000709
1450459162380	-0.287941	0.002046	-0.000589
1450459163386	-0.237945	0.002	-0.000476
1450459164391	-0.187949	0.001949	-0.000366
1450459165396	-0.137953	0.001894	-0.000261
1450459166402	-0.087957	0.001829	-0.000161
1450459167406	-0.037961	0.001691	-0.000064
1450459168411	0.012035	0.001636	0.00002
1450459169416	0.062031	0.001613	0.0001
1450459170421	0.112027	0.001525	0.000171
1450459171426	0.162023	0.001456	0.000236
1450459172431	0.212019	0.001387	0.000294
1450459173436	0.262015	0.001304	0.000342
1450459174444	0.312011	0.001235	0.000385
1450459175446	0.362007	0.001147	0.000415
1450459176451	0.412003	0.00105	0.000433
1450459177456	0.461999	0.000949	0.000438
1450459178461	0.511995	0.000875	0.000448
1450459179466	0.541993	0.00082	0.000444
1450459180471	0.491997	0.000907	0.000446
1450459181476	0.442001	0.001078	0.000476
1450459182483	0.392005	0.001184	0.000464
1450459183490	0.442001	0.001096	0.000485
1450459184491	0.491997	0.001004	0.000494
1450459185502	0.541993	0.000912	0.000494
1450459186501	0.531994	0.000898	0.000478
1450459187507	0.541993	0.000898	0.000487
1450459188511	0.551992	0.000875	0.000483
1450459189516	0.501996	0.000976	0.00049
1450459190521	0.452	0.001092	0.000493
1450459191526	0.402004	0.001193	0.00048
1450459192531	0.412003	0.001161	0.000478
1450459193536	0.461999	0.001055	0.000487
1450459194553	0.511995	0.000953	0.000488
1450459195546	0.561991	0.000834	0.000468
1450459196552	0.531994	0.000843	0.000448
1450459197556	0.58199	0.00076	0.000442
1450459198561	0.551992	0.00082	0.000452
1450459199567	0.501996	0.000921	0.000462
1450459200571	0.471998	0.000087	0.000041
1450459201576	0.481998	0.000008	0.000004
1450459202581	0.491997	0.000008	0.000004
1450459203586	0.541993	0.000004	0.000002
1450459204592	0.591989	-0.000006	-0.000004
1450459205597	0.541993	-0.000006	-0.000003
1450459206602	0.491997	0.000004	0.000002
1450459207606	0.501996	0.000004	0.000002
1450459208612	0.551992	-0.000006	-0.000003
1450459209617	0.601988	-0.000011	-0.000006
1450459210621	0.551992	0.000004	0.000002
1450459211626	0.501996	0.000008	0.000004
1450459212631	0.452	0.000649	0.000293
1450459213636	0.402004	0.001138	0.000457
1450459214642	0.352008	0.001272	0.000448
1450459215647	0.382006	0.001179	0.000451
1450459216658	0.432002	0.001087	0.00047
1450459217656	0.481998	0.001	0.000482
1450459218662	0.531994	0.000917	0.000488
1450459219667	0.561991	0.000852	0.000479
1450459220672	0.511995	0.000967	0.000495
1450459221677	0.461999	0.001073	0.000496
1450459222682	0.432002	0.001124	0.000486
1450459223687	0.481998	0.001041	0.000502
1450459224696	0.531994	0.000949	0.000505
1450459225697	0.521994	0.000967	0.000505
1450459226702	0.471998	0.001073	0.000507
1450459227707	0.422002	0.001179	0.000498
1450459228712	0.471998	0.001078	0.000509
1450459229717	0.521994	0.000903	0.000471
1450459230722	0.57199	0.000843	0.000482
1450459231727	0.621986	0.000746	0.000464
1450459232732	0.57199	0.00087	0.000498
1450459233737	0.521994	0.001018	0.000531
1450459234742	0.471998	0.001133	0.000535
1450459235747	0.422002	0.001248	0.000527
1450459236752	0.452	0.001189	0.000537
1450459237757	0.501996	0.001078	0.000541
1450459238762	0.551992	0.0001	0.000055
1450459239767	0.521994	0.000004	0.000002
1450459240772	0.57199	0.000004	0.000002
1450459241777	0.601988	-0.000006	-0.000004
1450459242783	0.551992	-0.000006	-0.000003
1450459243787	0.501996	-0.000011	-0.000005
1450459244792	0.452	0.000008	0.000004
1450459245798	0.402004	0.000013	0.000005
1450459246802	0.352008	0.000008	0.000003
1450459247807	0.302012	0.000008	0.000003
1450459248813	0.352008	0.000008	0.000003
1450459249820	0.402004	0.000008	0.000003
1450459250822	0.452	0.000008	0.000004
1450459251827	0.501996	0.000013	0.000006
1450459252832	0.551992	0.000004	0.000002
1450459253838	0.601988	0.000004	0.000002
1450459254847	0.651984	0.000004	0.000002
1450459255847	0.681982	-0.000006	-0.000004
1450459256853	0.631986	-0.000006	-0.000004
1450459257857	0.58199	0.000004	0.000002
1450459258862	0.631986	-0.000006	-0.000004
1450459259871	0.681982	-0.000006	-0.000004
1450459260873	0.631986	0.000004	0.000002
1450459261883	0.58199	-0.000006	-0.000003
1450459262892	0.531994	0.000004	0.000002
1450459263888	0.58199	0.000004	0.000002
1450459264892	0.631986	-0.000006	-0.000004
1450459265897	0.641985	-0.000006	-0.000004
1450459266903	0.591989	0.000004	0.000002
1450459267907	0.601988	0.000004	0.000002
1450459268912	0.651984	-0.000006	-0.000004
1450459269917	0.601988	0.000004	0.000002
1450459270923	0.591989	0.000004	0.000002
1450459271927	0.641985	0.000004	0.000002
1450459272932	0.671982	-0.000006	-0.000004
1450459273938	0.621986	0.000004	0.000002
1450459274943	0.57199	0.000004	0.000002
1450459275948	0.601988	0.000004	0.000002
1450459276957	0.651984	0.000004	0.000002
1450459277957	0.681982	-0.000006	-0.000004
1450459278963	0.631986	0.000004	0.000002
1450459279968	0.641985	0.000004	0.000002
1450459280973	0.691981	-0.000006	-0.000004
1450459281978	0.681982	-0.000006	-0.000004
1450459282984	0.631986	-0.000006	-0.000004
1450459283988	0.58199	0.000004	0.000002
1450459284994	0.631986	-0.000006	-0.000004
1450459285998	0.681982	-0.000006	-0.000004
1450459287003	0.631986	-0.000006	-0.000004
1450459288008	0.58199	0.000004	0.000002
1450459289013	0.57199	0.000004	0.000002
1450459290018	0.621986	0.000004	0.000002
1450459291023	0.671982	-0.000006	-0.000004
1450459292030	0.641985	0.000004	0.000002
1450459293033	0.591989	-0.000006	-0.000004
1450459294039	0.541993	0.000004	0.000002
1450459295043	0.591989	0.000004	0.000002
1450459296048	0.641985	-0.000006	-0.000004
1450459297053	0.651984	-0.000006	-0.000004
1450459298059	0.601988	0.000004	0.000002
1450459299063	0.611987	0.000004	0.000002
1450459300068	0.661983	-0.000006	-0.000004
1450459301073	0.711979	-0.000006	-0.000004
1450459302078	0.721978	-0.000006	-0.000004
1450459303083	0.671982	-0.000006	-0.000004
1450459304089	0.621986	0.000004	0.000002
1450459305094	0.57199	0.000004	0.000002
1450459306098	0.58199	0.000004	0.000002
1450459307104	0.631986	0.000004	0.000002
1450459308109	0.681982	0.000004	0.000003
1450459309114	0.711979	-0.000006	-0.000004
1450459310119	0.661983	0.000004	0.000002
1450459311123	0.611987	0.000004	0.000002
1450459312129	0.58199	0.000004	0.000002
1450459313134	0.631986	0.000004	0.000002
1450459314139	0.661983	-0.000006	-0.000004
1450459315144	0.611987	-0.000006	-0.000004
1450459316149	0.561991	0.000004	0.000002
1450459317153	0.611987	-0.000006	-0.000004
1450459318158	0.661983	-0.000006	-0.000004
1450459319163	0.631986	-0.000006	-0.000004
1450459320168	0.58199	0.000004	0.000002
1450459321173	0.631986	0.000004	0.000002
1450459322178	0.661983	-0.000006	-0.000004
1450459448290	0	0	0
1450459449298	0.002036	0.000008	0
1450459450300	0.012035	0.000013	0
1450459451305	-0.007963	0.000013	0
1450459452311	0.002036	0.000013	0
1450459453316	0.012035	0.000013	0
1450459454320	-0.007963	0.000013	0
1450459455325	0.002036	0.000008	0
1450459456330	0.012035	0.000008	0
1450459457337	-0.007963	0.000013	0
1450459458346	0.002036	0.000013	0
1450459459346	0.012035	0.000013	0
1450459460350	-0.007963	0.000013	0
1450459461355	0.002036	0.000013	0
1450459462360	0.012035	0.000013	0
1450459463373	-0.007963	0.000013	0
1450459464370	0.002036	0.000013	0
1450459465375	0.012035	0.000013	0
1450459466380	-0.007963	0.000013	0
1450459467390	0.002036	0.000013	0
1450459468395	0.012035	0.000013	0
1450459469395	-0.007963	0.000013	0
1450459470400	0.002036	0.000013	0
1450459471405	0.012035	0.000013	0
1450459472410	-0.007963	0.000008	0
1450459473415	0.002036	0.000013	0
1450459474420	0.012035	0.000013	0
1450459475425	-0.007963	0.000013	0
1450459476438	0.002036	0.000008	0
1450459477435	0.012035	0.000008	0
1450459478440	-0.007963	0.000013	0
1450459479447	0.002036	0.000008	0
1450459480450	0.012035	0.000008	0
1450459481455	-0.007963	0.000013	0
1450459482470	0.002036	0.000013	0
1450459483466	0.012035	0.000008	0
1450459484471	-0.007963	0.000013	0
1450459485476	0.002036	0.000008	0
1450459486482	0.012035	0.000013	0
1450459487485	-0.007963	0.000013	0
1450459488491	0.002036	0.000013	0
1450459489495	0.012035	0.000013	0
1450459490501	-0.007963	0.000013	0
1450459491509	0.002036	0.000013	0
1450459492510	0.012035	0.000013	0
1450459493515	-0.007963	0.000008	0
1450459494520	0.002036	0.000008	0
1450459495525	0.012035	0.000013	0
1450459496531	-0.007963	0.000013	0
1450459497536	0.002036	0.000013	0
1450459498540	0.012035	0.000013	0
1450459499548	-0.007963	0.000013	0
1450459500550	0.002036	0.000013	0
1450459501556	0.012035	0.000013	0
1450459502561	-0.007963	0.000013	0
1450459503566	0.002036	0.000013	0
1450459504571	0.012035	0.000008	0
1450459505576	-0.007963	0.000013	0
1450459506581	0.002036	0.000013	0
1450459507586	0.012035	0.000013	0
1450459508596	-0.007963	0.000013	0
1450459509596	0.002036	0.000013	0
1450459510601	0.012035	0.000013	0
1450459511606	-0.007963	0.000013	0
1450459512611	0.002036	0.000008	0
1450459513616	0.012035	0.000013	0
1450459514621	-0.007963	0.000013	0
1450459515631	0.002036	0.000013	0
1450459516631	0.012035	0.000013	0
1450459517636	-0.007963	0.000013	0
1450459518641	0.002036	0.000013	0
1450459519646	0.012035	0.000008	0
1450459520651	-0.007963	0.000013	0
1450459521656	0.002036	0.000013	0
1450459522661	0.012035	0.000008	0
1450459523666	-0.007963	0.000008	0
1450459524671	0.002036	0.000013	0
1450459525676	0.012035	0.000008	0
1450459526681	-0.007963	0.000013	0
1450459527687	0.002036	0.000013	0
1450459528691	0.012035	0.000013	0
1450459529696	-0.007963	0.000013	0
1450459530701	0.002036	0.000013	0
1450459531706	0.012035	0.000013	0
1450459532711	-0.007963	0.000013	0
1450459533716	0.002036	0.000008	0
1450459534721	0.012035	0.000008	0
1450459535726	-0.007963	0.000008	0
1450459536731	0.002036	0.000013	0
1450459537736	0.012035	0.000013	0
1450459538741	-0.007963	0.000013	0
1450459539746	0.002036	0.000013	0
1450459540751	0.012035	0.000008	0
1450459541756	-0.007963	0.000013	0
1450459542761	0.002036	0.000013	0
1450459543766	0.012035	0.000013	0
1450459544778	-0.007963	0.000008	0
1450459545776	0.002036	0.000008	0
1450459546781	0.012035	0.000013	0
1450459547786	-0.007963	0.000008	0
1450459548791	0.002036	0.000008	0
1450459549796	0.012035	0.000008	0
1450459550801	-0.007963	0.000013	0
1450459551806	0.002036	0.000008	0
1450459552811	0.012035	0.000013	0
1450459553816	-0.007963	0.000013	0
1450459554821	0.002036	0.000013	0
1450459555826	0.012035	0.000013	0
1450459556831	-0.007963	0.000013	0
1450459557836	0.002036	0.000013	0
1450459558841	0.012035	0.000013	0
1450459559846	-0.007963	0.000013	0
1450459560851	0.002036	0.000013	0
1450459561860	0.012035	0.000013	0
1450459562861	-0.007963	0.000013	0
1450459563867	0.002036	0.000013	0
1450459564873	0.012035	0.000008	0
1450459565877	-0.007963	0.000013	0
1450459566882	0.002036	0.000013	0
1450459567887	0.012035	0.000013	0
1450459568892	-0.007963	0.000013	0
1450459569897	0.002036	0.000013	0
1450459570902	0.012035	0.000013	0
1450459571907	-0.007963	0.000013	0
1450459572912	0.002036	0.000013	0
1450459573917	0.012035	0.000013	0
1450459574922	-0.007963	0.000013	0
1450459575927	0.002036	0.000013	0
1450459576932	0.012035	0.000013	0
1450459577937	-0.007963	0.000013	0
1450459578942	0.002036	0.000008	0
1450459579947	0.012035	0.000013	0
1450459580952	-0.007963	0.000013	0
1450459581957	0.002036	0.000013	0
1450459582962	0.012035	0.000008	0
1450459583967	-0.007963	0.000008	0
1450459584972	0.002036	0.000013	0
1450459585978	0.012035	0.000008	0
1450459586982	-0.007963	0.000013	0
1450459587988	0.002036	0.000013	0
1450459589019	0.012035	0.000008	0.000005
1450459589997	-0.007963	0.000013	0
1450459591002	0.002036	0.000013	0
1450459592007	0.012035	0.000013	0
1450459593012	-0.007963	0.000013	0
1450459594017	0.002036	0.000013	0
1450459595022	0.012035	0.000013	0
1450459596027	-0.007963	0.000013	0
1450459597032	0.002036	0.000013	0
1450459598037	0.012035	0.000013	0
1450459599042	-0.007963	0.000008	0
1450459600047	0.002036	0.000013	0
1450459601054	0.012035	0.000008	0
1450459602057	-0.007963	0.000008	0
1450459603062	0.002036	0.000013	0
1450459604069	0.012035	0.000013	0
1450459605072	-0.007963	0.000013	0
1450459606077	0.002036	0.000013	0
1450459607082	0.012035	0.000013	0
1450459608087	-0.007963	0.000013	0
1450459609092	0.002036	0.000008	0
1450459610097	0.012035	0.000008	0
1450459611102	-0.007963	0.000013	0
1450459612107	0.002036	0.000008	0
1450459613112	0.012035	0.000013	0
1450459614119	-0.007963	0.000008	0
1450459615122	0.002036	0.000008	0
1450459616127	0.012035	0.000013	0
1450459617136	-0.007963	0.000008	0
1450459618138	0.002036	0.000013	0
1450459619143	0.012035	0.000013	0
1450459620147	-0.007963	0.000013	0
1450459621154	0.002036	0.000013	0
1450459622157	0.012035	0.000013	0
1450459623162	-0.007963	0.000008	0
1450459624168	0.002036	0.000008	0
1450459625172	0.012035	0.000008	0
1450459626177	-0.007963	0.000013	0
1450459627183	0.002036	0.000013	0
1450459628188	0.012035	0.000013	0
1450459629193	-0.007963	0.000013	0
1450459630198	0.002036	0.000013	0
1450459631203	0.012035	0.000008	0
1450459632208	-0.007963	0.000013	0
1450459633213	0.002036	0.000013	0
1450459634218	0.012035	0.000013	0
1450459635223	-0.007963	0.000013	0
1450459636228	0.002036	0.000013	0
1450459637233	0.012035	0.000008	0
1450459638238	-0.007963	0.000013	0
1450459639243	0.002036	0.000013	0
1450459640248	0.012035	0.000013	0
1450459641253	-0.007963	0.000013	0
1450459642258	0.002036	0.000008	0
1450459643263	0.012035	0.000013	0
1450459644268	-0.007963	0.000013	0
1450459645273	0.002036	0.000013	0
1450459646278	0.012035	0.000013	0
1450459739269	0	-0.000006	0