Time	Voltage	Current	Power
1450456321241	0.521994	-0.000006	-0.000003
1450456322244	0.531994	-0.000006	-0.000003
1450456323241	0.481998	0.000004	0.000002
1450456324246	0.432002	0.000008	0.000004
1450456325251	0.382006	0.000018	0.000007
1450456326256	0.33201	0.000018	0.000006
1450456327262	0.282014	0.000013	0.000004
1450456328266	0.312011	0.000018	0.000005
1450456329271	0.362007	0.000013	0.000005
1450456330277	0.412003	0.000008	0.000003
1450456331284	0.461999	0.000004	0.000002
1450456332286	0.511995	-0.000006	-0.000003
1450456333291	0.561991	-0.000006	-0.000003
1450456334297	0.611987	-0.000011	-0.000006
1450456335301	0.661983	-0.00002	-0.000013
1450456336315	0.711979	-0.000024	-0.000017
1450456337311	0.70198	-0.000024	-0.000017
1450456338321	0.651984	-0.00002	-0.000013
1450456339321	0.601988	-0.000015	-0.000009
1450456340329	0.551992	-0.000006	-0.000003
1450456341331	0.501996	0.000004	0.000002
1450456342336	0.452	0.000008	0.000004
1450456343342	0.402004	0.000013	0.000005
1450456344347	0.352008	0.000018	0.000006
1450456345352	0.302012	0.000013	0.000004
1450456346356	0.252016	0.000013	0.000003
1450456347361	0.20202	0.000018	0.000004
1450456348367	0.152024	0.000018	0.000003
1450456349373	0.102028	0.000018	0.000002
1450456350377	0.052032	0.000018	0.000001
1450456351381	0.002036	0.000018	0
1450456352410	0.052032	0.000018	0.000001
1450456353394	0.102028	0.000018	0.000002
1450456354396	0.152024	0.000022	0.000003
1450456355411	0.20202	0.000022	0.000004
1450456356407	0.252016	0.000018	0.000004
1450456357412	0.302012	0.000013	0.000004
1450456358416	0.352008	0.000004	0.000001
1450456359422	0.402004	0.000008	0.000003
1450456360427	0.452	0.000008	0.000004
1450456361436	0.501996	0.000004	0.000002
1450456362437	0.551992	-0.000011	-0.000006
1450456363442	0.501996	0.000008	0.000004
1450456364446	0.471998	0.000004	0.000002
1450456365451	0.521994	0.000004	0.000002
1450456366458	0.531994	-0.000011	-0.000006
1450456367462	0.481998	0.000013	0.000006
1450456368470	0.432002	0.000008	0.000004
1450456369472	0.422002	0.000008	0.000003
1450456370477	0.471998	-0.000006	-0.000003
1450456371482	0.521994	-0.000006	-0.000003
1450456372487	0.531994	0.000004	0.000002
1450456373492	0.481998	-0.000006	-0.000003
1450456374497	0.432002	0.000008	0.000004
1450456375503	0.382006	0.000008	0.000003
1450456376507	0.33201	0.000018	0.000006
1450456377512	0.282014	0.000013	0.000004
1450456378517	0.232018	0.000013	0.000003
1450456379522	0.182022	0.000022	0.000004
1450456380528	0.132026	0.000022	0.000003
1450456381532	0.08203	0.000022	0.000002
1450456382537	0.092029	-0.000098	-0.000009
1450456383542	0.142025	-0.000047	-0.000007