Time	Voltage	Current	Power
1450451890327	0	0.000004	0
1450451891322	-2.007803	0.000036	-0.000072
1450451892336	-1.957807	0.000036	-0.00007
1450451893332	-1.907811	0.000036	-0.000069
1450451894342	-1.857815	0.000036	-0.000067
1450451895342	-1.807819	0.000036	-0.000065
1450451896353	-1.757823	0.000036	-0.000063
1450451897358	-1.727826	0.000036	-0.000062
1450451898367	-1.67783	0.000036	-0.00006
1450451899368	-1.627834	0.000036	-0.000059
1450451900368	-1.577838	0.000031	-0.000049
1450451901372	-1.54784	0.000036	-0.000056
1450451902384	-1.497844	0.000036	-0.000054
1450451903382	-1.447848	0.000036	-0.000052