Time	Voltage	Current	Power
1450460320592	0	0.000045	0
1450460321597	-1.987805	0.00005	-0.000099
1450460322603	-1.937809	0.000054	-0.000105
1450460323608	-1.887813	0.00005	-0.000094
1450460324611	-1.837817	0.00005	-0.000091
1450460325617	-1.787821	0.00005	-0.000089
1450460326625	-1.737825	0.00005	-0.000087
1450460327627	-1.687829	0.00005	-0.000084
1450460328632	-1.637833	0.00005	-0.000082
1450460329642	-1.587837	0.00005	-0.000079
1450460330642	-1.537841	0.00005	-0.000077
1450460331647	-1.487845	0.00005	-0.000074
1450460332653	-1.437849	0.00005	-0.000072
1450460333657	-1.387853	0.00005	-0.000069
1450460334663	-1.337857	0.00005	-0.000067
1450460335667	-1.287861	0.00005	-0.000064
1450460336672	-1.237865	0.00005	-0.000062
1450460634614	0	0.000045	0
1450460635624	0.003036	0.000045	0
1450460636634	0.023034	0.000045	0.000001
1450460637644	0.043033	0.000045	0.000002
1450460638657	0.063031	0.000045	0.000003
1450460639664	0.08303	0.000045	0.000004
1450460640674	0.103028	0.000045	0.000005
1450460641684	0.123026	0.000045	0.000006
1450460642694	0.143025	0.000045	0.000006
1450460643706	0.163023	0.000045	0.000007
1450460644714	0.183022	0.000045	0.000008
1450460645730	0.20302	0.000045	0.000009
1450460646734	0.223018	0.000041	0.000009
1450460647746	0.243017	0.000045	0.000011
1450460648754	0.263015	0.000045	0.000012
1450460649764	0.283014	0.000045	0.000013
1450460650774	0.303012	0.000041	0.000012
1450460651785	0.32301	0.000045	0.000015
1450460652794	0.343009	0.000041	0.000014
1450460653804	0.363007	0.000041	0.000015
1450460654816	0.383006	0.000041	0.000016
1450460655824	0.403004	0.000041	0.000016
1450460656834	0.423002	0.000041	0.000017
1450460657845	0.443001	0.000045	0.00002
1450460658854	0.462999	0.000041	0.000019
1450460659866	0.482998	0.000041	0.00002
1450460660875	0.502996	0.000041	0.00002
1450460661894	0.522994	0.000041	0.000021
1450460662895	0.542993	0.000036	0.00002
1450460663906	0.562991	0.000041	0.000023
1450460664914	0.58299	0.000036	0.000021
1450460665924	0.602988	0.000041	0.000024
1450460666935	0.622986	0.000036	0.000022
1450460667944	0.642985	0.000036	0.000023
1450460668954	0.662983	0.000036	0.000024
1450460669964	0.682982	0.000036	0.000025
1450460670974	0.70298	0.000036	0.000025
1450460671984	0.722978	0.000036	0.000026
1450460672994	0.742977	0.000036	0.000027
1450460674005	0.762975	0.000036	0.000027
1450460675015	0.782974	0.000036	0.000028
1450460676025	0.802972	0.000036	0.000029
1450460677034	0.82297	0.000036	0.00003
1450460678045	0.842969	0.000031	0.000026
1450460679055	0.862967	0.000036	0.000031
1450460680065	0.882966	0.000031	0.000028
1450460681075	0.902964	0.000036	0.000032
1450460682085	0.922962	0.000031	0.000029
1450460683099	0.942961	0.000031	0.00003
1450460684106	0.962959	0.000036	0.000035
1450460685115	0.982958	0.000031	0.000031
1450460686125	1.002956	0.000036	0.000036
1450460687136	1.022954	0.000031	0.000032
1450460688145	1.042953	0.000031	0.000033
1450460689156	1.062951	0.000031	0.000033
1450460690165	1.08295	0.000031	0.000034
1450460691175	1.102948	0.000031	0.000035
1450460692185	1.122946	0.000031	0.000035
1450460693195	1.142945	0.000031	0.000036
1450460694205	1.162943	0.000031	0.000036
1450460695217	1.182942	0.000031	0.000037
1450460696226	1.20294	0.000031	0.000038
1450460697235	1.222938	0.000031	0.000038
1450460698245	1.242937	0.000031	0.000039
1450460699258	1.262935	0.000031	0.00004
1450460700267	1.282934	0.000027	0.000034
1450460701275	1.302932	0.000031	0.000041
1450460702285	1.32293	0.000031	0.000041
1450460703295	1.342929	0.000027	0.000036
1450460704305	1.362927	0.000027	0.000036
1450460705315	1.382926	0.000031	0.000043
1450460706325	1.402924	0.000027	0.000037
1450460707335	1.422922	0.000027	0.000038
1450460708345	1.442921	0.000031	0.000045
1450460709355	1.437921	0.000022	0.000032
1450460710365	1.433921	-0.002518	-0.003611
1450460711375	1.413923	-0.002458	-0.003476
1450460712385	1.409923	-0.002642	-0.003726
1450460713396	1.389925	-0.002564	-0.003564
1450460714414	1.369927	-0.002449	-0.003355
1450460715415	1.349928	-0.00232	-0.003132
1450460716426	1.32993	-0.002292	-0.003048
1450460717445	1.32593	-0.002389	-0.003168
1450460718446	1.305932	-0.002274	-0.002969
1450460719455	1.285933	-0.002131	-0.00274
1450460720465	1.265935	-0.001979	-0.002505
1450460721475	1.245936	-0.001831	-0.002282
1450460722485	1.225938	-0.001693	-0.002075
1450460723495	1.20594	-0.001545	-0.001864
1450460724505	1.185941	-0.001407	-0.001669
1450460725515	1.165943	-0.001269	-0.001479
1450460726525	1.145944	-0.001135	-0.001301
1450460727535	1.125946	-0.001002	-0.001128
1450460728545	1.105948	-0.000882	-0.000975
1450460729555	1.085949	-0.000762	-0.000827
1450460730566	1.065951	-0.000651	-0.000694
1450460731576	1.045952	-0.000545	-0.00057
1450460732587	1.025954	-0.000448	-0.00046
1450460733595	1.005956	-0.000352	-0.000354
1450460734606	0.985957	-0.000264	-0.00026
1450460735619	0.965959	-0.000181	-0.000175
1450460736626	0.94596	-0.000103	-0.000097
1450460737635	0.925962	-0.000029	-0.000027
1450460738646	0.905964	0.00005	0.000045
1450460739656	0.885965	0.000119	0.000105
1450460740666	0.865967	0.000188	0.000163
1450460741676	0.845968	0.000257	0.000218
1450460742688	0.82597	0.000326	0.00027
1450460743696	0.805972	0.000396	0.000319
1450460744706	0.785973	0.00046	0.000362
1450460745716	0.765975	0.000529	0.000405
1450460746726	0.745976	0.000594	0.000443
1450460747736	0.725978	0.000658	0.000478
1450460748747	0.70598	0.000728	0.000514
1450460749756	0.685981	0.000792	0.000543
1450460750766	0.665983	0.000857	0.00057
1450460751776	0.645984	0.000921	0.000595
1450460752786	0.625986	0.00099	0.00062
1450460753797	0.605988	0.001055	0.000639
1450460754806	0.585989	0.001119	0.000656
1450460755816	0.565991	0.001184	0.00067
1450460756826	0.545992	0.001244	0.000679
1450460757836	0.525994	0.001304	0.000686
1450460758849	0.505996	0.001368	0.000692
1450460759856	0.485997	0.001428	0.000694
1450460760868	0.465999	0.001488	0.000694
1450460761876	0.446	0.001553	0.000693
1450460762888	0.426002	0.001608	0.000685
1450460763896	0.406004	0.001663	0.000675
1450460764906	0.426002	0.001613	0.000687
1450460765916	0.446	0.001548	0.00069
1450460766926	0.465999	0.001493	0.000696
1450460767936	0.485997	0.001433	0.000696
1450460768946	0.505996	0.001373	0.000695
1450460769956	0.525994	0.001313	0.000691
1450460770966	0.545992	0.001253	0.000684
1450460771978	0.533993	0.001295	0.000691
1450460772986	0.513995	0.001364	0.000701
1450460773996	0.493997	0.001424	0.000703
1450460775007	0.473998	0.001493	0.000708
1450460776016	0.454	0.001557	0.000707
1450460777026	0.434001	0.001617	0.000702
1450460778036	0.414003	0.001682	0.000696
1450460779047	0.394005	0.001742	0.000686
1450460780056	0.378006	0.001793	0.000678
1450460781066	0.398004	0.001728	0.000688
1450460782076	0.418003	0.001673	0.000699
1450460783087	0.438001	0.001608	0.000704
1450460784096	0.458	0.001548	0.000709
1450460785106	0.477998	0.001488	0.000711
1450460786116	0.497996	0.001424	0.000709
1450460787127	0.517995	0.001359	0.000704
1450460788137	0.537993	0.001299	0.000699
1450460789147	0.549992	0.001262	0.000694
1450460790156	0.529994	0.001331	0.000706
1450460791167	0.509995	0.001405	0.000717
1450460792176	0.489997	0.001474	0.000722
1450460793187	0.469999	0.001544	0.000725
1450460794197	0.45	0.001608	0.000724
1450460795206	0.430002	0.001677	0.000721
1450460796217	0.410003	0.001742	0.000714
1450460797230	0.390005	0.001806	0.000704
1450460798237	0.398004	0.001783	0.00071
1450460799247	0.418003	0.001723	0.00072
1450460800257	0.438001	0.001659	0.000727
1450460801267	0.458	0.001594	0.00073
1450460802276	0.477998	0.00153	0.000731
1450460803287	0.497996	0.001461	0.000727
1450460804297	0.517995	0.001401	0.000726
1450460805307	0.537993	0.001331	0.000716
1450460806317	0.557992	0.001267	0.000707
1450460807327	0.537993	0.001341	0.000721
1450460808337	0.517995	0.001419	0.000735
1450460809347	0.497996	0.001488	0.000741
1450460810357	0.477998	0.001562	0.000747
1450460811367	0.458	0.001636	0.000749
1450460812377	0.438001	0.00171	0.000749
1450460813387	0.418003	0.001779	0.000743
1450460814397	0.398004	0.001848	0.000735
1450460815407	0.410003	0.001806	0.000741
1450460816417	0.430002	0.001737	0.000747
1450460817427	0.45	0.001668	0.000751
1450460818437	0.469999	0.001603	0.000754
1450460819447	0.489997	0.001534	0.000752
1450460820457	0.509995	0.001465	0.000747
1450460821467	0.529994	0.001396	0.00074
1450460822477	0.549992	0.001327	0.00073
1450460823487	0.565991	0.001267	0.000717
1450460824498	0.545992	0.00135	0.000737
1450460825507	0.525994	0.001428	0.000751
1450460826517	0.505996	0.001507	0.000762
1450460827528	0.485997	0.001585	0.00077
1450460828537	0.465999	0.001663	0.000775
1450460829547	0.446	0.001737	0.000775
1450460830558	0.426002	0.001816	0.000773
1450460831567	0.406004	0.001885	0.000765
1450460832577	0.414003	0.001857	0.000769
1450460833587	0.434001	0.001788	0.000776
1450460834600	0.454	0.001719	0.00078
1450460835617	0.473998	0.001645	0.00078
1450460836617	0.493997	0.001571	0.000776
1450460837629	0.513995	0.001497	0.00077
1450460838638	0.533993	0.001428	0.000763
1450460839648	0.553992	0.00135	0.000748
1450460840659	0.565991	0.001308	0.000741
1450460841667	0.545992	0.001396	0.000762
1450460842677	0.525994	0.001479	0.000778
1450460843687	0.505996	0.001562	0.00079
1450460844697	0.485997	0.001645	0.000799
1450460845707	0.465999	0.001723	0.000803
1450460846717	0.446	0.001802	0.000804
1450460847727	0.426002	0.00188	0.000801
1450460848738	0.410003	0.001945	0.000797
1450460849747	0.430002	0.001871	0.000804
1450460850758	0.45	0.001839	0.000827
1450460851767	0.465999	0.001562	0.000728
1450460852778	0.446	0.001788	0.000797
1450460853787	0.446	0.001751	0.000781
1450460854797	0.446	0.001705	0.00076
1450460855808	0.465999	0.001631	0.00076
1450460856818	0.485997	0.001553	0.000755
1450460857828	0.505996	0.001479	0.000748
1450460858838	0.525994	0.001405	0.000739
1450460859848	0.545992	0.001336	0.000729
1450460860858	0.561991	0.001276	0.000717
1450460861868	0.541993	0.001364	0.000739
1450460862878	0.521994	0.001447	0.000755
1450460863889	0.501996	0.001534	0.00077
1450460864898	0.481998	0.001613	0.000777
1450460865909	0.461999	0.001696	0.000783
1450460866918	0.442001	0.001774	0.000784
1450460867928	0.422002	0.001857	0.000784
1450460868940	0.406004	0.001912	0.000776
1450460869948	0.426002	0.001843	0.000785
1450460870958	0.446	0.001769	0.000789
1450460871968	0.465999	0.001696	0.00079
1450460872978	0.485997	0.001622	0.000788
1450460873988	0.505996	0.001548	0.000783
1450460874998	0.525994	0.00147	0.000773
1450460876008	0.545992	0.001396	0.000762
1450460877019	0.561991	0.001331	0.000748
1450460878028	0.541993	0.001428	0.000774
1450460879039	0.521994	0.001516	0.000791
1450460880048	0.501996	0.001608	0.000807
1450460881058	0.481998	0.001696	0.000817
1450460882068	0.461999	0.001783	0.000824
1450460883079	0.442001	0.001862	0.000823
1450460884088	0.422002	0.001949	0.000823
1450460885099	0.426002	0.001931	0.000823
1450460886108	0.446	0.001852	0.000826
1450460887120	0.430002	0.001922	0.000826
1450460888131	0.418003	0.001968	0.000823
1450460889138	0.438001	0.001894	0.00083
1450460890149	0.458	0.001816	0.000832
1450460891158	0.477998	0.001737	0.00083
1450460892168	0.497996	0.001659	0.000826
1450460893180	0.517995	0.00158	0.000819
1450460894189	0.537993	0.001497	0.000806
1450460895201	0.557992	0.001424	0.000794
1450460896209	0.553992	0.001447	0.000801
1450460897219	0.533993	0.001544	0.000824
1450460898228	0.513995	0.00164	0.000843
1450460899238	0.493997	0.001733	0.000856
1450460900248	0.473998	0.001829	0.000867
1450460901261	0.454	0.001922	0.000872
1450460902269	0.434001	0.002005	0.00087
1450460903279	0.426002	0.002041	0.00087
1450460904288	0.446	0.001954	0.000871
1450460905299	0.465999	0.00188	0.000876
1450460906309	0.469999	0.001866	0.000877
1450460907319	0.45	0.001958	0.000881
1450460908330	0.430002	0.002051	0.000882
1450460909342	0.422002	0.002083	0.000879
1450460910349	0.442001	0.002	0.000884
1450460911359	0.461999	0.001922	0.000888
1450460912368	0.481998	0.001839	0.000886
1450460913379	0.501996	0.001756	0.000881
1450460914389	0.489997	0.001816	0.00089
1450460915401	0.469999	0.001917	0.000901
1450460916412	0.45	0.002009	0.000904
1450460917419	0.430002	0.002101	0.000904
1450460918429	0.442001	0.002046	0.000904
1450460919439	0.461999	0.001963	0.000907
1450460920449	0.461999	0.001972	0.000911
1450460921459	0.442001	0.002065	0.000913
1450460922470	0.422002	0.002157	0.00091
1450460923479	0.442001	0.002074	0.000917
1450460924489	0.458	0.002005	0.000918
1450460925499	0.438001	0.002101	0.00092
1450460926509	0.458	0.002018	0.000924
1450460927519	0.442001	0.002097	0.000927
1450460928530	0.458	0.002028	0.000929
1450460929541	0.438001	0.002124	0.000931
1450460930549	0.458	0.002037	0.000933
1450460931560	0.442001	0.002115	0.000935
1450460932569	0.454	0.002065	0.000937
1450460933590	0.45	0.002088	0.000939
1450460934589	0.45	0.002097	0.000944
1450460935599	0.454	0.002083	0.000946
1450460936609	0.446	0.00212	0.000945
1450460937619	0.454	0.002088	0.000948
1450460938629	0.469999	0.002018	0.000949
1450460939639	0.45	0.00212	0.000954
1450460940649	0.458	0.002083	0.000954
1450460941659	0.458	0.002092	0.000958
1450460942669	0.458	0.002097	0.00096
1450460943680	0.477998	0.002009	0.00096
1450460944690	0.493997	0.00194	0.000958
1450460945699	0.473998	0.002046	0.00097
1450460946709	0.454	0.002143	0.000973
1450460947719	0.454	0.002148	0.000975
1450460948729	0.473998	0.002055	0.000974
1450460949740	0.454	0.002157	0.000979
1450460950749	0.458	0.002138	0.000979
1450460951759	0.458	0.002148	0.000984
1450460952769	0.45	0.002189	0.000985
1450460953779	0.469999	0.002097	0.000985
1450460954790	0.458	0.002161	0.00099
1450460955799	0.461999	0.002143	0.00099
1450460956810	0.461999	0.002148	0.000992
1450460957819	0.458	0.002171	0.000994
1450460958830	0.465999	0.002138	0.000996
1450460959845	0.454	0.002198	0.000998
1450460960849	0.473998	0.002106	0.000998
1450460961860	0.454	0.002212	0.001004
1450460962869	0.461999	0.002175	0.001005
1450460963880	0.481998	0.002083	0.001004
1450460964891	0.473998	0.002129	0.001009
1450460965900	0.454	0.00223	0.001013
1450460966909	0.442001	0.002286	0.00101
1450460967919	0.461999	0.002194	0.001013
1450460968930	0.477998	0.00212	0.001013
1450460969945	0.458	0.002226	0.001019
1450460970950	0.461999	0.002207	0.00102
1450460971960	0.481998	0.002111	0.001017
1450460972970	0.501996	0.002	0.001004
1450460973980	0.481998	0.000552	0.000266
1450460974990	0.485997	0.000059	0.000029
1450460976000	0.505996	0.000041	0.000021
1450460977010	0.525994	0.000036	0.000019
1450460978020	0.545992	0.000036	0.00002
1450460979030	0.565991	0.000031	0.000018
1450460980040	0.585989	0.000027	0.000016
1450460981050	0.605988	0.000027	0.000016
1450460982060	0.625986	0.000022	0.000014
1450460983070	0.645984	0.000013	0.000008
1450460984080	0.665983	0.000008	0.000006
1450460985090	0.685981	-0.000006	-0.000004
1450460986100	0.693981	-0.000006	-0.000004
1450460987110	0.673982	0.000004	0.000002
1450460988120	0.673982	0.000008	0.000006
1450460989130	0.693981	-0.000006	-0.000004
1450460990140	0.673982	0.000004	0.000002
1450460991150	0.673982	0.000008	0.000006
1450460992160	0.693981	-0.000006	-0.000004
1450460993170	0.681982	0.000004	0.000003
1450460994183	0.69798	-0.000006	-0.000004
1450460995190	0.681982	0.000004	0.000003
1450460996204	0.693981	-0.000006	-0.000004
1450460997215	0.673982	0.000004	0.000002
1450460998220	0.653984	0.000013	0.000008
1450460999230	0.673982	0.000008	0.000006
1450461000240	0.693981	-0.000006	-0.000004
1450461001250	0.685981	0.000004	0.000003
1450461002260	0.677982	0.000004	0.000002
1450461003271	0.69798	-0.000006	-0.000004
1450461004280	0.685981	0.000004	0.000003
1450461005290	0.665983	0.000008	0.000006
1450461006304	0.665983	0.000008	0.000006
1450461007310	0.685981	0.000004	0.000003
1450461008320	0.70598	-0.000011	-0.000007
1450461009330	0.69798	-0.000006	-0.000004
1450461010340	0.681982	0.000008	0.000006
1450461011350	0.689981	0.000004	0.000003
1450461012360	0.69798	-0.000006	-0.000004
1450461013370	0.685981	0.000004	0.000003
1450461014380	0.69798	-0.000006	-0.000004
1450461015390	0.689981	0.000004	0.000003
1450461016400	0.693981	-0.000006	-0.000004
1450461017410	0.673982	0.000008	0.000006
1450461018420	0.693981	-0.000006	-0.000004
1450461019430	0.685981	0.000004	0.000003
1450461020440	0.665983	0.000008	0.000006
1450461021451	0.645984	0.000018	0.000011
1450461022460	0.665983	0.000008	0.000006
1450461023470	0.685981	0.000008	0.000006
1450461024480	0.70598	-0.000006	-0.000004
1450461025490	0.685981	0.000008	0.000006
1450461026500	0.689981	0.000008	0.000006
1450461027510	0.70198	0.000004	0.000003
1450461028521	0.70598	-0.000006	-0.000004
1450461029530	0.693981	0.000004	0.000003
1450461030541	0.70598	-0.000006	-0.000004
1450461031550	0.693981	0.000004	0.000003
1450461032560	0.713979	-0.000011	-0.000008
1450461033571	0.70198	-0.000006	-0.000004
1450461034580	0.681982	0.000008	0.000006
1450461035591	0.673982	0.000008	0.000006
1450461036600	0.693981	0.000008	0.000006
1450461037610	0.713979	-0.000006	-0.000004
1450461038621	0.693981	0.000004	0.000003
1450461039631	0.689981	0.000008	0.000006
1450461040641	0.709979	-0.000006	-0.000004
1450461041651	0.69798	0.000004	0.000003
1450461042661	0.709979	-0.000006	-0.000004
1450461043671	0.689981	0.000008	0.000006
1450461044681	0.673982	0.000013	0.000009
1450461045691	0.693981	0.000004	0.000003
1450461046701	0.713979	-0.000006	-0.000004
1450461047713	0.693981	0.000008	0.000006
1450461048721	0.70198	0.000004	0.000003
1450461049731	0.70598	-0.000006	-0.000004
1450461050741	0.685981	0.000008	0.000006
1450461051751	0.70598	0.000004	0.000003
1450461052761	0.70598	0.000004	0.000003
1450461053771	0.709979	0.000004	0.000003
1450461054781	0.709979	-0.000006	-0.000004
1450461055791	0.709979	-0.000006	-0.000004
1450461056801	0.70198	0.000008	0.000006
1450461057811	0.69798	0.000008	0.000006
1450461058821	0.717979	-0.000006	-0.000004
1450461059831	0.69798	0.000008	0.000006
1450461060841	0.709979	0.000004	0.000003
1450461061851	0.70598	0.000004	0.000003
1450461062861	0.685981	0.000008	0.000006
1450461063871	0.665983	0.000018	0.000012
1450461064881	0.677982	0.000013	0.000009
1450461065891	0.69798	0.000008	0.000006
1450461066901	0.717979	0.000008	0.000006
1450461067911	0.737977	-0.000011	-0.000008
1450461068921	0.725978	-0.000011	-0.000008
1450461069931	0.713979	0.000008	0.000006
1450461070941	0.717979	-0.000006	-0.000004
1450461071951	0.69798	0.000008	0.000006
1450461072961	0.713979	0.000004	0.000003
1450461073971	0.713979	0.000004	0.000003
1450461074981	0.717979	-0.000006	-0.000004
1450461075991	0.717979	-0.000006	-0.000004
1450461077001	0.709979	0.000004	0.000003
1450461078011	0.693981	0.000008	0.000006
1450461079021	0.713979	0.000004	0.000003
1450461080031	0.709979	0.000004	0.000003
1450461081041	0.717979	-0.000006	-0.000004
1450461082051	0.709979	0.000004	0.000003
1450461083061	0.717979	-0.000006	-0.000004
1450461084071	0.709979	0.000004	0.000003
1450461085082	0.717979	0.000004	0.000003
1450461086091	0.721978	-0.000006	-0.000004
1450461087102	0.709979	0.000004	0.000003
1450461088111	0.725978	-0.000006	-0.000004
1450461089122	0.709979	0.000004	0.000003
1450461090131	0.725978	-0.000006	-0.000004
1450461091141	0.70598	0.000004	0.000003
1450461092151	0.70598	0.000008	0.000006
1450461093161	0.725978	-0.000006	-0.000004
1450461094172	0.709979	0.000004	0.000003
1450461095182	0.721978	-0.000006	-0.000004
1450461096192	0.721978	-0.000006	-0.000004
1450461097202	0.713979	0.000004	0.000003
1450461098212	0.725978	-0.000006	-0.000004
1450461099222	0.70598	0.000004	0.000003
1450461100232	0.685981	0.000013	0.000009
1450461101242	0.69798	0.000008	0.000006
1450461102252	0.717979	0.000004	0.000003
1450461103262	0.717979	0.000004	0.000003
1450461104272	0.725978	-0.000006	-0.000004
1450461105282	0.70598	0.000008	0.000006
1450461106292	0.709979	0.000004	0.000003
1450461107302	0.725978	-0.000006	-0.000004
1450461108312	0.70598	0.000008	0.000006
1450461109322	0.717979	0.000004	0.000003
1450461110332	0.717979	0.000004	0.000003
1450461111342	0.721978	0.000004	0.000003
1450461112352	0.717979	0.000004	0.000003
1450461113362	0.729978	-0.000006	-0.000004
1450461114372	0.713979	0.000004	0.000003
1450461115382	0.721978	0.000004	0.000003
1450461116392	0.729978	-0.000006	-0.000004
1450461117402	0.713979	0.000004	0.000003
1450461118412	0.729978	-0.000006	-0.000004
1450461119422	0.717979	0.000004	0.000003
1450461120435	0.725978	0.000004	0.000003
1450461121442	0.717979	0.000004	0.000003
1450461122452	0.729978	-0.000006	-0.000004
1450461123462	0.713979	0.000004	0.000003
1450461124472	0.729978	-0.000006	-0.000004
1450461125482	0.713979	0.000008	0.000006
1450461126492	0.733977	-0.000011	-0.000008
1450461127502	0.733977	-0.000006	-0.000004
1450461128512	0.717979	0.000004	0.000003
1450461129522	0.721978	0.000004	0.000003
1450461130532	0.729978	-0.000006	-0.000004
1450461131542	0.709979	0.000008	0.000006
1450461132552	0.713979	0.000008	0.000006
1450461133562	0.733977	-0.000006	-0.000004
1450461134572	0.717979	0.000004	0.000003
1450461135582	0.733977	-0.000006	-0.000004
1450461136592	0.713979	0.000004	0.000003
1450461137608	0.733977	-0.000006	-0.000004
1450461138612	0.725978	0.000004	0.000003
1450461139626	0.729978	-0.000006	-0.000004
1450461140632	0.721978	0.000004	0.000003
1450461141642	0.733977	-0.000006	-0.000004
1450461142652	0.721978	0.000004	0.000003
1450461143662	0.733977	-0.000006	-0.000004
1450461144672	0.725978	0.000004	0.000003
1450461145682	0.721978	0.000004	0.000003
1450461146692	0.709979	0.000008	0.000006
1450461147702	0.729978	-0.000006	-0.000004
1450461148712	0.721978	0.000004	0.000003
1450461149722	0.733977	-0.000006	-0.000004
1450461150732	0.733977	-0.000006	-0.000004
1450461151742	0.725978	0.000004	0.000003
1450461152752	0.737977	-0.000006	-0.000004
1450461153762	0.725978	0.000004	0.000003
1450461154772	0.737977	-0.000006	-0.000004
1450461155783	0.717979	0.000008	0.000006
1450461156795	0.713979	0.000008	0.000006
1450461157802	0.733977	0.000004	0.000003
1450461158813	0.729978	-0.000006	-0.000004
1450461159823	0.729978	0.000004	0.000003
1450461160833	0.737977	-0.000006	-0.000004
1450461161843	0.725978	0.000004	0.000003
1450461162852	0.733977	-0.000006	-0.000004
1450461163863	0.733977	-0.000006	-0.000004
1450461164873	0.725978	0.000004	0.000003
1450461165884	0.737977	-0.000006	-0.000004
1450461166893	0.725978	0.000004	0.000003
1450461167905	0.70598	0.000013	0.000009
1450461168913	0.713979	0.000008	0.000006
1450461169923	0.733977	0.000004	0.000003
1450461170933	0.729978	0.000004	0.000003
1450461171943	0.709979	0.000008	0.000006
1450461172953	0.729978	0.000004	0.000003
1450461173963	0.737977	0.000004	0.000003
1450461174973	0.717979	0.000008	0.000006
1450461175983	0.725978	0.000004	0.000003
1450461176993	0.737977	-0.000006	-0.000004
1450461178003	0.737977	0.000004	0.000003
1450461179013	0.749976	-0.000011	-0.000008
1450461180023	0.729978	0.000004	0.000003
1450461181033	0.741977	-0.000006	-0.000004
1450461182043	0.725978	0.000004	0.000003
1450461183053	0.733977	-0.000006	-0.000004
1450461184063	0.733977	0.000004	0.000003
1450461185073	0.737977	-0.000006	-0.000004
1450461186083	0.733977	0.000004	0.000003
1450461187093	0.733977	0.000004	0.000003
1450461188103	0.737977	0.000004	0.000003
1450461189113	0.733977	0.000004	0.000003
1450461190123	0.741977	-0.000006	-0.000004
1450461191133	0.729978	0.000004	0.000003
1450461192143	0.725978	0.000008	0.000006
1450461193153	0.745976	-0.000006	-0.000004
1450461194163	0.733977	0.000004	0.000003
1450461195173	0.733977	0.000004	0.000003
1450461196183	0.745976	-0.000006	-0.000004
1450461197193	0.725978	0.000008	0.000006
1450461198203	0.721978	0.000008	0.000006
1450461199213	0.741977	-0.000006	-0.000004
1450461200225	0.733977	0.000004	0.000003
1450461201233	0.741977	-0.000006	-0.000004
1450461202244	0.733977	0.000008	0.000006
1450461203253	0.753976	-0.000006	-0.000004
1450461204263	0.745976	-0.000006	-0.000004
1450461205273	0.733977	0.000004	0.000003
1450461206283	0.741977	-0.000006	-0.000004
1450461207293	0.721978	0.000008	0.000006
1450461208303	0.737977	0.000004	0.000003
1450461209316	0.757976	-0.000011	-0.000008
1450461210323	0.745976	-0.000006	-0.000004
1450461211333	0.725978	0.000008	0.000006
1450461212343	0.737977	0.000004	0.000003
1450461213353	0.741977	0.000004	0.000003
1450461214363	0.745976	-0.000006	-0.000004
1450461215373	0.729978	0.000004	0.000003
1450461216383	0.749976	-0.000006	-0.000004
1450461217393	0.737977	0.000004	0.000003
1450461218403	0.717979	0.000008	0.000006
1450461219413	0.70598	0.000013	0.000009
1450461220423	0.725978	0.000008	0.000006
1450461221433	0.745976	-0.000006	-0.000004
1450461222443	0.733977	0.000004	0.000003
1450461223458	0.753976	-0.000006	-0.000004
1450461224464	0.733977	0.000004	0.000003
1450461225474	0.745976	-0.000006	-0.000004
1450461226484	0.737977	0.000004	0.000003
1450461227494	0.741977	-0.000006	-0.000004
1450461228504	0.721978	0.000008	0.000006
1450461229519	0.733977	0.000004	0.000003
1450461230524	0.749976	-0.000006	-0.000004
1450461231534	0.729978	0.000004	0.000003
1450461232544	0.749976	-0.000006	-0.000004
1450461233554	0.733977	0.000004	0.000003
1450461234564	0.725978	0.000004	0.000003
1450461235574	0.745976	-0.000006	-0.000004
1450461236584	0.725978	0.000008	0.000006
1450461237594	0.70598	0.000013	0.000009
1450461238604	0.717979	0.000008	0.000006
1450461239614	0.737977	0.000004	0.000003
1450461240624	0.749976	-0.000006	-0.000004
1450461241634	0.741977	0.000004	0.000003
1450461242644	0.745976	0.000004	0.000003
1450461243656	0.741977	0.000004	0.000003
1450461244664	0.737977	0.000004	0.000003
1450461245674	0.717979	0.000008	0.000006
1450461246684	0.737977	0.000004	0.000003
1450461247694	0.741977	0.000004	0.000003
1450461248704	0.721978	0.000008	0.000006
1450461249714	0.717979	0.000008	0.000006
1450461250724	0.737977	0.000004	0.000003
1450461251734	0.745976	-0.000006	-0.000004
1450461252744	0.741977	0.000004	0.000003
1450461253754	0.741977	0.000004	0.000003
1450461254764	0.753976	-0.000006	-0.000004
1450461255774	0.737977	0.000004	0.000003
1450461256784	0.749976	0.000004	0.000003
1450461257794	0.745976	0.000004	0.000003
1450461258804	0.725978	0.000008	0.000006
1450461259814	0.741977	0.000004	0.000003
1450461260824	0.753976	-0.000006	-0.000004
1450461261834	0.741977	0.000004	0.000003
1450461262844	0.753976	-0.000006	-0.000004
1450461263855	0.741977	0.000004	0.000003
1450461264864	0.749976	-0.000006	-0.000004
1450461265875	0.749976	-0.000006	-0.000004
1450461266884	0.749976	0.000004	0.000003
1450461267894	0.741977	0.000004	0.000003
1450461268904	0.749976	-0.000006	-0.000004
1450461269914	0.749976	-0.000006	-0.000004
1450461270924	0.741977	0.000004	0.000003
1450461271934	0.753976	-0.000006	-0.000004
1450461272944	0.741977	0.000004	0.000003
1450461273955	0.749976	0.000004	0.000003
1450461274964	0.745976	0.000004	0.000003
1450461275974	0.749976	0.000004	0.000003
1450461276984	0.753976	-0.000006	-0.000004
1450461277994	0.741977	0.000004	0.000003
1450461279004	0.753976	-0.000006	-0.000004
1450461280015	0.745976	0.000004	0.000003
1450461281024	0.753976	-0.000006	-0.000004
1450461282034	0.733977	0.000008	0.000006
1450461283044	0.729978	0.000008	0.000006
1450461284055	0.749976	-0.000006	-0.000004
1450461285065	0.749976	0.000004	0.000003
1450461286075	0.753976	-0.000006	-0.000004
1450461287085	0.745976	0.000004	0.000003
1450461288095	0.753976	-0.000006	-0.000004
1450461289105	0.749976	0.000004	0.000003
1450461290115	0.753976	-0.000006	-0.000004
1450461291125	0.733977	0.000008	0.000006
1450461292135	0.749976	0.000004	0.000003
1450461293145	0.749976	0.000004	0.000003
1450461294155	0.729978	0.000008	0.000006
1450461295165	0.749976	0.000004	0.000003
1450461296175	0.745976	-0.000006	-0.000004
1450461297187	0.725978	0.000008	0.000006
1450461298195	0.745976	0.000004	0.000003
1450461299205	0.753976	-0.000006	-0.000004
1450461300215	0.749976	0.000004	0.000003
1450461301225	0.765975	-0.000011	-0.000008
1450461302235	0.745976	0.000004	0.000003
1450461303245	0.749976	0.000004	0.000003
1450461304255	0.749976	0.000004	0.000003
1450461305265	0.753976	0.000004	0.000003
1450461306275	0.749976	0.000004	0.000003
1450461307285	0.729978	0.000008	0.000006
1450461308295	0.737977	0.000004	0.000003
1450461309306	0.753976	-0.000006	-0.000004
1450461310315	0.741977	0.000008	0.000006
1450461311325	0.749976	-0.000006	-0.000004
1450461312335	0.729978	0.000008	0.000006
1450461313345	0.737977	0.000004	0.000003
1450461314355	0.749976	-0.000006	-0.000004
1450461315365	0.749976	0.000004	0.000003
1450461316375	0.745976	-0.000006	-0.000004
1450461317385	0.745976	0.000004	0.000003
1450461318395	0.741977	0.000004	0.000003
1450461319405	0.721978	0.000008	0.000006
1450461320415	0.737977	0.000008	0.000006
1450461321425	0.757976	-0.000006	-0.000004
1450461322435	0.757976	-0.000006	-0.000004
1450461323445	0.745976	0.000004	0.000003
1450461324455	0.761975	-0.000006	-0.000005
1450461325465	0.745976	0.000004	0.000003
1450461326475	0.753976	0.000004	0.000003
1450461327485	0.757976	0.000004	0.000003
1450461328495	0.753976	-0.000006	-0.000004
1450461329505	0.753976	-0.000006	-0.000004
1450461330515	0.757976	-0.000006	-0.000004
1450461331525	0.753976	0.000004	0.000003
1450461332535	0.753976	0.000004	0.000003
1450461333545	0.749976	0.000004	0.000003