Time	Voltage	Current	Power
1450459266484	0	0.00005	0
1450459267489	-1.987805	0.000073	-0.000145
1450459268494	-1.937809	0.000096	-0.000186
1450459269500	-1.947808	0.002364	-0.004605
1450459270505	-1.91781	0.003019	-0.00579
1450459271509	-1.867814	0.00312	-0.005828
1450459272515	-1.817818	0.00301	-0.005471
1450459273520	-1.767822	0.002894	-0.005117
1450459274525	-1.717826	0.002876	-0.00494
1450459275531	-1.66783	0.002825	-0.004712
1450459276535	-1.617834	0.002733	-0.004422
1450459277540	-1.567838	0.002682	-0.004205
1450459278546	-1.517842	0.002632	-0.003994
1450459279552	-1.467846	0.002572	-0.003775
1450459280555	-1.41785	0.002484	-0.003522
1450459281560	-1.367854	0.002466	-0.003373
1450459282565	-1.317858	0.002429	-0.003201
1450459283570	-1.267862	0.002396	-0.003038
1450459284575	-1.217866	0.002378	-0.002896
1450459285580	-1.16787	0.002364	-0.002761
1450459286585	-1.117874	0.002383	-0.002663
1450459287590	-1.067878	0.002401	-0.002564
1450459288595	-1.017882	0.00235	-0.002392
1450459289600	-0.967886	0.002332	-0.002257
1450459290605	-0.91789	0.002309	-0.002119
1450459291613	-0.867894	0.002254	-0.001956
1450459292615	-0.817898	0.002244	-0.001836
1450459293620	-0.767902	0.002249	-0.001727
1450459294625	-0.717906	0.002235	-0.001605
1450459295630	-0.66791	0.002207	-0.001474
1450459296636	-0.617914	0.00218	-0.001347
1450459297640	-0.567918	0.002143	-0.001217
1450459298645	-0.517922	0.002115	-0.001096
1450459299650	-0.467926	0.002097	-0.000981
1450459300659	-0.41793	0.002055	-0.000859
1450459301660	-0.367934	0.002028	-0.000746
1450459302665	-0.317938	0.001991	-0.000633
1450459303670	-0.267942	0.001958	-0.000525
1450459304675	-0.217946	0.001926	-0.00042
1450459305680	-0.16795	0.001926	-0.000324
1450459306685	-0.117954	0.00182	-0.000215
1450459307690	-0.067958	0.001793	-0.000122
1450459308695	-0.017962	0.001728	-0.000031
1450459308899	-0.007963	0.001746	-0.000014
1450459309098	0.002036	0.001733	0.000004
1450459309299	0.012035	0.001728	0.000021
1450459309499	0.022034	0.00171	0.000038
1450459309700	0.032034	0.001673	0.000054
1450459309901	0.042033	0.001627	0.000068
1450459310115	0.052032	0.001631	0.000085
1450459310303	0.062031	0.00165	0.000102
1450459310504	0.07203	0.001627	0.000117
1450459310705	0.08203	0.001585	0.00013
1450459310906	0.092029	0.001562	0.000144
1450459311107	0.102028	0.001539	0.000157
1450459311308	0.112027	0.001525	0.000171
1450459311509	0.122026	0.001516	0.000185
1450459311711	0.132026	0.001493	0.000197
1450459311912	0.142025	0.001479	0.00021
1450459312113	0.152024	0.001465	0.000223
1450459312313	0.162023	0.001456	0.000236
1450459312514	0.172022	0.001442	0.000248
1450459312715	0.182022	0.001424	0.000259
1450459312916	0.192021	0.001414	0.000272
1450459313118	0.20202	0.001391	0.000281
1450459313318	0.212019	0.001378	0.000292
1450459313519	0.222018	0.001364	0.000303
1450459313721	0.232018	0.001322	0.000307
1450459313921	0.242017	0.001281	0.00031
1450459314122	0.252016	0.001221	0.000308
1450459314324	0.262015	0.001248	0.000327
1450459314525	0.272014	0.001212	0.00033
1450459314725	0.282014	0.001212	0.000342
1450459314926	0.292013	0.001198	0.00035
1450459315127	0.302012	0.001175	0.000355
1450459315328	0.312011	0.001161	0.000362
1450459315529	0.32201	0.001179	0.00038
1450459315730	0.33201	0.001184	0.000393
1450459315932	0.342009	0.001147	0.000392
1450459316133	0.352008	0.001129	0.000397
1450459316334	0.362007	0.001142	0.000414
1450459316535	0.372006	0.001138	0.000423
1450459316735	0.382006	0.001115	0.000426
1450459316936	0.392005	0.001106	0.000433
1450459317139	0.402004	0.001101	0.000443
1450459317340	0.412003	0.001083	0.000446
1450459317539	0.422002	0.001046	0.000441
1450459317740	0.432002	0.001027	0.000444
1450459317942	0.442001	0.001004	0.000444
1450459318143	0.452	0.000986	0.000446
1450459318343	0.461999	0.000967	0.000447
1450459318544	0.471998	0.000944	0.000446
1450459318745	0.481998	0.000921	0.000444
1450459318946	0.491997	0.000903	0.000444
1450459319148	0.501996	0.000884	0.000444
1450459319349	0.511995	0.000866	0.000443
1450459319549	0.521994	0.000847	0.000442
1450459319751	0.531994	0.000834	0.000443
1450459319952	0.541993	0.000815	0.000442
1450459320153	0.551992	0.000797	0.00044
1450459320353	0.561991	0.000769	0.000432
1450459320554	0.57199	0.000751	0.000429
1450459320755	0.561991	0.000769	0.000432
1450459320956	0.551992	0.000787	0.000435
1450459321159	0.541993	0.000806	0.000437
1450459321359	0.531994	0.000824	0.000439
1450459321560	0.521994	0.000847	0.000442
1450459321761	0.511995	0.000861	0.000441
1450459321962	0.501996	0.00088	0.000442
1450459322163	0.491997	0.000903	0.000444
1450459322364	0.481998	0.000926	0.000446
1450459322565	0.471998	0.000949	0.000448
1450459322766	0.461999	0.000967	0.000447
1450459448311	0	0.00005	0
1450459448511	0.012035	0.00005	0.000001
1450459448712	0.002036	0.00005	0
1450459448913	-0.007963	0.00005	0
1450459449114	0.012035	0.000054	0.000001
1450459449315	0.002036	0.00005	0
1450459449516	-0.007963	0.000054	0
1450459449722	0.012035	0.000054	0.000001
1450459449924	0.002036	0.000073	0
1450459450119	-0.007963	0.000133	-0.000001
1450459450320	0.012035	0.000262	0.000003
1450459450523	0.002036	0.000654	0.000001
1450459450722	-0.007963	0.001258	-0.00001
1450459450923	0.012035	0.001608	0.000019
1450459451124	0.002036	0.001751	0.000004
1450459451327	-0.007963	0.001843	-0.000015
1450459451526	0.012035	0.001862	0.000022
1450459451727	0.002036	0.001875	0.000004
1450459451928	-0.007963	0.001935	-0.000015
1450459452129	0.012035	0.001852	0.000022
1450459452331	0.002036	0.001889	0.000004
1450459452531	-0.007963	0.001899	-0.000015
1450459452734	0.012035	0.001862	0.000022
1450459452933	0.002036	0.001871	0.000004
1450459453136	-0.007963	0.001899	-0.000015
1450459453335	0.012035	0.001862	0.000022
1450459453536	0.002036	0.001871	0.000004
1450459453738	-0.007963	0.001899	-0.000015
1450459453942	0.012035	0.001862	0.000022
1450459454139	0.002036	0.001871	0.000004
1450459454340	-0.007963	0.001894	-0.000015
1450459454541	0.012035	0.001866	0.000022
1450459454742	0.002036	0.001875	0.000004
1450459454943	-0.007963	0.001908	-0.000015
1450459455144	0.012035	0.001871	0.000023
1450459455346	0.002036	0.00188	0.000004
1450459455546	-0.007963	0.001899	-0.000015
1450459455747	0.012035	0.001875	0.000023
1450459455948	0.002036	0.001903	0.000004
1450459456149	-0.007963	0.001908	-0.000015
1450459456350	0.012035	0.00188	0.000023
1450459456552	0.002036	0.001889	0.000004
1450459456752	-0.007963	0.001903	-0.000015
1450459456953	0.012035	0.00188	0.000023
1450459457159	0.002036	0.001899	0.000004
1450459457355	-0.007963	0.001917	-0.000015
1450459457556	0.012035	0.001894	0.000023
1450459457757	0.002036	0.001912	0.000004
1450459457958	-0.007963	0.001922	-0.000015
1450459458159	0.012035	0.001889	0.000023
1450459458379	0.002036	0.001908	0.000004
1450459458561	-0.007963	0.001926	-0.000015
1450459458762	0.012035	0.001917	0.000023
1450459458964	0.002036	0.001949	0.000004
1450459459164	-0.007963	0.001963	-0.000016
1450459459365	0.012035	0.001912	0.000023
1450459459566	0.002036	0.001958	0.000004
1450459459771	-0.007963	0.001972	-0.000016
1450459459968	0.012035	0.00194	0.000023
1450459460169	0.002036	0.001982	0.000004
1450459460370	-0.007963	0.002009	-0.000016
1450459460576	0.012035	0.002	0.000024
1450459460772	0.002036	0.002009	0.000004
1450459460973	-0.007963	0.002046	-0.000016
1450459461175	0.012035	0.002028	0.000024
1450459461377	0.002036	0.002069	0.000004
1450459461578	-0.007963	0.002088	-0.000017
1450459461778	0.012035	0.002041	0.000025
1450459461978	0.002036	0.002051	0.000004
1450459462179	-0.007963	0.002065	-0.000016
1450459462380	0.012035	0.002028	0.000024
1450459462585	0.002036	0.002041	0.000004
1450459462782	-0.007963	0.002051	-0.000016
1450459462983	0.012035	0.002023	0.000024
1450459463185	0.002036	0.002032	0.000004
1450459463385	-0.007963	0.002046	-0.000016
1450459463595	0.012035	0.002009	0.000024
1450459463787	0.002036	0.002028	0.000004
1450459463989	-0.007963	0.002041	-0.000016
1450459464189	0.012035	0.002005	0.000024
1450459464395	0.002036	0.002023	0.000004
1450459464591	-0.007963	0.002037	-0.000016
1450459464792	0.012035	0.002009	0.000024
1450459464993	0.002036	0.002014	0.000004
1450459465196	-0.007963	0.002046	-0.000016
1450459465395	0.012035	0.002009	0.000024
1450459465602	0.002036	0.002028	0.000004
1450459465798	-0.007963	0.002046	-0.000016
1450459465998	0.012035	0.002014	0.000024
1450459466199	0.002036	0.002037	0.000004
1450459466400	-0.007963	0.002046	-0.000016
1450459466601	0.012035	0.002023	0.000024
1450459466802	0.002036	0.002041	0.000004
1450459467003	-0.007963	0.00206	-0.000016
1450459467204	0.012035	0.002028	0.000024
1450459467405	0.002036	0.002041	0.000004
1450459467609	-0.007963	0.00206	-0.000016
1450459467811	0.012035	0.002037	0.000025
1450459468008	0.002036	0.002055	0.000004
1450459468209	-0.007963	0.002069	-0.000016
1450459468410	0.012035	0.002032	0.000024
1450459468613	0.002036	0.00206	0.000004
1450459468814	-0.007963	0.002083	-0.000017
1450459469014	0.012035	0.002055	0.000025
1450459469214	0.002036	0.002078	0.000004
1450459469415	-0.007963	0.002101	-0.000017
1450459469619	0.012035	0.00206	0.000025
1450459469817	0.002036	0.002078	0.000004
1450459470024	-0.007963	0.002097	-0.000017
1450459470221	0.012035	0.00206	0.000025
1450459470428	0.002036	0.002083	0.000004
1450459470628	-0.007963	0.002097	-0.000017
1450459470824	0.012035	0.00206	0.000025
1450459471027	0.002036	0.002083	0.000004
1450459471224	-0.007963	0.002101	-0.000017
1450459471425	0.012035	0.002069	0.000025
1450459471626	0.002036	0.002092	0.000004
1450459471829	-0.007963	0.002111	-0.000017
1450459472032	0.012035	0.002074	0.000025
1450459472229	0.002036	0.002092	0.000004
1450459472432	-0.007963	0.002111	-0.000017
1450459472632	0.012035	0.002078	0.000025
1450459472832	0.002036	0.002101	0.000004
1450459473033	-0.007963	0.002111	-0.000017
1450459473234	0.012035	0.002088	0.000025
1450459473441	0.002036	0.002106	0.000004
1450459473644	-0.007963	0.002111	-0.000017
1450459473837	0.012035	0.002083	0.000025
1450459474038	0.002036	0.002111	0.000004
1450459474244	-0.007963	0.002134	-0.000017
1450459474441	0.012035	0.002097	0.000025
1450459474641	0.002036	0.00212	0.000004
1450459474842	-0.007963	0.002143	-0.000017
1450459475043	0.012035	0.002111	0.000025
1450459475244	0.002036	0.002138	0.000004
1450459475445	-0.007963	0.002166	-0.000017
1450459475647	0.012035	0.002124	0.000026
1450459475847	0.002036	0.002078	0.000004
1450459476048	-0.007963	0.002101	-0.000017
1450459476253	0.012035	0.002101	0.000025
1450459476458	0.002036	0.002078	0.000004
1450459476652	-0.007963	0.002078	-0.000017
1450459476852	0.012035	0.002083	0.000025
1450459477054	0.002036	0.002134	0.000004
1450459477258	-0.007963	0.002152	-0.000017
1450459477463	0.012035	0.002115	0.000025
1450459477657	0.002036	0.002161	0.000004
1450459477857	-0.007963	0.00218	-0.000017
1450459478058	0.012035	0.002148	0.000026
1450459478259	0.002036	0.002148	0.000004
1450459478463	-0.007963	0.001525	-0.000012
1450459478662	0.012035	0.000552	0.000007
1450459478862	0.002036	0.000193	0
1450459479063	-0.007963	0.000077	-0.000001
1450459479264	0.012035	0.000064	0.000001
1450459479470	0.002036	0.000054	0
1450459479667	-0.007963	0.000054	0
1450459479870	0.012035	0.00005	0.000001
1450459480068	0.002036	0.000054	0
1450459480269	-0.007963	0.000054	0
1450459480471	0.012035	0.000054	0.000001
1450459480673	0.002036	0.000054	0
1450459480877	-0.007963	0.000054	0
1450459481073	0.012035	0.000054	0.000001
1450459481275	0.002036	0.000054	0
1450459481475	-0.007963	0.000054	0
1450459481676	0.012035	0.00005	0.000001
1450459481877	0.002036	0.000054	0
1450459482079	-0.007963	0.000054	0
1450459482279	0.012035	0.000054	0.000001
1450459482481	0.002036	0.000054	0
1450459482692	-0.007963	0.000054	0
1450459482882	0.012035	0.000059	0.000001
1450459483090	0.002036	0.000054	0
1450459483284	-0.007963	0.000054	0
1450459483485	0.012035	0.000054	0.000001
1450459483686	0.002036	0.000054	0
1450459483887	-0.007963	0.000054	0
1450459484088	0.012035	0.00005	0.000001
1450459484289	0.002036	0.00005	0
1450459484491	-0.007963	0.00005	0
1450459484692	0.012035	0.00005	0.000001
1450459484892	0.002036	0.00005	0
1450459485093	-0.007963	0.00005	0
1450459485297	0.012035	0.00005	0.000001
1450459485495	0.002036	0.00005	0
1450459485700	-0.007963	0.00005	0
1450459485898	0.012035	0.00005	0.000001
1450459486098	0.002036	0.00005	0
1450459486300	-0.007963	0.00005	0
1450459486500	0.012035	0.00005	0.000001
1450459486701	0.002036	0.00005	0
1450459486902	-0.007963	0.000045	0
1450459487103	0.012035	0.000045	0.000001
1450459487308	0.002036	0.00005	0
1450459487505	-0.007963	0.00005	0
1450459487706	0.012035	0.00005	0.000001
1450459487907	0.002036	0.00005	0
1450459488108	-0.007963	0.00005	0
1450459488309	0.012035	0.000045	0.000001
1450459488512	0.002036	0.000045	0
1450459488712	-0.007963	0.000045	0
1450459488913	0.012035	0.00005	0.000001
1450459489113	0.002036	0.00005	0
1450459489314	-0.007963	0.00005	0
1450459489515	0.012035	0.00005	0.000001
1450459489717	0.002036	0.00005	0
1450459489917	-0.007963	0.00005	0
1450459490118	0.012035	0.00005	0.000001
1450459490320	0.002036	0.00005	0
1450459490524	-0.007963	0.00005	0
1450459490725	0.012035	0.00005	0.000001
1450459490931	0.002036	0.00005	0
1450459491123	-0.007963	0.00005	0
1450459491324	0.012035	0.00005	0.000001
1450459491528	0.002036	0.00005	0
1450459491726	-0.007963	0.000045	0
1450459491928	0.012035	0.000045	0.000001
1450459492128	0.002036	0.00005	0
1450459492336	-0.007963	0.00005	0
1450459492531	0.012035	0.000045	0.000001
1450459492732	0.002036	0.00005	0
1450459492933	-0.007963	0.00005	0
1450459493134	0.012035	0.00005	0.000001
1450459493334	0.002036	0.00005	0
1450459493535	-0.007963	0.000045	0
1450459493737	0.012035	0.00005	0.000001
1450459493937	0.002036	0.00005	0
1450459494138	-0.007963	0.00005	0
1450459494339	0.012035	0.00005	0.000001
1450459494540	0.002036	0.00005	0
1450459494742	-0.007963	0.00005	0
1450459494942	0.012035	0.00005	0.000001
1450459495143	0.002036	0.00005	0
1450459495344	-0.007963	0.000045	0
1450459495546	0.012035	0.000045	0.000001
1450459495754	0.002036	0.00005	0
1450459495948	-0.007963	0.00005	0
1450459496148	0.012035	0.00005	0.000001
1450459496354	0.002036	0.00005	0
1450459496551	-0.007963	0.00005	0
1450459496751	0.012035	0.00005	0.000001
1450459496955	0.002036	0.00005	0
1450459497154	-0.007963	0.00005	0
1450459497354	0.012035	0.00005	0.000001
1450459497555	0.002036	0.00005	0
1450459497756	-0.007963	0.00005	0
1450459497957	0.012035	0.00005	0.000001
1450459498160	0.002036	0.00005	0
1450459498361	-0.007963	0.00005	0
1450459498562	0.012035	0.00005	0.000001
1450459498761	0.002036	0.00005	0
1450459498969	-0.007963	0.00005	0
1450459499163	0.012035	0.000045	0.000001
1450459499365	0.002036	0.00005	0
1450459499565	-0.007963	0.00005	0
1450459499770	0.012035	0.000045	0.000001
1450459499972	0.002036	0.00005	0
1450459500169	-0.007963	0.00005	0
1450459500369	0.012035	0.00005	0.000001
1450459500570	0.002036	0.00005	0
1450459500771	-0.007963	0.000045	0
1450459500974	0.012035	0.000045	0.000001
1450459501174	0.002036	0.000045	0
1450459501374	-0.007963	0.00005	0
1450459501575	0.012035	0.00005	0.000001
1450459501776	0.002036	0.000045	0
1450459501977	-0.007963	0.00005	0
1450459502179	0.012035	0.000045	0.000001
1450459502379	0.002036	0.000045	0
1450459502580	-0.007963	0.000045	0
1450459502781	0.012035	0.00005	0.000001
1450459502983	0.002036	0.000045	0
1450459503184	-0.007963	0.00005	0
1450459503385	0.012035	0.00005	0.000001
1450459503586	0.002036	0.000045	0
1450459503787	-0.007963	0.00005	0
1450459503988	0.012035	0.00005	0.000001
1450459504189	0.002036	0.00005	0
1450459504390	-0.007963	0.00005	0
1450459504591	0.012035	0.00005	0.000001
1450459504792	0.002036	0.00005	0
1450459504993	-0.007963	0.00005	0
1450459505194	0.012035	0.00005	0.000001
1450459505395	0.002036	0.000045	0
1450459505596	-0.007963	0.00005	0
1450459505799	0.012035	0.00005	0.000001
1450459505998	0.002036	0.000045	0
1450459506198	-0.007963	0.00005	0
1450459506400	0.012035	0.00005	0.000001
1450459506601	0.002036	0.00005	0
1450459506803	-0.007963	0.00005	0
1450459507003	0.012035	0.00005	0.000001
1450459507204	0.002036	0.000045	0
1450459507405	-0.007963	0.00005	0
1450459507607	0.012035	0.00005	0.000001
1450459507807	0.002036	0.00005	0
1450459508008	-0.007963	0.00005	0
1450459508209	0.012035	0.000045	0.000001
1450459508410	0.002036	0.00005	0
1450459508611	-0.007963	0.00005	0
1450459508812	0.012035	0.00005	0.000001
1450459509013	0.002036	0.00005	0
1450459509214	-0.007963	0.00005	0
1450459509415	0.012035	0.00005	0.000001
1450459509616	0.002036	0.00005	0
1450459509817	-0.007963	0.00005	0
1450459510018	0.012035	0.000045	0.000001
1450459510219	0.002036	0.00005	0
1450459510420	-0.007963	0.00005	0
1450459510621	0.012035	0.00005	0.000001
1450459510822	0.002036	0.00005	0
1450459511023	-0.007963	0.00005	0
1450459511224	0.012035	0.000045	0.000001
1450459511425	0.002036	0.000045	0
1450459511626	-0.007963	0.000045	0
1450459511828	0.012035	0.00005	0.000001
1450459512028	0.002036	0.00005	0
1450459512229	-0.007963	0.00005	0
1450459512430	0.012035	0.000054	0.000001
1450459512631	0.002036	0.000054	0
1450459512832	-0.007963	0.000054	0
1450459513034	0.012035	0.000059	0.000001
1450459513234	0.002036	0.000054	0
1450459513435	-0.007963	0.000054	0
1450459513636	0.012035	0.000054	0.000001
1450459513837	0.002036	0.000054	0
1450459514038	-0.007963	0.000059	0
1450459514239	0.012035	0.000054	0.000001
1450459514440	0.002036	0.000054	0
1450459514646	-0.007963	0.00005	0
1450459514842	0.012035	0.00005	0.000001
1450459515043	0.002036	0.00005	0
1450459515244	-0.007963	0.00005	0
1450459515445	0.012035	0.00005	0.000001
1450459515646	0.002036	0.000054	0
1450459515847	-0.007963	0.000054	0
1450459516048	0.012035	0.000054	0.000001
1450459516249	0.002036	0.000054	0
1450459516450	-0.007963	0.000054	0
1450459516651	0.012035	0.000054	0.000001
1450459516852	0.002036	0.000054	0
1450459517053	-0.007963	0.000059	0
1450459517254	0.012035	0.000054	0.000001
1450459517461	0.002036	0.000059	0
1450459517656	-0.007963	0.000054	0
1450459517857	0.012035	0.000054	0.000001
1450459518058	0.002036	0.000054	0
1450459518259	-0.007963	0.000054	0
1450459518460	0.012035	0.000054	0.000001
1450459518662	0.002036	0.000054	0
1450459518862	-0.007963	0.000054	0
1450459519063	0.012035	0.000054	0.000001
1450459519264	0.002036	0.000054	0
1450459519465	-0.007963	0.000059	0
1450459519666	0.012035	0.000054	0.000001
1450459519867	0.002036	0.000054	0
1450459520068	-0.007963	0.000054	0
1450459520269	0.012035	0.000054	0.000001
1450459520471	0.002036	0.000059	0
1450459520671	-0.007963	0.000059	0
1450459520872	0.012035	0.000059	0.000001
1450459521073	0.002036	0.000054	0
1450459521274	-0.007963	0.000054	0
1450459521475	0.012035	0.000054	0.000001
1450459521676	0.002036	0.000054	0
1450459521877	-0.007963	0.000054	0
1450459522078	0.012035	0.000054	0.000001
1450459522279	0.002036	0.000054	0
1450459522480	-0.007963	0.000054	0
1450459522681	0.012035	0.000054	0.000001
1450459522882	0.002036	0.000054	0
1450459523083	-0.007963	0.000054	0
1450459523284	0.012035	0.000054	0.000001
1450459523485	0.002036	0.000054	0
1450459523687	-0.007963	0.000054	0
1450459523887	0.012035	0.000054	0.000001
1450459524088	0.002036	0.000054	0
1450459524289	-0.007963	0.000059	0
1450459524490	0.012035	0.000054	0.000001
1450459524691	0.002036	0.000054	0
1450459524892	-0.007963	0.000059	0
1450459525093	0.012035	0.000054	0.000001
1450459525294	0.002036	0.000054	0
1450459525495	-0.007963	0.000054	0
1450459525696	0.012035	0.000054	0.000001
1450459525898	0.002036	0.000054	0
1450459526098	-0.007963	0.000054	0
1450459526299	0.012035	0.000054	0.000001
1450459526500	0.002036	0.00005	0
1450459526701	-0.007963	0.00005	0
1450459526911	0.012035	0.00005	0.000001
1450459527103	0.002036	0.00005	0
1450459527304	-0.007963	0.000045	0
1450459527505	0.012035	0.00005	0.000001
1450459527706	0.002036	0.00005	0
1450459527913	-0.007963	0.00005	0
1450459528109	0.012035	0.00005	0.000001
1450459528309	0.002036	0.00005	0
1450459528510	-0.007963	0.00005	0
1450459528712	0.012035	0.00005	0.000001
1450459528912	0.002036	0.00005	0
1450459529120	-0.007963	0.00005	0
1450459529314	0.012035	0.00005	0.000001
1450459529515	0.002036	0.00005	0
1450459529716	-0.007963	0.00005	0
1450459529918	0.012035	0.00005	0.000001
1450459530118	0.002036	0.00005	0
1450459530319	-0.007963	0.000054	0
1450459530521	0.012035	0.000054	0.000001
1450459530721	0.002036	0.000054	0
1450459530922	-0.007963	0.000054	0
1450459531123	0.012035	0.000054	0.000001
1450459531324	0.002036	0.000059	0
1450459531525	-0.007963	0.000059	0
1450459531726	0.012035	0.000054	0.000001
1450459531927	0.002036	0.000054	0
1450459532128	-0.007963	0.000054	0
1450459532329	0.012035	0.000054	0.000001
1450459532530	0.002036	0.000054	0
1450459532731	-0.007963	0.000054	0
1450459532932	0.012035	0.000054	0.000001
1450459533133	0.002036	0.000054	0
1450459533335	-0.007963	0.000054	0
1450459533535	0.012035	0.000054	0.000001
1450459533736	0.002036	0.000054	0
1450459533937	-0.007963	0.000054	0
1450459534138	0.012035	0.000054	0.000001
1450459534339	0.002036	0.000054	0
1450459534540	-0.007963	0.000054	0
1450459534741	0.012035	0.000054	0.000001
1450459534942	0.002036	0.000054	0
1450459535143	-0.007963	0.000054	0
1450459535345	0.012035	0.000054	0.000001
1450459535545	0.002036	0.000054	0
1450459535746	-0.007963	0.000054	0
1450459535947	0.012035	0.000054	0.000001
1450459536148	0.002036	0.000059	0
1450459536349	-0.007963	0.000054	0
1450459536550	0.012035	0.000054	0.000001
1450459536751	0.002036	0.000059	0
1450459536952	-0.007963	0.000054	0
1450459537153	0.012035	0.000054	0.000001
1450459537354	0.002036	0.000054	0
1450459537555	-0.007963	0.000054	0
1450459537756	0.012035	0.000054	0.000001
1450459537957	0.002036	0.000054	0
1450459538158	-0.007963	0.000054	0
1450459538359	0.012035	0.000054	0.000001
1450459538560	0.002036	0.000054	0
1450459538761	-0.007963	0.000054	0
1450459538962	0.012035	0.000054	0.000001
1450459539163	0.002036	0.000054	0
1450459539364	-0.007963	0.000059	0
1450459539565	0.012035	0.000059	0.000001
1450459539766	0.002036	0.000054	0
1450459539967	-0.007963	0.000054	0
1450459540168	0.012035	0.000059	0.000001
1450459540369	0.002036	0.000054	0
1450459540570	-0.007963	0.000054	0
1450459540771	0.012035	0.000054	0.000001
1450459540973	0.002036	0.000054	0
1450459541173	-0.007963	0.000054	0
1450459541374	0.012035	0.000059	0.000001
1450459541575	0.002036	0.000054	0
1450459541776	-0.007963	0.000054	0
1450459541977	0.012035	0.000054	0.000001
1450459542178	0.002036	0.000054	0
1450459542379	-0.007963	0.000054	0
1450459542580	0.012035	0.000054	0.000001
1450459542781	0.002036	0.000054	0
1450459542982	-0.007963	0.000059	0
1450459543184	0.012035	0.000054	0.000001
1450459543384	0.002036	0.000054	0
1450459543585	-0.007963	0.000054	0
1450459543786	0.012035	0.000054	0.000001
1450459543987	0.002036	0.000054	0
1450459544188	-0.007963	0.000054	0
1450459544389	0.012035	0.000059	0.000001
1450459544590	0.002036	0.000059	0
1450459544792	-0.007963	0.000054	0
1450459544992	0.012035	0.000054	0.000001
1450459545195	0.002036	0.000059	0
1450459545402	-0.007963	0.000054	0
1450459545596	0.012035	0.000059	0.000001
1450459545797	0.002036	0.000059	0
1450459545997	-0.007963	0.000059	0
1450459546198	0.012035	0.000054	0.000001
1450459546399	0.002036	0.000054	0
1450459546600	-0.007963	0.000059	0
1450459546801	0.012035	0.000054	0.000001
1450459547002	0.002036	0.000059	0
1450459547204	-0.007963	0.000059	0
1450459547404	0.012035	0.000054	0.000001
1450459547605	0.002036	0.000059	0
1450459547806	-0.007963	0.000054	0
1450459548007	0.012035	0.000059	0.000001
1450459548210	0.002036	0.000059	0
1450459548409	-0.007963	0.000059	0
1450459548610	0.012035	0.000054	0.000001
1450459548813	0.002036	0.000054	0
1450459549017	-0.007963	0.000054	0
1450459549213	0.012035	0.000054	0.000001
1450459549414	0.002036	0.000059	0
1450459549615	-0.007963	0.000054	0
1450459549819	0.012035	0.000054	0.000001
1450459550017	0.002036	0.000054	0
1450459550218	-0.007963	0.000054	0
1450459550419	0.012035	0.000054	0.000001
1450459550620	0.002036	0.000059	0
1450459550821	-0.007963	0.000059	0
1450459551023	0.012035	0.000054	0.000001
1450459551223	0.002036	0.000054	0
1450459551424	-0.007963	0.000054	0
1450459551625	0.012035	0.000059	0.000001
1450459551826	0.002036	0.000059	0
1450459552027	-0.007963	0.000059	0
1450459552228	0.012035	0.000054	0.000001
1450459552429	0.002036	0.000054	0
1450459552633	-0.007963	0.000054	0
1450459552831	0.012035	0.000054	0.000001
1450459553032	0.002036	0.000054	0
1450459553233	-0.007963	0.000059	0
1450459553434	0.012035	0.000054	0.000001
1450459553635	0.002036	0.000054	0
1450459553836	-0.007963	0.000059	0
1450459554037	0.012035	0.000054	0.000001
1450459554238	0.002036	0.000059	0
1450459554439	-0.007963	0.000059	0
1450459554642	0.012035	0.000059	0.000001
1450459554841	0.002036	0.000054	0
1450459555042	-0.007963	0.000059	0
1450459555243	0.012035	0.000054	0.000001
1450459555444	0.002036	0.000059	0
1450459555646	-0.007963	0.000054	0
1450459555846	0.012035	0.000054	0.000001
1450459556047	0.002036	0.000054	0
1450459556248	-0.007963	0.000054	0
1450459556450	0.012035	0.000054	0.000001
1450459556651	0.002036	0.000054	0
1450459556851	-0.007963	0.000054	0
1450459557052	0.012035	0.000054	0.000001
1450459557253	0.002036	0.000054	0
1450459557455	-0.007963	0.000059	0
1450459557657	0.012035	0.000059	0.000001
1450459557857	0.002036	0.000059	0
1450459558057	-0.007963	0.000059	0
1450459558259	0.012035	0.000054	0.000001
1450459558460	0.002036	0.000054	0
1450459558661	-0.007963	0.000059	0
1450459558862	0.012035	0.000054	0.000001
1450459559062	0.002036	0.000054	0
1450459559263	-0.007963	0.000054	0
1450459559464	0.012035	0.000054	0.000001
1450459559665	0.002036	0.000059	0
1450459559868	-0.007963	0.000059	0
1450459560067	0.012035	0.000059	0.000001
1450459560268	0.002036	0.000059	0
1450459560470	-0.007963	0.000059	0
1450459560670	0.012035	0.000054	0.000001
1450459560873	0.002036	0.000054	0
1450459561072	-0.007963	0.000059	0
1450459561274	0.012035	0.000059	0.000001
1450459561474	0.002036	0.000054	0
1450459561675	-0.007963	0.000054	0
1450459561876	0.012035	0.000059	0.000001
1450459562077	0.002036	0.000059	0
1450459562279	-0.007963	0.000054	0
1450459562479	0.012035	0.000059	0.000001
1450459562680	0.002036	0.000054	0
1450459562881	-0.007963	0.000059	0
1450459563082	0.012035	0.000059	0.000001
1450459563283	0.002036	0.000054	0
1450459563485	-0.007963	0.000054	0
1450459563686	0.012035	0.000054	0.000001
1450459563887	0.002036	0.000054	0
1450459564087	-0.007963	0.000059	0
1450459564289	0.012035	0.000054	0.000001
1450459564490	0.002036	0.000054	0
1450459564691	-0.007963	0.000054	0
1450459564893	0.012035	0.000054	0.000001
1450459565093	0.002036	0.000054	0
1450459565294	-0.007963	0.000054	0
1450459565495	0.012035	0.000054	0.000001
1450459565696	0.002036	0.000054	0
1450459565897	-0.007963	0.000054	0
1450459566098	0.012035	0.000054	0.000001
1450459566299	0.002036	0.000054	0
1450459566500	-0.007963	0.000054	0
1450459566701	0.012035	0.000054	0.000001
1450459566904	0.002036	0.000054	0
1450459567103	-0.007963	0.000059	0
1450459567304	0.012035	0.000054	0.000001
1450459567505	0.002036	0.000059	0
1450459567706	-0.007963	0.000059	0
1450459567907	0.012035	0.000054	0.000001
1450459568108	0.002036	0.000054	0
1450459568309	-0.007963	0.000059	0
1450459568511	0.012035	0.000054	0.000001
1450459568711	0.002036	0.000054	0
1450459568912	-0.007963	0.000054	0
1450459569112	0.012035	0.000054	0.000001
1450459569314	0.002036	0.000054	0
1450459569515	-0.007963	0.000059	0
1450459569716	0.012035	0.000054	0.000001
1450459569917	0.002036	0.000054	0
1450459570118	-0.007963	0.000059	0
1450459570319	0.012035	0.000059	0.000001
1450459570520	0.002036	0.000054	0
1450459570721	-0.007963	0.000054	0
1450459570922	0.012035	0.000059	0.000001
1450459571123	0.002036	0.000054	0
1450459571324	-0.007963	0.000059	0
1450459571525	0.012035	0.000059	0.000001
1450459571726	0.002036	0.000054	0
1450459571927	-0.007963	0.000059	0
1450459572128	0.012035	0.000054	0.000001
1450459572329	0.002036	0.000054	0
1450459572531	-0.007963	0.000059	0
1450459572731	0.012035	0.000054	0.000001
1450459572932	0.002036	0.000054	0
1450459573133	-0.007963	0.000054	0
1450459573334	0.012035	0.000054	0.000001
1450459573535	0.002036	0.000059	0
1450459573736	-0.007963	0.000054	0
1450459573937	0.012035	0.000054	0.000001
1450459574138	0.002036	0.000054	0
1450459574339	-0.007963	0.000059	0
1450459574540	0.012035	0.000059	0.000001
1450459574741	0.002036	0.000059	0
1450459574944	-0.007963	0.000059	0
1450459575143	0.012035	0.000059	0.000001
1450459575344	0.002036	0.000059	0
1450459575545	-0.007963	0.000054	0
1450459575746	0.012035	0.000054	0.000001
1450459575952	0.002036	0.000054	0
1450459576148	-0.007963	0.000054	0
1450459576349	0.012035	0.000054	0.000001
1450459576550	0.002036	0.000054	0
1450459576751	-0.007963	0.000054	0
1450459576952	0.012035	0.000054	0.000001
1450459577155	0.002036	0.000054	0
1450459577354	-0.007963	0.000054	0
1450459577555	0.012035	0.000059	0.000001
1450459577757	0.002036	0.000059	0
1450459577957	-0.007963	0.000059	0
1450459578158	0.012035	0.000054	0.000001
1450459578359	0.002036	0.000054	0
1450459578560	-0.007963	0.000054	0
1450459578761	0.012035	0.000059	0.000001
1450459578962	0.002036	0.000054	0
1450459579163	-0.007963	0.000054	0
1450459579364	0.012035	0.000054	0.000001
1450459579567	0.002036	0.000054	0
1450459579766	-0.007963	0.000054	0
1450459579967	0.012035	0.000054	0.000001
1450459580168	0.002036	0.000054	0
1450459580369	-0.007963	0.000059	0
1450459580570	0.012035	0.000054	0.000001
1450459580771	0.002036	0.000054	0
1450459580972	-0.007963	0.00005	0
1450459581178	0.012035	0.000054	0.000001
1450459581374	0.002036	0.000054	0
1450459581575	-0.007963	0.000059	0
1450459581776	0.012035	0.000054	0.000001
1450459581977	0.002036	0.000054	0
1450459582178	-0.007963	0.000054	0
1450459582382	0.012035	0.00005	0.000001
1450459582580	0.002036	0.00005	0
1450459582781	-0.007963	0.00005	0
1450459582982	0.012035	0.00005	0.000001
1450459583183	0.002036	0.00005	0
1450459583384	-0.007963	0.00005	0
1450459583587	0.012035	0.000045	0.000001
1450459583786	0.002036	0.00005	0
1450459583987	-0.007963	0.00005	0
1450459584188	0.012035	0.000045	0.000001
1450459584389	0.002036	0.000045	0
1450459584590	-0.007963	0.000045	0
1450459584791	0.012035	0.000045	0.000001
1450459584992	0.002036	0.000045	0
1450459585193	-0.007963	0.00005	0
1450459585394	0.012035	0.00005	0.000001
1450459585595	0.002036	0.00005	0
1450459585797	-0.007963	0.00005	0
1450459585997	0.012035	0.00005	0.000001
1450459586198	0.002036	0.00005	0
1450459586399	-0.007963	0.000045	0
1450459586600	0.012035	0.00005	0.000001
1450459586801	0.002036	0.000045	0
1450459587002	-0.007963	0.00005	0
1450459587204	0.012035	0.00005	0.000001
1450459587404	0.002036	0.00005	0
1450459587606	-0.007963	0.000045	0
1450459587808	0.012035	0.00005	0.000001
1450459588007	0.002036	0.000045	0
1450459588208	-0.007963	0.00005	0
1450459588409	0.012035	0.00005	0.000001
1450459588610	0.002036	0.000054	0
1450459588817	-0.007963	0.000054	0
1450459589213	0.002036	0.000054	0
1450459589414	-0.007963	0.000054	0
1450459589615	0.012035	0.00005	0.000001
1450459589816	0.002036	0.00005	0
1450459590017	-0.007963	0.000054	0
1450459590218	0.012035	0.00005	0.000001
1450459590419	0.002036	0.00005	0
1450459590620	-0.007963	0.00005	0
1450459590821	0.012035	0.00005	0.000001
1450459591022	0.002036	0.000045	0
1450459591223	-0.007963	0.00005	0
1450459591424	0.012035	0.00005	0.000001
1450459591625	0.002036	0.000045	0
1450459591826	-0.007963	0.00005	0
1450459592027	0.012035	0.000045	0.000001
1450459592228	0.002036	0.000045	0
1450459592431	-0.007963	0.00005	0
1450459592630	0.012035	0.00005	0.000001
1450459592831	0.002036	0.000045	0
1450459593032	-0.007963	0.00005	0
1450459593233	0.012035	0.00005	0.000001
1450459593434	0.002036	0.000045	0
1450459593635	-0.007963	0.00005	0
1450459593836	0.012035	0.000045	0.000001
1450459594037	0.002036	0.00005	0
1450459594238	-0.007963	0.00005	0
1450459594439	0.012035	0.00005	0.000001
1450459594640	0.002036	0.00005	0
1450459594841	-0.007963	0.00005	0
1450459595042	0.012035	0.00005	0.000001
1450459595244	0.002036	0.000045	0
1450459595444	-0.007963	0.000045	0
1450459595645	0.012035	0.000045	0.000001
1450459595846	0.002036	0.00005	0
1450459596047	-0.007963	0.00005	0
1450459596248	0.012035	0.000045	0.000001
1450459596449	0.002036	0.00005	0
1450459596650	-0.007963	0.00005	0
1450459596851	0.012035	0.00005	0.000001
1450459597052	0.002036	0.00005	0
1450459597253	-0.007963	0.00005	0
1450459597455	0.012035	0.00005	0.000001
1450459597655	0.002036	0.00005	0
1450459597856	-0.007963	0.00005	0
1450459598057	0.012035	0.00005	0.000001
1450459598258	0.002036	0.00005	0
1450459598459	-0.007963	0.00005	0
1450459598660	0.012035	0.00005	0.000001
1450459598861	0.002036	0.000045	0
1450459599063	-0.007963	0.000045	0
1450459599263	0.012035	0.00005	0.000001
1450459599464	0.002036	0.000045	0
1450459599666	-0.007963	0.00005	0
1450459599866	0.012035	0.000045	0.000001
1450459600071	0.002036	0.00005	0
1450459600268	-0.007963	0.00005	0
1450459600469	0.012035	0.00005	0.000001
1450459600670	0.002036	0.00005	0
1450459600872	-0.007963	0.00005	0
1450459601072	0.012035	0.00005	0.000001
1450459601273	0.002036	0.00005	0
1450459601474	-0.007963	0.000045	0
1450459601675	0.012035	0.00005	0.000001
1450459601877	0.002036	0.000045	0
1450459602080	-0.007963	0.00005	0
1450459602278	0.012035	0.000045	0.000001
1450459602479	0.002036	0.000045	0
1450459602680	-0.007963	0.00005	0
1450459602881	0.012035	0.000045	0.000001
1450459603082	0.002036	0.00005	0
1450459603283	-0.007963	0.00005	0
1450459603484	0.012035	0.00005	0.000001
1450459603685	0.002036	0.00005	0
1450459603886	-0.007963	0.00005	0
1450459604087	0.012035	0.000045	0.000001
1450459604289	0.002036	0.00005	0
1450459604489	-0.007963	0.00005	0
1450459604690	0.012035	0.00005	0.000001
1450459604891	0.002036	0.00005	0
1450459605092	-0.007963	0.00005	0
1450459605293	0.012035	0.00005	0.000001
1450459605494	0.002036	0.00005	0
1450459605695	-0.007963	0.00005	0
1450459605896	0.012035	0.00005	0.000001
1450459606097	0.002036	0.00005	0
1450459606299	-0.007963	0.000045	0
1450459606499	0.012035	0.00005	0.000001
1450459606700	0.002036	0.000045	0
1450459606901	-0.007963	0.000045	0
1450459607102	0.012035	0.00005	0.000001
1450459607303	0.002036	0.00005	0
1450459607504	-0.007963	0.00005	0
1450459607705	0.012035	0.00005	0.000001
1450459607906	0.002036	0.00005	0
1450459608111	-0.007963	0.00005	0
1450459608308	0.012035	0.00005	0.000001
1450459608509	0.002036	0.00005	0
1450459608710	-0.007963	0.00005	0
1450459608911	0.012035	0.00005	0.000001
1450459609112	0.002036	0.00005	0
1450459609313	-0.007963	0.00005	0
1450459609514	0.012035	0.000045	0.000001
1450459609720	0.002036	0.000045	0
1450459609916	-0.007963	0.00005	0
1450459610117	0.012035	0.00005	0.000001
1450459610319	0.002036	0.00005	0
1450459610519	-0.007963	0.00005	0
1450459610721	0.012035	0.000045	0.000001
1450459610922	0.002036	0.00005	0
1450459611122	-0.007963	0.00005	0
1450459611324	0.012035	0.00005	0.000001
1450459611524	0.002036	0.000045	0
1450459611731	-0.007963	0.00005	0
1450459611927	0.012035	0.00005	0.000001
1450459612127	0.002036	0.000045	0
1450459612328	-0.007963	0.00005	0
1450459612529	0.012035	0.00005	0.000001
1450459612730	0.002036	0.00005	0
1450459612931	-0.007963	0.00005	0
1450459613132	0.012035	0.00005	0.000001
1450459613333	0.002036	0.00005	0
1450459613535	-0.007963	0.000045	0
1450459613735	0.012035	0.00005	0.000001
1450459613936	0.002036	0.000045	0
1450459614137	-0.007963	0.00005	0
1450459614338	0.012035	0.000045	0.000001
1450459614539	0.002036	0.000045	0
1450459614744	-0.007963	0.00005	0
1450459614941	0.012035	0.00005	0.000001
1450459615146	0.002036	0.00005	0
1450459615343	-0.007963	0.000045	0
1450459615544	0.012035	0.000045	0.000001
1450459615745	0.002036	0.00005	0
1450459615946	-0.007963	0.00005	0
1450459616149	0.012035	0.00005	0.000001
1450459616348	0.002036	0.00005	0
1450459616553	-0.007963	0.00005	0
1450459616751	0.012035	0.00005	0.000001
1450459616951	0.002036	0.000045	0
1450459617152	-0.007963	0.00005	0
1450459617358	0.012035	0.00005	0.000001
1450459617563	0.002036	0.00005	0
1450459617755	-0.007963	0.00005	0
1450459617956	0.012035	0.00005	0.000001
1450459618157	0.002036	0.00005	0
1450459618358	-0.007963	0.00005	0
1450459618560	0.012035	0.000045	0.000001
1450459618760	0.002036	0.00005	0
1450459618961	-0.007963	0.00005	0
1450459619162	0.012035	0.00005	0.000001
1450459619363	0.002036	0.00005	0
1450459619568	-0.007963	0.00005	0
1450459619765	0.012035	0.000045	0.000001
1450459619966	0.002036	0.000045	0
1450459620167	-0.007963	0.00005	0
1450459620371	0.012035	0.000045	0.000001
1450459620569	0.002036	0.000045	0
1450459620770	-0.007963	0.000045	0
1450459620971	0.012035	0.000045	0.000001
1450459621172	0.002036	0.000045	0
1450459621373	-0.007963	0.00005	0
1450459621575	0.012035	0.000045	0.000001
1450459621775	0.002036	0.00005	0
1450459621976	-0.007963	0.00005	0
1450459622177	0.012035	0.00005	0.000001
1450459622379	0.002036	0.00005	0
1450459622579	-0.007963	0.00005	0
1450459622780	0.012035	0.000045	0.000001
1450459622981	0.002036	0.00005	0
1450459623182	-0.007963	0.000045	0
1450459623383	0.012035	0.00005	0.000001
1450459623585	0.002036	0.00005	0
1450459623786	-0.007963	0.00005	0
1450459623986	0.012035	0.000045	0.000001
1450459624187	0.002036	0.00005	0
1450459624388	-0.007963	0.00005	0
1450459624589	0.012035	0.00005	0.000001
1450459624798	0.002036	0.000045	0
1450459624991	-0.007963	0.00005	0
1450459625192	0.012035	0.000045	0.000001
1450459625394	0.002036	0.000045	0
1450459625595	-0.007963	0.00005	0
1450459625813	0.012035	0.000045	0.000001
1450459625997	0.002036	0.00005	0
1450459626197	-0.007963	0.00005	0
1450459626398	0.012035	0.00005	0.000001
1450459626600	0.002036	0.00005	0
1450459626800	-0.007963	0.000045	0
1450459627002	0.012035	0.00005	0.000001
1450459627203	0.002036	0.00005	0
1450459627404	-0.007963	0.000045	0
1450459627610	0.012035	0.00005	0.000001
1450459627806	0.002036	0.00005	0
1450459628007	-0.007963	0.00005	0
1450459628208	0.012035	0.00005	0.000001
1450459628409	0.002036	0.00005	0
1450459628610	-0.007963	0.00005	0
1450459628815	0.012035	0.00005	0.000001
1450459629012	0.002036	0.00005	0
1450459629214	-0.007963	0.00005	0
1450459629414	0.012035	0.00005	0.000001
1450459629615	0.002036	0.00005	0
1450459629817	-0.007963	0.00005	0
1450459630017	0.012035	0.00005	0.000001
1450459630218	0.002036	0.000045	0
1450459630419	-0.007963	0.00005	0
1450459630620	0.012035	0.00005	0.000001
1450459630821	0.002036	0.00005	0
1450459631022	-0.007963	0.00005	0
1450459631223	0.012035	0.00005	0.000001
1450459631424	0.002036	0.00005	0
1450459631625	-0.007963	0.00005	0
1450459631826	0.012035	0.00005	0.000001
1450459632027	0.002036	0.00005	0
1450459632228	-0.007963	0.00005	0
1450459632429	0.012035	0.000045	0.000001
1450459632630	0.002036	0.00005	0
1450459632831	-0.007963	0.00005	0
1450459633032	0.012035	0.000045	0.000001
1450459633233	0.002036	0.00005	0
1450459633434	-0.007963	0.000045	0
1450459633635	0.012035	0.000045	0.000001
1450459633836	0.002036	0.000045	0
1450459634037	-0.007963	0.000045	0
1450459634238	0.012035	0.00005	0.000001
1450459634439	0.002036	0.000045	0
1450459634641	-0.007963	0.00005	0
1450459634841	0.012035	0.000045	0.000001
1450459635042	0.002036	0.00005	0
1450459635243	-0.007963	0.00005	0
1450459635444	0.012035	0.000045	0.000001
1450459635645	0.002036	0.00005	0
1450459635846	-0.007963	0.00005	0
1450459636047	0.012035	0.00005	0.000001
1450459636248	0.002036	0.000045	0
1450459636449	-0.007963	0.00005	0
1450459636652	0.012035	0.00005	0.000001
1450459636851	0.002036	0.00005	0
1450459637052	-0.007963	0.00005	0
1450459637253	0.012035	0.00005	0.000001
1450459637454	0.002036	0.00005	0
1450459637655	-0.007963	0.00005	0
1450459637871	0.012035	0.000045	0.000001
1450459638063	0.002036	0.00005	0
1450459638258	-0.007963	0.00005	0
1450459638461	0.012035	0.000045	0.000001
1450459638660	0.002036	0.00005	0
1450459638861	-0.007963	0.00005	0
1450459639062	0.012035	0.000045	0.000001
1450459639263	0.002036	0.00005	0
1450459639464	-0.007963	0.00005	0
1450459639665	0.012035	0.00005	0.000001
1450459639866	0.002036	0.000045	0
1450459640067	-0.007963	0.000045	0
1450459640268	0.012035	0.000045	0.000001
1450459640469	0.002036	0.00005	0
1450459640670	-0.007963	0.00005	0
1450459640872	0.012035	0.00005	0.000001
1450459641072	0.002036	0.000045	0
1450459641273	-0.007963	0.000045	0
1450459641474	0.012035	0.000045	0.000001
1450459641675	0.002036	0.00005	0
1450459641876	-0.007963	0.00005	0
1450459642077	0.012035	0.00005	0.000001
1450459642278	0.002036	0.00005	0
1450459642479	-0.007963	0.00005	0
1450459642680	0.012035	0.00005	0.000001
1450459642881	0.002036	0.00005	0
1450459643082	-0.007963	0.00005	0
1450459643283	0.012035	0.00005	0.000001
1450459643484	0.002036	0.000045	0
1450459643686	-0.007963	0.00005	0
1450459643886	0.012035	0.00005	0.000001
1450459644087	0.002036	0.000045	0
1450459644288	-0.007963	0.000045	0
1450459644489	0.012035	0.000045	0.000001
1450459644690	0.002036	0.000045	0
1450459644891	-0.007963	0.00005	0
1450459645092	0.012035	0.000045	0.000001
1450459645293	0.002036	0.000045	0
1450459645494	-0.007963	0.00005	0
1450459645695	0.012035	0.000045	0.000001
1450459645897	0.002036	0.00005	0
1450459646097	-0.007963	0.00005	0
1450459646302	0.012035	0.000045	0.000001
1450459646499	0.002036	0.00005	0
1450459646700	-0.007963	0.00005	0
1450459646901	0.012035	0.00005	0.000001
1450459647102	0.002036	0.000045	0